0.001 , 159.56 , 159.6 , -0.04000854
0.003 , 159.56 , 159.59 , -0.02999878
0.005 , 159.56 , 159.59 , -0.02999878
0.008000001 , 159.53 , 159.58 , -0.05000305
0.01 , 159.53 , 159.57 , -0.04000854
0.012 , 159.49 , 159.56 , -0.06999207
0.014 , 159.53 , 159.56 , -0.02999878
0.016 , 159.53 , 159.55 , -0.02000427
0.018 , 159.46 , 159.55 , -0.08999634
0.02 , 159.46 , 159.54 , -0.07998657
0.022 , 159.49 , 159.53 , -0.03999329
0.024 , 159.44 , 159.53 , -0.08999634
0.026 , 159.44 , 159.52 , -0.08000183
0.028 , 159.44 , 159.52 , -0.08000183
0.03 , 159.46 , 159.51 , -0.04998779
0.032 , 159.44 , 159.5 , -0.05999756
0.034 , 159.44 , 159.5 , -0.05999756
0.036 , 159.44 , 159.49 , -0.05000305
0.038 , 159.4 , 159.49 , -0.0900116
0.04 , 159.4 , 159.48 , -0.08000183
0.042 , 159.37 , 159.47 , -0.1000061
0.044 , 159.37 , 159.47 , -0.1000061
0.046 , 159.37 , 159.46 , -0.0900116
0.048 , 159.33 , 159.46 , -0.1300049
0.05 , 159.33 , 159.45 , -0.1199951
0.052 , 159.33 , 159.44 , -0.1100006
0.054 , 159.3 , 159.44 , -0.1399994
0.056 , 159.3 , 159.43 , -0.1299896
0.058 , 159.28 , 159.43 , -0.1499939
0.06 , 159.3 , 159.42 , -0.1199951
0.062 , 159.3 , 159.41 , -0.1100006
0.06400001 , 159.28 , 159.41 , -0.1300049
0.06599999 , 159.28 , 159.4 , -0.1199951
0.06800001 , 159.28 , 159.4 , -0.1199951
0.07 , 159.28 , 159.39 , -0.1100006
0.072 , 159.3 , 159.38 , -0.08000183
0.074 , 159.28 , 159.38 , -0.1000061
0.075 , 159.28 , 159.38 , -0.1000061
0.077 , 159.24 , 159.37 , -0.1299896
0.079 , 159.28 , 159.36 , -0.08000183
0.081 , 159.24 , 159.36 , -0.1199951
0.083 , 159.21 , 159.35 , -0.1399994
0.085 , 159.21 , 159.35 , -0.1399994
0.087 , 159.21 , 159.34 , -0.1299896
0.089 , 159.17 , 159.33 , -0.1600037
0.09099999 , 159.21 , 159.33 , -0.1199951
0.093 , 159.24 , 159.32 , -0.08000183
0.095 , 159.21 , 159.32 , -0.1100006
0.09700001 , 159.17 , 159.31 , -0.1399994
0.099 , 159.17 , 159.3 , -0.1300049
0.101 , 159.17 , 159.3 , -0.1300049
0.102 , 159.21 , 159.3 , -0.08999634
0.104 , 159.17 , 159.29 , -0.1199951
0.106 , 159.21 , 159.28 , -0.06999207
0.108 , 159.21 , 159.28 , -0.06999207
0.11 , 159.17 , 159.27 , -0.1000061
0.112 , 159.17 , 159.27 , -0.1000061
0.114 , 159.17 , 159.26 , -0.08999634
0.116 , 159.14 , 159.25 , -0.1100006
0.118 , 159.14 , 159.25 , -0.1100006
0.119 , 159.14 , 159.24 , -0.1000061
0.121 , 159.14 , 159.24 , -0.1000061
0.123 , 159.14 , 159.23 , -0.08999634
0.125 , 159.17 , 159.23 , -0.05999756
0.127 , 159.12 , 159.22 , -0.1000061
0.129 , 159.14 , 159.21 , -0.07000732
0.131 , 159.08 , 159.21 , -0.1300049
0.132 , 159.14 , 159.21 , -0.07000732
0.134 , 159.12 , 159.2 , -0.08000183
0.136 , 159.12 , 159.19 , -0.07000732
0.138 , 159.08 , 159.19 , -0.1100006
0.14 , 159.08 , 159.18 , -0.09999084
0.142 , 159.08 , 159.18 , -0.09999084
0.144 , 159.08 , 159.17 , -0.08999634
0.146 , 159.12 , 159.16 , -0.04000854
0.148 , 159.08 , 159.16 , -0.08000183
0.149 , 159.08 , 159.15 , -0.06999207
0.151 , 159.08 , 159.15 , -0.06999207
0.153 , 159.08 , 159.14 , -0.05999756
0.155 , 159.05 , 159.14 , -0.08999634
0.157 , 159.08 , 159.13 , -0.05000305
0.159 , 159.05 , 159.12 , -0.06999207
0.161 , 159.05 , 159.12 , -0.06999207
0.163 , 159.01 , 159.11 , -0.1000061
0.165 , 159.08 , 159.11 , -0.02999878
0.167 , 159.08 , 159.1 , -0.02000427
0.169 , 159.05 , 159.09 , -0.03999329
0.17 , 159.05 , 159.09 , -0.03999329
0.172 , 159.05 , 159.09 , -0.03999329
0.174 , 159.05 , 159.08 , -0.02999878
0.176 , 159.05 , 159.07 , -0.02000427
0.178 , 159.01 , 159.07 , -0.06001282
0.18 , 159.05 , 159.06 , -0.009994507
0.182 , 159.01 , 159.06 , -0.05000305
0.192 , 159.01 , 159.03 , -0.02000427
0.194 , 159.05 , 159.02 , 0.02999878
0.196 , 159.05 , 159.01 , 0.04000854
0.198 , 159.01 , 159.01 , 0.0
0.2 , 159.01 , 159.0 , 0.009994507
0.202 , 158.98 , 159.0 , -0.02000427
0.204 , 158.98 , 158.99 , -0.01000977
0.206 , 158.94 , 158.98 , -0.03999329
0.208 , 158.94 , 158.98 , -0.03999329
0.21 , 158.94 , 158.97 , -0.02999878
0.212 , 158.94 , 158.97 , -0.02999878
0.214 , 158.98 , 158.96 , 0.01998901
0.216 , 158.98 , 158.95 , 0.02999878
0.218 , 158.94 , 158.95 , -0.009994507
0.22 , 158.94 , 158.94 , 0.0
0.221 , 158.94 , 158.94 , 0.0
0.223 , 158.94 , 158.93 , 0.01000977
0.225 , 158.94 , 158.93 , 0.01000977
0.227 , 158.94 , 158.92 , 0.02000427
0.229 , 158.94 , 158.92 , 0.02000427
0.231 , 158.92 , 158.91 , 0.009994507
0.233 , 158.94 , 158.9 , 0.04000854
0.235 , 158.94 , 158.9 , 0.04000854
0.237 , 158.94 , 158.89 , 0.05000305
0.239 , 158.94 , 158.89 , 0.05000305
0.241 , 158.92 , 158.88 , 0.03999329
0.243 , 158.92 , 158.87 , 0.05000305
0.245 , 158.89 , 158.87 , 0.02000427
0.247 , 158.89 , 158.86 , 0.02999878
0.248 , 158.89 , 158.86 , 0.02999878
0.25 , 158.94 , 158.85 , 0.08999634
0.252 , 158.94 , 158.85 , 0.08999634
0.254 , 158.92 , 158.84 , 0.08000183
0.256 , 158.89 , 158.83 , 0.05999756
0.258 , 158.92 , 158.83 , 0.08999634
0.26 , 158.85 , 158.82 , 0.02999878
0.262 , 158.89 , 158.82 , 0.06999207
0.264 , 158.85 , 158.81 , 0.04000854
0.266 , 158.85 , 158.8 , 0.05000305
0.268 , 158.89 , 158.8 , 0.08999634
0.27 , 158.85 , 158.79 , 0.06001282
0.272 , 158.85 , 158.79 , 0.06001282
0.274 , 158.85 , 158.78 , 0.07000732
0.276 , 158.78 , 158.77 , 0.009994507
0.278 , 158.82 , 158.77 , 0.05000305
0.28 , 158.85 , 158.76 , 0.0900116
0.282 , 158.85 , 158.76 , 0.0900116
0.284 , 158.82 , 158.75 , 0.07000732
0.286 , 158.78 , 158.74 , 0.03999329
0.287 , 158.78 , 158.74 , 0.03999329
0.29 , 158.75 , 158.73 , 0.02000427
0.291 , 158.85 , 158.73 , 0.1200104
0.293 , 158.82 , 158.72 , 0.1000061
0.295 , 158.78 , 158.72 , 0.05999756
0.297 , 158.82 , 158.71 , 0.1100006
0.299 , 158.82 , 158.71 , 0.1100006
0.301 , 158.75 , 158.7 , 0.05000305
0.303 , 158.75 , 158.69 , 0.05999756
0.305 , 158.73 , 158.69 , 0.03999329
0.306 , 158.75 , 158.69 , 0.05999756
0.308 , 158.75 , 158.68 , 0.07000732
0.31 , 158.75 , 158.67 , 0.08000183
0.312 , 158.73 , 158.67 , 0.05999756
0.314 , 158.69 , 158.66 , 0.02999878
0.316 , 158.73 , 158.66 , 0.06999207
0.318 , 158.69 , 158.65 , 0.04000854
0.32 , 158.69 , 158.64 , 0.05000305
0.322 , 158.69 , 158.64 , 0.05000305
0.324 , 158.69 , 158.63 , 0.05999756
0.326 , 158.66 , 158.63 , 0.02999878
0.328 , 158.66 , 158.62 , 0.04000854
0.33 , 158.69 , 158.61 , 0.08000183
0.332 , 158.66 , 158.61 , 0.05000305
0.334 , 158.62 , 158.6 , 0.01998901
0.335 , 158.66 , 158.6 , 0.05999756
0.337 , 158.66 , 158.59 , 0.07000732
0.339 , 158.66 , 158.59 , 0.07000732
0.341 , 158.62 , 158.58 , 0.03999329
0.343 , 158.66 , 158.57 , 0.08999634
0.345 , 158.62 , 158.57 , 0.04998779
0.347 , 158.62 , 158.56 , 0.05999756
0.349 , 158.62 , 158.56 , 0.05999756
0.351 , 158.59 , 158.55 , 0.03999329
0.353 , 158.59 , 158.54 , 0.05000305
0.355 , 158.59 , 158.54 , 0.05000305
0.357 , 158.55 , 158.53 , 0.02000427
0.359 , 158.53 , 158.53 , 0.0
0.361 , 158.55 , 158.52 , 0.02999878
0.363 , 158.53 , 158.51 , 0.02000427
0.365 , 158.55 , 158.51 , 0.04000854
0.367 , 158.55 , 158.5 , 0.05000305
0.368 , 158.53 , 158.5 , 0.02999878
0.37 , 158.5 , 158.49 , 0.009994507
0.372 , 158.53 , 158.49 , 0.03999329
0.374 , 158.55 , 158.48 , 0.07000732
0.376 , 158.53 , 158.48 , 0.05000305
0.378 , 158.5 , 158.47 , 0.02999878
0.38 , 158.5 , 158.46 , 0.03999329
0.382 , 158.5 , 158.46 , 0.03999329
0.384 , 158.53 , 158.45 , 0.08000183
0.386 , 158.46 , 158.45 , 0.01000977
0.388 , 158.5 , 158.44 , 0.05999756
0.39 , 158.5 , 158.43 , 0.07000732
0.392 , 158.5 , 158.43 , 0.07000732
0.394 , 158.5 , 158.42 , 0.08000183
0.395 , 158.5 , 158.42 , 0.08000183
0.397 , 158.46 , 158.41 , 0.05000305
0.399 , 158.46 , 158.41 , 0.05000305
0.401 , 158.43 , 158.4 , 0.02999878
0.403 , 158.46 , 158.4 , 0.06001282
0.405 , 158.43 , 158.39 , 0.03999329
0.407 , 158.46 , 158.38 , 0.08000183
0.409 , 158.43 , 158.38 , 0.04998779
0.411 , 158.43 , 158.37 , 0.05999756
0.413 , 158.46 , 158.37 , 0.0900116
0.415 , 158.43 , 158.36 , 0.06999207
0.417 , 158.39 , 158.35 , 0.03999329
0.418 , 158.39 , 158.35 , 0.03999329
0.42 , 158.39 , 158.34 , 0.05000305
0.422 , 158.39 , 158.34 , 0.05000305
0.424 , 158.39 , 158.33 , 0.05999756
0.426 , 158.43 , 158.33 , 0.09999084
0.428 , 158.37 , 158.32 , 0.04998779
0.43 , 158.39 , 158.31 , 0.08000183
0.432 , 158.37 , 158.31 , 0.05999756
0.434 , 158.43 , 158.3 , 0.1299896
0.436 , 158.39 , 158.3 , 0.08999634
0.438 , 158.39 , 158.29 , 0.1000061
0.44 , 158.37 , 158.28 , 0.08999634
0.442 , 158.37 , 158.28 , 0.08999634
0.444 , 158.37 , 158.27 , 0.09999084
0.446 , 158.34 , 158.27 , 0.06999207
0.448 , 158.37 , 158.26 , 0.1100006
0.449 , 158.34 , 158.26 , 0.08000183
0.451 , 158.34 , 158.25 , 0.08999634
0.453 , 158.3 , 158.25 , 0.05000305
0.455 , 158.34 , 158.24 , 0.09999084
0.457 , 158.3 , 158.23 , 0.07000732
0.459 , 158.3 , 158.23 , 0.07000732
0.461 , 158.3 , 158.22 , 0.08000183
0.463 , 158.34 , 158.22 , 0.1199951
0.464 , 158.3 , 158.21 , 0.08999634
0.466 , 158.3 , 158.21 , 0.08999634
0.468 , 158.3 , 158.2 , 0.1000061
0.47 , 158.3 , 158.19 , 0.1100006
0.472 , 158.27 , 158.19 , 0.08000183
0.474 , 158.27 , 158.18 , 0.0900116
0.476 , 158.27 , 158.18 , 0.0900116
0.478 , 158.27 , 158.17 , 0.1000061
0.48 , 158.3 , 158.16 , 0.1399994
0.481 , 158.23 , 158.16 , 0.06999207
0.483 , 158.23 , 158.16 , 0.06999207
0.485 , 158.27 , 158.15 , 0.1200104
0.487 , 158.23 , 158.14 , 0.08999634
0.489 , 158.23 , 158.14 , 0.08999634
0.491 , 158.23 , 158.13 , 0.09999084
0.493 , 158.23 , 158.13 , 0.09999084
0.495 , 158.23 , 158.12 , 0.1100006
0.497 , 158.23 , 158.11 , 0.1199951
0.499 , 158.23 , 158.11 , 0.1199951
0.501 , 158.21 , 158.1 , 0.1100006
0.502 , 158.21 , 158.1 , 0.1100006
0.504 , 158.21 , 158.09 , 0.1200104
0.506 , 158.23 , 158.09 , 0.1399994
0.508 , 158.21 , 158.08 , 0.1300049
0.51 , 158.21 , 158.08 , 0.1300049
0.512 , 158.21 , 158.07 , 0.1399994
0.513 , 158.21 , 158.07 , 0.1399994
0.515 , 158.21 , 158.06 , 0.1500092
0.517 , 158.21 , 158.05 , 0.1600037
0.519 , 158.18 , 158.05 , 0.1299896
0.52 , 158.18 , 158.05 , 0.1299896
0.522 , 158.18 , 158.04 , 0.1399994
0.524 , 158.18 , 158.03 , 0.1499939
0.526 , 158.11 , 158.03 , 0.08000183
0.528 , 158.18 , 158.02 , 0.1599884
0.53 , 158.11 , 158.02 , 0.08999634
0.532 , 158.11 , 158.01 , 0.1000061
0.534 , 158.11 , 158.0 , 0.1100006
0.535 , 158.11 , 158.0 , 0.1100006
0.537 , 158.07 , 157.99 , 0.08000183
0.539 , 158.11 , 157.99 , 0.1199951
0.541 , 158.11 , 157.98 , 0.1300049
0.543 , 158.11 , 157.98 , 0.1300049
0.5440001 , 158.05 , 157.97 , 0.08000183
0.546 , 158.07 , 157.97 , 0.1000061
0.548 , 158.07 , 157.96 , 0.1100006
0.55 , 158.07 , 157.96 , 0.1100006
0.552 , 158.05 , 157.95 , 0.1000061
0.553 , 158.0 , 157.95 , 0.05000305
0.555 , 158.05 , 157.94 , 0.1100006
0.557 , 158.07 , 157.93 , 0.1400146
0.559 , 158.0 , 157.93 , 0.07000732
0.561 , 158.07 , 157.92 , 0.1500092
0.563 , 158.07 , 157.92 , 0.1500092
0.565 , 158.05 , 157.91 , 0.1399994
0.566 , 158.05 , 157.91 , 0.1399994
0.568 , 158.07 , 157.9 , 0.1700134
0.57 , 158.05 , 157.9 , 0.1500092
0.572 , 158.07 , 157.89 , 0.1800079
0.574 , 158.05 , 157.88 , 0.1699982
0.576 , 158.05 , 157.88 , 0.1699982
0.577 , 158.05 , 157.87 , 0.1800079
0.579 , 158.07 , 157.87 , 0.2000122
0.5809999 , 158.05 , 157.86 , 0.1900024
0.583 , 158.0 , 157.86 , 0.1399994
0.585 , 158.0 , 157.85 , 0.1499939
0.587 , 158.05 , 157.84 , 0.2100067
0.588 , 157.95 , 157.84 , 0.1100006
0.59 , 158.0 , 157.84 , 0.1600037
0.592 , 157.98 , 157.83 , 0.1499939
0.594 , 158.0 , 157.82 , 0.1799927
0.596 , 157.98 , 157.82 , 0.1599884
0.598 , 158.0 , 157.81 , 0.1900024
0.599 , 157.98 , 157.81 , 0.1699982
0.601 , 157.98 , 157.8 , 0.1799927
0.603 , 157.95 , 157.8 , 0.1499939
0.605 , 157.98 , 157.79 , 0.1900024
0.607 , 157.98 , 157.79 , 0.1900024
0.609 , 157.95 , 157.78 , 0.1699982
0.611 , 157.95 , 157.77 , 0.1799927
0.613 , 157.95 , 157.77 , 0.1799927
0.614 , 157.95 , 157.76 , 0.1900024
0.616 , 157.91 , 157.76 , 0.1500092
0.618 , 157.91 , 157.75 , 0.1600037
0.62 , 157.91 , 157.75 , 0.1600037
0.622 , 157.89 , 157.74 , 0.1499939
0.624 , 157.91 , 157.73 , 0.1800079
0.625 , 157.91 , 157.73 , 0.1800079
0.627 , 157.89 , 157.73 , 0.1600037
0.629 , 157.91 , 157.72 , 0.1900024
0.631 , 157.91 , 157.71 , 0.1999969
0.633 , 157.89 , 157.71 , 0.1799927
0.635 , 157.89 , 157.7 , 0.1900024
0.637 , 157.84 , 157.7 , 0.1399994
0.639 , 157.89 , 157.69 , 0.1999969
0.64 , 157.82 , 157.69 , 0.1300049
0.642 , 157.82 , 157.68 , 0.1400146
0.644 , 157.84 , 157.67 , 0.1699982
0.646 , 157.84 , 157.67 , 0.1699982
0.648 , 157.82 , 157.66 , 0.1600037
0.65 , 157.82 , 157.66 , 0.1600037
0.651 , 157.82 , 157.65 , 0.1700134
0.653 , 157.84 , 157.65 , 0.1900024
0.655 , 157.84 , 157.64 , 0.1999969
0.657 , 157.84 , 157.64 , 0.1999969
0.659 , 157.82 , 157.63 , 0.1900024
0.661 , 157.82 , 157.62 , 0.2000122
0.662 , 157.82 , 157.62 , 0.2000122
0.664 , 157.82 , 157.61 , 0.2100067
0.666 , 157.82 , 157.61 , 0.2100067
0.668 , 157.75 , 157.6 , 0.1499939
0.67 , 157.79 , 157.6 , 0.1899872
0.672 , 157.79 , 157.59 , 0.1999969
0.673 , 157.82 , 157.59 , 0.230011
0.675 , 157.82 , 157.58 , 0.2400055
0.677 , 157.79 , 157.58 , 0.2099915
0.679 , 157.79 , 157.57 , 0.219986
0.681 , 157.79 , 157.56 , 0.2299957
0.683 , 157.79 , 157.56 , 0.2299957
0.685 , 157.75 , 157.55 , 0.1999969
0.687 , 157.75 , 157.55 , 0.1999969
0.689 , 157.79 , 157.54 , 0.25
0.69 , 157.79 , 157.54 , 0.25
0.692 , 157.75 , 157.53 , 0.2200012
0.694 , 157.75 , 157.52 , 0.2299957
0.696 , 157.75 , 157.52 , 0.2299957
0.698 , 157.75 , 157.51 , 0.2400055
0.699 , 157.75 , 157.51 , 0.2400055
0.701 , 157.75 , 157.5 , 0.25
0.703 , 157.75 , 157.5 , 0.25
0.705 , 157.72 , 157.49 , 0.2299957
0.707 , 157.72 , 157.49 , 0.2299957
0.708 , 157.68 , 157.48 , 0.1999969
0.71 , 157.72 , 157.48 , 0.2400055
0.712 , 157.68 , 157.47 , 0.2099915
0.714 , 157.72 , 157.47 , 0.25
0.716 , 157.68 , 157.46 , 0.219986
0.718 , 157.68 , 157.45 , 0.2299957
0.72 , 157.68 , 157.45 , 0.2299957
0.722 , 157.68 , 157.44 , 0.2399902
0.723 , 157.68 , 157.44 , 0.2399902
0.725 , 157.68 , 157.43 , 0.25
0.727 , 157.68 , 157.43 , 0.25
0.729 , 157.68 , 157.42 , 0.2599945
0.731 , 157.68 , 157.41 , 0.269989
0.733 , 157.72 , 157.41 , 0.3099976
0.735 , 157.75 , 157.4 , 0.3500061
0.736 , 157.72 , 157.4 , 0.3200073
0.738 , 157.75 , 157.39 , 0.3600006
0.74 , 157.75 , 157.39 , 0.3600006
0.742 , 157.79 , 157.38 , 0.4099884
0.744 , 157.75 , 157.38 , 0.3699951
0.745 , 157.79 , 157.37 , 0.4199982
0.747 , 157.79 , 157.37 , 0.4199982
0.749 , 157.82 , 157.36 , 0.4600067
0.751 , 157.82 , 157.35 , 0.4700012
0.753 , 157.82 , 157.35 , 0.4700012
0.755 , 157.84 , 157.34 , 0.5
0.756 , 157.84 , 157.34 , 0.5
0.758 , 157.84 , 157.33 , 0.5099945
0.76 , 157.89 , 157.33 , 0.5599976
0.762 , 157.89 , 157.32 , 0.5699921
0.764 , 157.89 , 157.32 , 0.5699921
0.766 , 157.91 , 157.31 , 0.6000061
0.768 , 157.89 , 157.3 , 0.5899963
0.769 , 157.89 , 157.3 , 0.5899963
0.771 , 157.91 , 157.29 , 0.6200104
0.773 , 157.91 , 157.29 , 0.6200104
0.775 , 157.91 , 157.28 , 0.6300049
0.777 , 157.91 , 157.28 , 0.6300049
0.779 , 157.91 , 157.27 , 0.6399994
0.78 , 157.91 , 157.27 , 0.6399994
0.782 , 157.91 , 157.26 , 0.6500092
0.784 , 157.91 , 157.26 , 0.6500092
0.786 , 157.91 , 157.25 , 0.6600037
0.788 , 157.95 , 157.24 , 0.7099915
0.79 , 157.95 , 157.24 , 0.7099915
0.791 , 157.91 , 157.23 , 0.6800079
0.793 , 157.91 , 157.23 , 0.6800079
0.795 , 157.91 , 157.22 , 0.6900024
0.797 , 157.91 , 157.22 , 0.6900024
0.799 , 157.89 , 157.21 , 0.6799927
0.801 , 157.91 , 157.21 , 0.6999969
0.802 , 157.91 , 157.2 , 0.7100067
0.804 , 157.91 , 157.2 , 0.7100067
0.8059999 , 157.89 , 157.19 , 0.6999969
0.808 , 157.84 , 157.18 , 0.6600037
0.81 , 157.84 , 157.18 , 0.6600037
0.812 , 157.89 , 157.17 , 0.7200012
0.814 , 157.89 , 157.17 , 0.7200012
0.815 , 157.89 , 157.16 , 0.7299957
0.817 , 157.84 , 157.16 , 0.6799927
0.8190001 , 157.89 , 157.15 , 0.7400055
0.821 , 157.82 , 157.15 , 0.6700134
0.823 , 157.84 , 157.14 , 0.6999969
0.825 , 157.82 , 157.13 , 0.6900024
0.826 , 157.82 , 157.13 , 0.6900024
0.828 , 157.82 , 157.12 , 0.7000122
0.83 , 157.75 , 157.12 , 0.6300049
0.832 , 157.75 , 157.11 , 0.6399994
0.834 , 157.79 , 157.11 , 0.6799927
0.8360001 , 157.79 , 157.1 , 0.6899872
0.837 , 157.75 , 157.1 , 0.6499939
0.8389999 , 157.68 , 157.09 , 0.5899963
0.841 , 157.72 , 157.09 , 0.6300049
0.843 , 157.66 , 157.08 , 0.5800018
0.8450001 , 157.66 , 157.07 , 0.5899963
0.847 , 157.66 , 157.07 , 0.5899963
0.848 , 157.63 , 157.06 , 0.5700073
0.85 , 157.66 , 157.06 , 0.6000061
0.852 , 157.63 , 157.05 , 0.5800018
0.854 , 157.63 , 157.05 , 0.5800018
0.856 , 157.59 , 157.04 , 0.5500031
0.857 , 157.59 , 157.04 , 0.5500031
0.859 , 157.56 , 157.03 , 0.5299988
0.861 , 157.56 , 157.03 , 0.5299988
0.863 , 157.56 , 157.02 , 0.5399933
0.865 , 157.52 , 157.01 , 0.5100098
0.867 , 157.56 , 157.01 , 0.5500031
0.8690001 , 157.52 , 157.0 , 0.5200043
0.87 , 157.52 , 157.0 , 0.5200043
0.8719999 , 157.52 , 156.99 , 0.5299988
0.874 , 157.52 , 156.99 , 0.5299988
0.876 , 157.5 , 156.98 , 0.5200043
0.8780001 , 157.5 , 156.97 , 0.5299988
0.88 , 157.5 , 156.97 , 0.5299988
0.8809999 , 157.45 , 156.97 , 0.4799957
0.883 , 157.45 , 156.96 , 0.4899902
0.885 , 157.45 , 156.95 , 0.5
0.887 , 157.43 , 156.95 , 0.4799957
0.889 , 157.45 , 156.94 , 0.5099945
0.891 , 157.43 , 156.94 , 0.4899902
0.893 , 157.43 , 156.93 , 0.5
0.894 , 157.43 , 156.93 , 0.5
0.896 , 157.4 , 156.92 , 0.4799957
0.898 , 157.4 , 156.91 , 0.4899902
0.9 , 157.43 , 156.91 , 0.519989
0.902 , 157.4 , 156.9 , 0.5
0.904 , 157.36 , 156.9 , 0.4600067
0.906 , 157.4 , 156.89 , 0.5099945
0.907 , 157.36 , 156.89 , 0.4700012
0.909 , 157.4 , 156.88 , 0.519989
0.9110001 , 157.36 , 156.88 , 0.4799957
0.913 , 157.4 , 156.87 , 0.5299988
0.9150001 , 157.36 , 156.86 , 0.5
0.917 , 157.36 , 156.86 , 0.5
0.918 , 157.36 , 156.86 , 0.5
0.92 , 157.34 , 156.85 , 0.4899902
0.922 , 157.34 , 156.84 , 0.5
0.924 , 157.34 , 156.84 , 0.5
0.926 , 157.36 , 156.83 , 0.5299988
0.927 , 157.34 , 156.83 , 0.5099945
0.929 , 157.29 , 156.82 , 0.469986
0.9309999 , 157.29 , 156.82 , 0.469986
0.933 , 157.29 , 156.81 , 0.4799957
0.935 , 157.34 , 156.8 , 0.5399933
0.937 , 157.29 , 156.8 , 0.4899902
0.939 , 157.29 , 156.79 , 0.5
0.94 , 157.27 , 156.79 , 0.480011
0.942 , 157.27 , 156.78 , 0.4900055
0.9440001 , 157.27 , 156.78 , 0.4900055
0.946 , 157.27 , 156.77 , 0.5
0.948 , 157.27 , 156.77 , 0.5
0.949 , 157.27 , 156.76 , 0.5100098
0.951 , 157.27 , 156.76 , 0.5100098
0.953 , 157.24 , 156.75 , 0.4900055
0.955 , 157.27 , 156.74 , 0.5299988
0.957 , 157.24 , 156.74 , 0.5
0.958 , 157.2 , 156.74 , 0.4599915
0.9599999 , 157.24 , 156.73 , 0.5100098
0.962 , 157.2 , 156.72 , 0.4799957
0.9639999 , 157.2 , 156.72 , 0.4799957
0.966 , 157.2 , 156.71 , 0.4899902
0.968 , 157.13 , 156.71 , 0.4199982
0.9700001 , 157.18 , 156.7 , 0.4799957
0.972 , 157.18 , 156.69 , 0.4899902
0.973 , 157.13 , 156.69 , 0.4400024
0.975 , 157.18 , 156.68 , 0.5
0.977 , 157.18 , 156.68 , 0.5
0.979 , 157.13 , 156.67 , 0.4600067
0.981 , 157.18 , 156.67 , 0.5099945
0.983 , 157.13 , 156.66 , 0.4700012
0.984 , 157.13 , 156.66 , 0.4700012
0.986 , 157.13 , 156.65 , 0.480011
0.988 , 157.11 , 156.65 , 0.4600067
0.99 , 157.13 , 156.64 , 0.4900055
0.992 , 157.11 , 156.63 , 0.4799957
0.9929999 , 157.13 , 156.63 , 0.5
0.995 , 157.13 , 156.62 , 0.5100098
1.005 , 157.13 , 156.6 , 0.5299988
1.007 , 157.13 , 156.59 , 0.5400085
1.009 , 157.11 , 156.58 , 0.5299988
1.011 , 157.11 , 156.58 , 0.5299988
1.013 , 157.11 , 156.57 , 0.5399933
1.014 , 157.11 , 156.57 , 0.5399933
1.016 , 157.13 , 156.56 , 0.5700073
1.018 , 157.13 , 156.56 , 0.5700073
1.02 , 157.11 , 156.55 , 0.5599976
1.021 , 157.11 , 156.55 , 0.5599976
1.023 , 157.11 , 156.54 , 0.5700073
1.025 , 157.06 , 156.54 , 0.5200043
1.027 , 157.11 , 156.53 , 0.5800018
1.029 , 157.06 , 156.52 , 0.5399933
1.03 , 157.06 , 156.52 , 0.5399933
1.032 , 157.06 , 156.51 , 0.5500031
1.034 , 157.04 , 156.51 , 0.5299988
1.036 , 157.11 , 156.5 , 0.6100006
1.038 , 157.04 , 156.5 , 0.5399933
1.04 , 157.06 , 156.49 , 0.5699921
1.041 , 157.06 , 156.49 , 0.5699921
1.043 , 157.04 , 156.48 , 0.5599976
1.045 , 157.04 , 156.48 , 0.5599976
1.047 , 157.04 , 156.47 , 0.5699921
1.049 , 157.06 , 156.46 , 0.5999908
1.051 , 157.04 , 156.46 , 0.5799866
1.053 , 157.02 , 156.45 , 0.5700073
1.054 , 157.04 , 156.45 , 0.5899963
1.056 , 157.04 , 156.44 , 0.5999908
1.058 , 156.92 , 156.44 , 0.4799957
1.06 , 157.04 , 156.43 , 0.6100006
1.062 , 157.04 , 156.42 , 0.6199951
1.064 , 156.92 , 156.42 , 0.5
1.065 , 156.92 , 156.42 , 0.5
1.067 , 157.02 , 156.41 , 0.6100006
1.069 , 157.02 , 156.4 , 0.6200104
1.071 , 157.02 , 156.4 , 0.6200104
1.072 , 156.92 , 156.39 , 0.5299988
1.074 , 156.92 , 156.39 , 0.5299988
1.076 , 157.02 , 156.38 , 0.6399994
1.078 , 157.02 , 156.38 , 0.6399994
1.08 , 157.04 , 156.37 , 0.6699982
1.082 , 157.02 , 156.36 , 0.6600037
1.083 , 156.92 , 156.36 , 0.5599976
1.085 , 156.9 , 156.36 , 0.5399933
1.087 , 157.02 , 156.35 , 0.6699982
1.089 , 156.92 , 156.34 , 0.5800018
1.091 , 156.92 , 156.34 , 0.5800018
1.093 , 156.92 , 156.33 , 0.5899963
1.094 , 156.92 , 156.33 , 0.5899963
1.096 , 156.92 , 156.32 , 0.5999908
1.098 , 156.92 , 156.32 , 0.5999908
1.1 , 156.92 , 156.31 , 0.6100006
1.102 , 156.9 , 156.31 , 0.5899963
1.104 , 156.92 , 156.3 , 0.6199951
1.105 , 156.86 , 156.3 , 0.5599976
1.107 , 156.86 , 156.29 , 0.5700073
1.109 , 156.86 , 156.28 , 0.5800018
1.111 , 156.86 , 156.28 , 0.5800018
1.113 , 156.86 , 156.27 , 0.5899963
1.114 , 156.86 , 156.27 , 0.5899963
1.116 , 156.86 , 156.26 , 0.6000061
1.118 , 156.83 , 156.26 , 0.5700073
1.12 , 156.86 , 156.25 , 0.6100006
1.122 , 156.83 , 156.25 , 0.5800018
1.123 , 156.83 , 156.24 , 0.5899963
1.125 , 156.83 , 156.24 , 0.5899963
1.127 , 156.83 , 156.23 , 0.6000061
1.129 , 156.81 , 156.22 , 0.5899963
1.131 , 156.81 , 156.22 , 0.5899963
1.132 , 156.81 , 156.22 , 0.5899963
1.134 , 156.81 , 156.21 , 0.5999908
1.136 , 156.81 , 156.2 , 0.6100006
1.138 , 156.83 , 156.2 , 0.6300049
1.14 , 156.81 , 156.19 , 0.6199951
1.142 , 156.81 , 156.19 , 0.6199951
1.143 , 156.81 , 156.18 , 0.6300049
1.145 , 156.81 , 156.18 , 0.6300049
1.147 , 156.76 , 156.17 , 0.5899963
1.149 , 156.76 , 156.16 , 0.5999908
1.151 , 156.74 , 156.16 , 0.5800018
1.153 , 156.74 , 156.15 , 0.5900116
1.154 , 156.74 , 156.15 , 0.5900116
1.156 , 156.69 , 156.14 , 0.5500031
1.158 , 156.74 , 156.14 , 0.6000061
1.16 , 156.69 , 156.13 , 0.5599976
1.162 , 156.69 , 156.13 , 0.5599976
1.164 , 156.69 , 156.12 , 0.5700073
1.165 , 156.69 , 156.12 , 0.5700073
1.167 , 156.69 , 156.11 , 0.5800018
1.169 , 156.69 , 156.1 , 0.5899963
1.171 , 156.67 , 156.1 , 0.5699921
1.172 , 156.67 , 156.1 , 0.5699921
1.174 , 156.65 , 156.09 , 0.5599976
1.176 , 156.69 , 156.08 , 0.6100006
1.178 , 156.65 , 156.08 , 0.5699921
1.18 , 156.6 , 156.07 , 0.5299988
1.182 , 156.6 , 156.07 , 0.5299988
1.184 , 156.58 , 156.06 , 0.5200043
1.185 , 156.58 , 156.06 , 0.5200043
1.187 , 156.58 , 156.05 , 0.5299988
1.189 , 156.58 , 156.04 , 0.5400085
1.191 , 156.58 , 156.04 , 0.5400085
1.193 , 156.58 , 156.03 , 0.5500031
1.194 , 156.58 , 156.03 , 0.5500031
1.196 , 156.58 , 156.02 , 0.5599976
1.198 , 156.58 , 156.02 , 0.5599976
1.2 , 156.58 , 156.01 , 0.5700073
1.202 , 156.58 , 156.01 , 0.5700073
1.203 , 156.53 , 156.0 , 0.5299988
1.205 , 156.53 , 156.0 , 0.5299988
1.207 , 156.51 , 155.99 , 0.519989
1.209 , 156.51 , 155.99 , 0.519989
1.211 , 156.53 , 155.98 , 0.5500031
1.213 , 156.53 , 155.97 , 0.5599976
1.214 , 156.53 , 155.97 , 0.5599976
1.216 , 156.51 , 155.96 , 0.5499878
1.218 , 156.51 , 155.96 , 0.5499878
1.22 , 156.51 , 155.95 , 0.5599976
1.222 , 156.47 , 155.95 , 0.5200043
1.224 , 156.44 , 155.94 , 0.5
1.225 , 156.47 , 155.94 , 0.5299988
1.227 , 156.47 , 155.93 , 0.5400085
1.229 , 156.47 , 155.93 , 0.5400085
1.231 , 156.47 , 155.92 , 0.5500031
1.233 , 156.47 , 155.91 , 0.5599976
1.235 , 156.47 , 155.91 , 0.5599976
1.236 , 156.47 , 155.9 , 0.5700073
1.238 , 156.44 , 155.9 , 0.5400085
1.24 , 156.44 , 155.89 , 0.5500031
1.242 , 156.47 , 155.89 , 0.5800018
1.244 , 156.44 , 155.88 , 0.5599976
1.245 , 156.44 , 155.88 , 0.5599976
1.247 , 156.44 , 155.87 , 0.5700073
1.249 , 156.44 , 155.87 , 0.5700073
1.251 , 156.42 , 155.86 , 0.5599976
1.253 , 156.44 , 155.85 , 0.5899963
1.254 , 156.44 , 155.85 , 0.5899963
1.256 , 156.47 , 155.84 , 0.6300049
1.258 , 156.42 , 155.84 , 0.5800018
1.26 , 156.42 , 155.83 , 0.5899963
1.262 , 156.42 , 155.83 , 0.5899963
1.264 , 156.42 , 155.82 , 0.5999908
1.266 , 156.44 , 155.81 , 0.6300049
1.267 , 156.42 , 155.81 , 0.6100006
1.269 , 156.42 , 155.81 , 0.6100006
1.271 , 156.37 , 155.8 , 0.5699921
1.273 , 156.44 , 155.79 , 0.6500092
1.275 , 156.37 , 155.79 , 0.5800018
1.276 , 156.42 , 155.78 , 0.6399994
1.278 , 156.37 , 155.78 , 0.5899963
1.28 , 156.37 , 155.77 , 0.5999908
1.282 , 156.31 , 155.77 , 0.5399933
1.284 , 156.35 , 155.76 , 0.5900116
1.286 , 156.35 , 155.75 , 0.6000061
1.288 , 156.35 , 155.75 , 0.6000061
1.289 , 156.28 , 155.75 , 0.5299988
1.291 , 156.35 , 155.74 , 0.6100006
1.293 , 156.31 , 155.73 , 0.5800018
1.295 , 156.35 , 155.73 , 0.6200104
1.297 , 156.31 , 155.72 , 0.5899963
1.298 , 156.31 , 155.72 , 0.5899963
1.3 , 156.28 , 155.71 , 0.5699921
1.302 , 156.31 , 155.71 , 0.5999908
1.304 , 156.31 , 155.7 , 0.6100006
1.306 , 156.28 , 155.7 , 0.5800018
1.308 , 156.28 , 155.69 , 0.5899963
1.31 , 156.28 , 155.68 , 0.6000061
1.311 , 156.28 , 155.68 , 0.6000061
1.313 , 156.31 , 155.67 , 0.6399994
1.315 , 156.28 , 155.67 , 0.6100006
1.317 , 156.26 , 155.66 , 0.5999908
1.319 , 156.26 , 155.66 , 0.5999908
1.321 , 156.26 , 155.65 , 0.6100006
1.323 , 156.26 , 155.64 , 0.6199951
1.324 , 156.26 , 155.64 , 0.6199951
1.326 , 156.26 , 155.64 , 0.6199951
1.328 , 156.21 , 155.63 , 0.5800018
1.33 , 156.21 , 155.62 , 0.5900116
1.332 , 156.21 , 155.62 , 0.5900116
1.334 , 156.26 , 155.61 , 0.6499939
1.335 , 156.21 , 155.61 , 0.6000061
1.337 , 156.21 , 155.6 , 0.6100006
1.339 , 156.21 , 155.6 , 0.6100006
1.341 , 156.19 , 155.59 , 0.6000061
1.342 , 156.26 , 155.59 , 0.6699982
1.344 , 156.19 , 155.58 , 0.6100006
1.346 , 156.15 , 155.58 , 0.5699921
1.348 , 156.19 , 155.57 , 0.6199951
1.35 , 156.21 , 155.56 , 0.6500092
1.351 , 156.19 , 155.56 , 0.6300049
1.353 , 156.19 , 155.55 , 0.6399994
1.355 , 156.21 , 155.55 , 0.6600037
1.357 , 156.19 , 155.54 , 0.6500092
1.359 , 156.21 , 155.54 , 0.6700134
1.361 , 156.21 , 155.53 , 0.6800079
1.362 , 156.19 , 155.53 , 0.6600037
1.364 , 156.15 , 155.52 , 0.6299896
1.366 , 156.15 , 155.52 , 0.6299896
1.368 , 156.12 , 155.51 , 0.6100006
1.37 , 156.19 , 155.5 , 0.6900024
1.371 , 156.15 , 155.5 , 0.6499939
1.373 , 156.15 , 155.49 , 0.6599884
1.375 , 156.15 , 155.49 , 0.6599884
1.377 , 156.12 , 155.48 , 0.6399994
1.379 , 156.12 , 155.48 , 0.6399994
1.381 , 156.12 , 155.47 , 0.6499939
1.382 , 156.15 , 155.47 , 0.6799927
1.384 , 156.12 , 155.46 , 0.6599884
1.386 , 156.12 , 155.46 , 0.6599884
1.388 , 156.12 , 155.45 , 0.6699982
1.39 , 156.1 , 155.44 , 0.6600037
1.392 , 156.12 , 155.44 , 0.6799927
1.394 , 156.12 , 155.43 , 0.6900024
1.395 , 156.1 , 155.43 , 0.6700134
1.397 , 156.1 , 155.42 , 0.6800079
1.399 , 156.1 , 155.42 , 0.6800079
1.401 , 156.1 , 155.41 , 0.6900024
1.403 , 156.05 , 155.41 , 0.6399994
1.404 , 156.1 , 155.4 , 0.7000122
1.406 , 156.12 , 155.4 , 0.7200012
1.408 , 156.05 , 155.39 , 0.6600037
1.41 , 156.05 , 155.38 , 0.6699982
1.412 , 156.05 , 155.38 , 0.6699982
1.413 , 156.05 , 155.38 , 0.6699982
1.415 , 156.05 , 155.37 , 0.6800079
1.417 , 156.05 , 155.36 , 0.6900024
1.419 , 156.05 , 155.36 , 0.6900024
1.421 , 156.05 , 155.35 , 0.6999969
1.422 , 156.03 , 155.35 , 0.6799927
1.424 , 156.05 , 155.34 , 0.7100067
1.426 , 156.05 , 155.34 , 0.7100067
1.428 , 156.03 , 155.33 , 0.6999969
1.429 , 156.03 , 155.33 , 0.6999969
1.431 , 156.03 , 155.32 , 0.7099915
1.433 , 156.03 , 155.32 , 0.7099915
1.435 , 155.99 , 155.31 , 0.6800079
1.437 , 156.03 , 155.3 , 0.7299957
1.439 , 155.99 , 155.3 , 0.6900024
1.44 , 156.03 , 155.29 , 0.7400055
1.442 , 155.99 , 155.29 , 0.7000122
1.444 , 156.03 , 155.28 , 0.75
1.446 , 155.99 , 155.28 , 0.7100067
1.448 , 155.99 , 155.27 , 0.7200012
1.449 , 155.99 , 155.27 , 0.7200012
1.451 , 155.99 , 155.26 , 0.730011
1.453 , 155.96 , 155.26 , 0.7000122
1.455 , 155.96 , 155.25 , 0.7100067
1.457 , 155.99 , 155.24 , 0.75
1.458 , 155.96 , 155.24 , 0.7200012
1.46 , 155.92 , 155.23 , 0.6900024
1.462 , 155.92 , 155.23 , 0.6900024
1.464 , 155.92 , 155.22 , 0.6999969
1.466 , 155.92 , 155.22 , 0.6999969
1.468 , 155.92 , 155.21 , 0.7099915
1.469 , 155.92 , 155.21 , 0.7099915
1.471 , 155.96 , 155.2 , 0.7600098
1.473 , 155.92 , 155.2 , 0.7200012
1.475 , 155.92 , 155.19 , 0.7299957
1.477 , 155.89 , 155.18 , 0.7100067
1.479 , 155.89 , 155.18 , 0.7100067
1.481 , 155.89 , 155.17 , 0.7200012
1.482 , 155.92 , 155.17 , 0.75
1.484 , 155.87 , 155.16 , 0.7099915
1.486 , 155.89 , 155.16 , 0.7299957
1.488 , 155.89 , 155.15 , 0.7400055
1.49 , 155.89 , 155.14 , 0.75
1.492 , 155.96 , 155.14 , 0.8200073
1.494 , 155.89 , 155.13 , 0.7599945
1.495 , 155.92 , 155.13 , 0.7899933
1.497 , 155.89 , 155.12 , 0.7700043
1.499 , 155.89 , 155.12 , 0.7700043
1.501 , 155.92 , 155.11 , 0.8099976
1.503 , 155.92 , 155.11 , 0.8099976
1.505 , 155.89 , 155.1 , 0.7899933
1.506 , 155.89 , 155.1 , 0.7899933
1.508 , 155.87 , 155.09 , 0.7799988
1.51 , 155.83 , 155.09 , 0.7400055
1.512 , 155.83 , 155.08 , 0.75
1.514 , 155.87 , 155.07 , 0.7999878
1.516 , 155.87 , 155.07 , 0.7999878
1.518 , 155.89 , 155.06 , 0.8300018
1.519 , 155.87 , 155.06 , 0.8099976
1.521 , 155.83 , 155.05 , 0.7799988
1.523 , 155.83 , 155.05 , 0.7799988
1.525 , 155.83 , 155.04 , 0.7900085
1.527 , 155.87 , 155.03 , 0.8399963
1.529 , 155.83 , 155.03 , 0.8000031
1.53 , 155.83 , 155.03 , 0.8000031
1.532 , 155.8 , 155.02 , 0.7799988
1.534 , 155.83 , 155.01 , 0.8200073
1.536 , 155.8 , 155.01 , 0.7900085
1.538 , 155.83 , 155.0 , 0.8300018
1.539 , 155.8 , 155.0 , 0.8000031
1.541 , 155.8 , 154.99 , 0.8099976
1.543 , 155.8 , 154.99 , 0.8099976
1.545 , 155.8 , 154.98 , 0.8200073
1.547 , 155.83 , 154.97 , 0.8600006
1.548 , 155.8 , 154.97 , 0.8300018
1.55 , 155.83 , 154.97 , 0.8600006
1.552 , 155.8 , 154.96 , 0.8399963
1.554 , 155.8 , 154.95 , 0.8500061
1.555 , 155.8 , 154.95 , 0.8500061
1.557 , 155.76 , 154.94 , 0.8199921
1.559 , 155.8 , 154.94 , 0.8600006
1.561 , 155.8 , 154.93 , 0.8700104
1.563 , 155.8 , 154.93 , 0.8700104
1.565 , 155.8 , 154.92 , 0.8800049
1.566 , 155.76 , 154.92 , 0.8399963
1.568 , 155.8 , 154.91 , 0.8899994
1.57 , 155.83 , 154.91 , 0.9199982
1.572 , 155.8 , 154.9 , 0.9000092
1.574 , 155.83 , 154.89 , 0.9400024
1.576 , 155.83 , 154.89 , 0.9400024
1.577 , 155.83 , 154.88 , 0.9499969
1.579 , 155.83 , 154.88 , 0.9499969
1.581 , 155.83 , 154.87 , 0.9600067
1.583 , 155.83 , 154.87 , 0.9600067
1.585 , 155.87 , 154.86 , 1.009995
1.587 , 155.87 , 154.85 , 1.019989
1.588 , 155.87 , 154.85 , 1.019989
1.59 , 155.89 , 154.85 , 1.039993
1.592 , 155.96 , 154.84 , 1.12001
1.594 , 155.92 , 154.83 , 1.089996
1.596 , 155.99 , 154.83 , 1.160004
1.598 , 155.99 , 154.82 , 1.169998
1.599 , 155.96 , 154.82 , 1.139999
1.601 , 155.96 , 154.81 , 1.150009
1.603 , 155.99 , 154.81 , 1.180008
1.605 , 155.96 , 154.8 , 1.160004
1.606 , 155.99 , 154.8 , 1.190002
1.608 , 155.96 , 154.79 , 1.170013
1.61 , 155.99 , 154.79 , 1.200012
1.612 , 156.03 , 154.78 , 1.25
1.614 , 156.03 , 154.77 , 1.259995
1.616 , 155.99 , 154.77 , 1.220001
1.617 , 156.03 , 154.77 , 1.259995
1.619 , 156.03 , 154.76 , 1.270004
1.621 , 156.05 , 154.75 , 1.300003
1.623 , 156.03 , 154.75 , 1.279999
1.624 , 156.03 , 154.74 , 1.289993
1.626 , 156.03 , 154.74 , 1.289993
1.628 , 156.03 , 154.73 , 1.300003
1.63 , 156.03 , 154.73 , 1.300003
1.632 , 155.99 , 154.72 , 1.270004
1.633 , 155.99 , 154.72 , 1.270004
1.635 , 155.99 , 154.71 , 1.279999
1.637 , 155.99 , 154.71 , 1.279999
1.639 , 155.99 , 154.7 , 1.290009
1.641 , 156.03 , 154.69 , 1.339996
1.643 , 155.99 , 154.69 , 1.300003
1.644 , 155.99 , 154.68 , 1.310013
1.646 , 155.96 , 154.68 , 1.280014
1.648 , 155.96 , 154.67 , 1.290009
1.65 , 155.96 , 154.67 , 1.290009
1.651 , 155.96 , 154.66 , 1.300003
1.653 , 155.96 , 154.66 , 1.300003
1.655 , 155.96 , 154.65 , 1.310013
1.657 , 155.92 , 154.65 , 1.270004
1.659 , 155.92 , 154.64 , 1.279999
1.66 , 155.87 , 154.64 , 1.229996
1.662 , 155.89 , 154.63 , 1.259995
1.664 , 155.87 , 154.62 , 1.25
1.666 , 155.89 , 154.62 , 1.270004
1.668 , 155.87 , 154.61 , 1.259995
1.67 , 155.87 , 154.61 , 1.259995
1.672 , 155.87 , 154.6 , 1.269989
1.673 , 155.83 , 154.6 , 1.229996
1.675 , 155.83 , 154.59 , 1.240005
1.677 , 155.8 , 154.59 , 1.210007
1.679 , 155.83 , 154.58 , 1.25
1.681 , 155.8 , 154.57 , 1.229996
1.682 , 155.8 , 154.57 , 1.229996
1.684 , 155.76 , 154.56 , 1.199997
1.686 , 155.73 , 154.56 , 1.169998
1.688 , 155.73 , 154.55 , 1.179993
1.69 , 155.73 , 154.55 , 1.179993
1.692 , 155.73 , 154.54 , 1.190002
1.693 , 155.73 , 154.54 , 1.190002
1.695 , 155.73 , 154.53 , 1.199997
1.697 , 155.66 , 154.53 , 1.130005
1.699 , 155.66 , 154.52 , 1.139999
1.701 , 155.71 , 154.51 , 1.200012
1.703 , 155.66 , 154.51 , 1.150009
1.704 , 155.64 , 154.51 , 1.130005
1.706 , 155.64 , 154.5 , 1.139999
1.708 , 155.64 , 154.49 , 1.149994
1.71 , 155.66 , 154.49 , 1.169998
1.712 , 155.64 , 154.48 , 1.160004
1.713 , 155.6 , 154.48 , 1.12001
1.715 , 155.57 , 154.47 , 1.100006
1.717 , 155.57 , 154.47 , 1.100006
1.719 , 155.57 , 154.46 , 1.110001
1.72 , 155.57 , 154.46 , 1.110001
1.722 , 155.53 , 154.45 , 1.080002
1.724 , 155.53 , 154.45 , 1.080002
1.726 , 155.53 , 154.44 , 1.089996
1.728 , 155.53 , 154.43 , 1.100006
1.729 , 155.53 , 154.43 , 1.100006
1.731 , 155.53 , 154.42 , 1.110001
1.733 , 155.5 , 154.42 , 1.080002
1.735 , 155.53 , 154.41 , 1.119995
1.737 , 155.53 , 154.41 , 1.119995
1.738 , 155.53 , 154.4 , 1.130005
1.74 , 155.5 , 154.4 , 1.100006
1.742 , 155.5 , 154.39 , 1.110001
1.744 , 155.5 , 154.39 , 1.110001
1.746 , 155.48 , 154.38 , 1.099991
1.747 , 155.5 , 154.38 , 1.119995
1.749 , 155.44 , 154.37 , 1.070007
1.751 , 155.48 , 154.36 , 1.119995
1.753 , 155.48 , 154.36 , 1.119995
1.755 , 155.48 , 154.35 , 1.12999
1.757 , 155.44 , 154.35 , 1.089996
1.758 , 155.44 , 154.34 , 1.100006
1.76 , 155.48 , 154.34 , 1.139999
1.762 , 155.41 , 154.33 , 1.080002
1.764 , 155.41 , 154.33 , 1.080002
1.766 , 155.41 , 154.32 , 1.089996
1.767 , 155.44 , 154.32 , 1.119995
1.769 , 155.41 , 154.31 , 1.100006
1.771 , 155.41 , 154.3 , 1.110001
1.773 , 155.44 , 154.3 , 1.139999
1.774 , 155.41 , 154.3 , 1.110001
1.776 , 155.37 , 154.29 , 1.080002
1.778 , 155.41 , 154.28 , 1.130005
1.78 , 155.41 , 154.28 , 1.130005
1.782 , 155.37 , 154.27 , 1.099991
1.783 , 155.37 , 154.27 , 1.099991
1.785 , 155.37 , 154.26 , 1.110001
1.787 , 155.34 , 154.26 , 1.080002
1.797 , 155.32 , 154.23 , 1.090012
1.799 , 155.32 , 154.22 , 1.100006
1.801 , 155.32 , 154.22 , 1.100006
1.802 , 155.28 , 154.21 , 1.069992
1.804 , 155.28 , 154.21 , 1.069992
1.806 , 155.32 , 154.2 , 1.12001
1.808 , 155.28 , 154.19 , 1.089996
1.81 , 155.28 , 154.19 , 1.089996
1.812 , 155.28 , 154.18 , 1.100006
1.813 , 155.25 , 154.18 , 1.070007
1.815 , 155.25 , 154.17 , 1.080002
1.817 , 155.25 , 154.17 , 1.080002
1.819 , 155.25 , 154.16 , 1.089996
1.82 , 155.32 , 154.16 , 1.160004
1.822 , 155.28 , 154.15 , 1.130005
1.824 , 155.28 , 154.15 , 1.130005
1.826 , 155.25 , 154.14 , 1.110001
1.828 , 155.25 , 154.13 , 1.119995
1.829 , 155.25 , 154.13 , 1.119995
1.831 , 155.25 , 154.13 , 1.119995
1.833 , 155.25 , 154.12 , 1.130005
1.835 , 155.18 , 154.11 , 1.069992
1.837 , 155.25 , 154.11 , 1.139999
1.838 , 155.21 , 154.1 , 1.110001
1.84 , 155.25 , 154.1 , 1.149994
1.842 , 155.25 , 154.09 , 1.160004
1.844 , 155.21 , 154.09 , 1.12001
1.845 , 155.21 , 154.08 , 1.130005
1.847 , 155.21 , 154.08 , 1.130005
1.849 , 155.25 , 154.07 , 1.179993
1.851 , 155.21 , 154.07 , 1.139999
1.853 , 155.21 , 154.06 , 1.150009
1.854 , 155.21 , 154.06 , 1.150009
1.856 , 155.21 , 154.05 , 1.160004
1.858 , 155.25 , 154.04 , 1.210007
1.86 , 155.21 , 154.04 , 1.170013
1.862 , 155.18 , 154.03 , 1.149994
1.863 , 155.21 , 154.03 , 1.180008
1.865 , 155.18 , 154.02 , 1.159988
1.867 , 155.18 , 154.02 , 1.159988
1.869 , 155.18 , 154.01 , 1.169998
1.871 , 155.16 , 154.01 , 1.150009
1.872 , 155.21 , 154.0 , 1.210007
1.874 , 155.18 , 154.0 , 1.179993
1.876 , 155.18 , 153.99 , 1.189987
1.878 , 155.18 , 153.98 , 1.199997
1.88 , 155.16 , 153.98 , 1.180008
1.882 , 155.16 , 153.97 , 1.190002
1.883 , 155.18 , 153.97 , 1.209991
1.885 , 155.18 , 153.96 , 1.219986
1.887 , 155.16 , 153.96 , 1.199997
1.889 , 155.16 , 153.95 , 1.210007
1.891 , 155.16 , 153.95 , 1.210007
1.892 , 155.16 , 153.94 , 1.220001
1.894 , 155.16 , 153.94 , 1.220001
1.896 , 155.12 , 153.93 , 1.190002
1.898 , 155.16 , 153.92 , 1.240005
1.9 , 155.16 , 153.92 , 1.240005
1.901 , 155.18 , 153.92 , 1.259995
1.903 , 155.16 , 153.91 , 1.25
1.905 , 155.12 , 153.9 , 1.220001
1.907 , 155.12 , 153.9 , 1.220001
1.909 , 155.12 , 153.89 , 1.229996
1.91 , 155.16 , 153.89 , 1.270004
1.912 , 155.12 , 153.88 , 1.23999
1.914 , 155.16 , 153.88 , 1.279999
1.916 , 155.12 , 153.87 , 1.25
1.918 , 155.12 , 153.87 , 1.25
1.92 , 155.12 , 153.86 , 1.259995
1.921 , 155.12 , 153.86 , 1.259995
1.923 , 155.09 , 153.85 , 1.23999
1.925 , 155.09 , 153.84 , 1.25
1.927 , 155.09 , 153.84 , 1.25
1.929 , 155.09 , 153.83 , 1.259995
1.93 , 155.09 , 153.83 , 1.259995
1.932 , 155.09 , 153.82 , 1.269989
1.934 , 155.09 , 153.82 , 1.269989
1.936 , 155.09 , 153.81 , 1.279999
1.938 , 155.05 , 153.81 , 1.240005
1.94 , 155.05 , 153.8 , 1.25
1.941 , 155.05 , 153.8 , 1.25
1.943 , 155.05 , 153.79 , 1.26001
1.945 , 155.05 , 153.78 , 1.270004
1.947 , 155.05 , 153.78 , 1.270004
1.949 , 154.98 , 153.77 , 1.209991
1.95 , 155.02 , 153.77 , 1.25
1.952 , 155.02 , 153.76 , 1.26001
1.954 , 154.98 , 153.76 , 1.220001
1.956 , 154.96 , 153.75 , 1.210007
1.958 , 154.98 , 153.75 , 1.229996
1.959 , 154.98 , 153.74 , 1.23999
1.961 , 154.98 , 153.74 , 1.23999
1.963 , 154.96 , 153.73 , 1.230011
1.965 , 154.98 , 153.72 , 1.259995
1.967 , 154.98 , 153.72 , 1.259995
1.969 , 154.96 , 153.71 , 1.25
1.97 , 154.96 , 153.71 , 1.25
1.972 , 154.96 , 153.7 , 1.26001
1.974 , 154.96 , 153.7 , 1.26001
1.976 , 154.96 , 153.69 , 1.270004
1.977 , 154.96 , 153.69 , 1.270004
1.979 , 154.93 , 153.68 , 1.25
1.981 , 154.93 , 153.68 , 1.25
1.983 , 154.93 , 153.67 , 1.259995
1.985 , 154.96 , 153.66 , 1.300003
1.987 , 154.93 , 153.66 , 1.269989
1.988 , 154.89 , 153.66 , 1.229996
1.99 , 154.89 , 153.65 , 1.240005
1.992 , 154.89 , 153.64 , 1.25
1.994 , 154.86 , 153.64 , 1.220001
1.996 , 154.89 , 153.63 , 1.259995
1.998 , 154.89 , 153.63 , 1.259995
1.999 , 154.86 , 153.62 , 1.240005
2.001 , 154.86 , 153.62 , 1.240005
2.003 , 154.86 , 153.61 , 1.25
2.005 , 154.86 , 153.61 , 1.25
2.006 , 154.86 , 153.6 , 1.259995
2.008 , 154.82 , 153.6 , 1.220001
2.01 , 154.86 , 153.59 , 1.270004
2.012 , 154.82 , 153.58 , 1.240005
2.014 , 154.82 , 153.58 , 1.240005
2.015 , 154.82 , 153.58 , 1.240005
2.017 , 154.8 , 153.57 , 1.229996
2.019 , 154.8 , 153.56 , 1.240005
2.021 , 154.82 , 153.56 , 1.26001
2.022 , 154.82 , 153.55 , 1.270004
2.024 , 154.8 , 153.55 , 1.25
2.026 , 154.77 , 153.54 , 1.230011
2.028 , 154.73 , 153.54 , 1.190002
2.029 , 154.77 , 153.53 , 1.240005
2.031 , 154.77 , 153.53 , 1.240005
2.033 , 154.77 , 153.52 , 1.25
2.035 , 154.8 , 153.52 , 1.279999
2.037 , 154.77 , 153.51 , 1.26001
2.038 , 154.77 , 153.51 , 1.26001
2.04 , 154.77 , 153.5 , 1.270004
2.042 , 154.77 , 153.49 , 1.279999
2.044 , 154.73 , 153.49 , 1.23999
2.046 , 154.73 , 153.48 , 1.25
2.047 , 154.73 , 153.48 , 1.25
2.049 , 154.73 , 153.47 , 1.259995
2.051 , 154.77 , 153.47 , 1.300003
2.053 , 154.73 , 153.46 , 1.269989
2.055 , 154.73 , 153.46 , 1.269989
2.056 , 154.73 , 153.45 , 1.279999
2.058 , 154.7 , 153.45 , 1.25
2.06 , 154.66 , 153.44 , 1.220001
2.062 , 154.7 , 153.43 , 1.270004
2.064 , 154.7 , 153.43 , 1.270004
2.065 , 154.7 , 153.43 , 1.270004
2.067 , 154.66 , 153.42 , 1.240005
2.069 , 154.66 , 153.41 , 1.25
2.071 , 154.7 , 153.41 , 1.289993
2.073 , 154.66 , 153.4 , 1.26001
2.074 , 154.66 , 153.4 , 1.26001
2.076 , 154.66 , 153.39 , 1.270004
2.078 , 154.66 , 153.39 , 1.270004
2.08 , 154.66 , 153.38 , 1.279999
2.082 , 154.63 , 153.37 , 1.26001
2.083 , 154.63 , 153.37 , 1.26001
2.085 , 154.63 , 153.37 , 1.26001
2.087 , 154.57 , 153.36 , 1.210007
2.089 , 154.59 , 153.35 , 1.23999
2.091 , 154.63 , 153.35 , 1.279999
2.092 , 154.59 , 153.34 , 1.25
2.094 , 154.63 , 153.34 , 1.290009
2.096 , 154.59 , 153.33 , 1.259995
2.098 , 154.59 , 153.33 , 1.259995
2.1 , 154.59 , 153.32 , 1.269989
2.101 , 154.59 , 153.32 , 1.269989
2.103 , 154.59 , 153.31 , 1.279999
2.105 , 154.63 , 153.31 , 1.320007
2.107 , 154.57 , 153.3 , 1.270004
2.109 , 154.5 , 153.29 , 1.210007
2.11 , 154.57 , 153.29 , 1.280014
2.112 , 154.5 , 153.29 , 1.210007
2.114 , 154.57 , 153.28 , 1.290009
2.116 , 154.54 , 153.27 , 1.269989
2.118 , 154.5 , 153.27 , 1.229996
2.119 , 154.54 , 153.26 , 1.279999
2.121 , 154.5 , 153.26 , 1.240005
2.123 , 154.5 , 153.25 , 1.25
2.125 , 154.47 , 153.25 , 1.220001
2.126 , 154.47 , 153.24 , 1.229996
2.128 , 154.5 , 153.24 , 1.259995
2.13 , 154.47 , 153.23 , 1.240005
2.132 , 154.47 , 153.23 , 1.240005
2.134 , 154.5 , 153.22 , 1.279999
2.135 , 154.47 , 153.22 , 1.25
2.137 , 154.47 , 153.21 , 1.259995
2.139 , 154.43 , 153.2 , 1.229996
2.141 , 154.43 , 153.2 , 1.229996
2.142 , 154.43 , 153.2 , 1.229996
2.144 , 154.43 , 153.19 , 1.23999
2.146 , 154.43 , 153.18 , 1.25
2.148 , 154.47 , 153.18 , 1.290009
2.15 , 154.43 , 153.17 , 1.259995
2.152 , 154.41 , 153.17 , 1.240005
2.153 , 154.41 , 153.16 , 1.25
2.155 , 154.41 , 153.16 , 1.25
2.157 , 154.43 , 153.15 , 1.279999
2.159 , 154.41 , 153.14 , 1.270004
2.16 , 154.34 , 153.14 , 1.199997
2.162 , 154.41 , 153.14 , 1.270004
2.164 , 154.34 , 153.13 , 1.209991
2.166 , 154.34 , 153.12 , 1.220001
2.168 , 154.41 , 153.12 , 1.290009
2.169 , 154.34 , 153.11 , 1.229996
2.171 , 154.34 , 153.11 , 1.229996
2.173 , 154.34 , 153.1 , 1.23999
2.175 , 154.34 , 153.1 , 1.23999
2.177 , 154.34 , 153.09 , 1.25
2.179 , 154.31 , 153.08 , 1.229996
2.18 , 154.34 , 153.08 , 1.259995
2.182 , 154.34 , 153.08 , 1.259995
2.184 , 154.31 , 153.07 , 1.23999
2.186 , 154.27 , 153.06 , 1.210007
2.187 , 154.31 , 153.06 , 1.25
2.189 , 154.31 , 153.05 , 1.259995
2.191 , 154.27 , 153.05 , 1.220001
2.193 , 154.27 , 153.04 , 1.230011
2.195 , 154.27 , 153.04 , 1.230011
2.196 , 154.27 , 153.03 , 1.240005
2.198 , 154.27 , 153.03 , 1.240005
2.2 , 154.27 , 153.02 , 1.25
2.202 , 154.27 , 153.02 , 1.25
2.203 , 154.27 , 153.01 , 1.26001
2.205 , 154.25 , 153.01 , 1.240005
2.207 , 154.25 , 153.0 , 1.25
2.209 , 154.25 , 153.0 , 1.25
2.21 , 154.27 , 152.99 , 1.279999
2.212 , 154.31 , 152.99 , 1.319992
2.214 , 154.27 , 152.98 , 1.290009
2.216 , 154.25 , 152.97 , 1.279999
2.218 , 154.27 , 152.97 , 1.300003
2.219 , 154.25 , 152.97 , 1.279999
2.221 , 154.25 , 152.96 , 1.289993
2.223 , 154.25 , 152.95 , 1.300003
2.225 , 154.25 , 152.95 , 1.300003
2.226 , 154.25 , 152.94 , 1.309998
2.228 , 154.25 , 152.94 , 1.309998
2.23 , 154.25 , 152.93 , 1.320007
2.232 , 154.25 , 152.93 , 1.320007
2.233 , 154.22 , 152.92 , 1.300003
2.235 , 154.22 , 152.92 , 1.300003
2.237 , 154.22 , 152.91 , 1.309998
2.239 , 154.18 , 152.91 , 1.269989
2.241 , 154.22 , 152.9 , 1.320007
2.242 , 154.22 , 152.9 , 1.320007
2.244 , 154.22 , 152.89 , 1.330002
2.246 , 154.18 , 152.88 , 1.299988
2.248 , 154.18 , 152.88 , 1.299988
2.25 , 154.18 , 152.87 , 1.309998
2.252 , 154.18 , 152.87 , 1.309998
2.253 , 154.15 , 152.86 , 1.289993
2.255 , 154.15 , 152.86 , 1.289993
2.257 , 154.18 , 152.85 , 1.329987
2.259 , 154.15 , 152.85 , 1.299988
2.261 , 154.15 , 152.84 , 1.309998
2.263 , 154.15 , 152.83 , 1.319992
2.264 , 154.15 , 152.83 , 1.319992
2.266 , 154.11 , 152.82 , 1.289993
2.268 , 154.15 , 152.82 , 1.329987
2.27 , 154.11 , 152.81 , 1.300003
2.272 , 154.15 , 152.81 , 1.339996
2.273 , 154.09 , 152.8 , 1.289993
2.275 , 154.11 , 152.8 , 1.309998
2.277 , 154.11 , 152.79 , 1.320007
2.279 , 154.09 , 152.79 , 1.300003
2.28 , 154.04 , 152.78 , 1.259995
2.282 , 154.09 , 152.78 , 1.309998
2.284 , 154.09 , 152.77 , 1.319992
2.286 , 154.04 , 152.76 , 1.279999
2.288 , 154.04 , 152.76 , 1.279999
2.29 , 154.04 , 152.75 , 1.289993
2.292 , 154.09 , 152.75 , 1.339996
2.293 , 154.09 , 152.74 , 1.349991
2.295 , 154.09 , 152.74 , 1.349991
2.297 , 154.09 , 152.73 , 1.360001
2.299 , 154.04 , 152.73 , 1.309998
2.301 , 154.02 , 152.72 , 1.300003
2.302 , 154.04 , 152.72 , 1.319992
2.304 , 154.02 , 152.71 , 1.309998
2.306 , 154.02 , 152.71 , 1.309998
2.308 , 154.02 , 152.7 , 1.320007
2.31 , 154.04 , 152.69 , 1.349991
2.311 , 153.99 , 152.69 , 1.300003
2.313 , 153.95 , 152.68 , 1.270004
2.315 , 153.99 , 152.68 , 1.310013
2.317 , 153.99 , 152.67 , 1.320007
2.319 , 153.95 , 152.67 , 1.279999
2.32 , 153.95 , 152.66 , 1.289993
2.322 , 153.95 , 152.66 , 1.289993
2.324 , 153.95 , 152.65 , 1.300003
2.326 , 153.93 , 152.65 , 1.279999
2.328 , 153.95 , 152.64 , 1.309998
2.33 , 153.95 , 152.63 , 1.319992
2.331 , 153.93 , 152.63 , 1.299988
2.333 , 153.95 , 152.62 , 1.330002
2.335 , 153.93 , 152.62 , 1.309998
2.337 , 153.93 , 152.61 , 1.319992
2.339 , 153.93 , 152.61 , 1.319992
2.341 , 153.93 , 152.6 , 1.329987
2.342 , 153.88 , 152.6 , 1.279999
2.344 , 153.88 , 152.59 , 1.290009
2.346 , 153.93 , 152.59 , 1.339996
2.348 , 153.88 , 152.58 , 1.300003
2.35 , 153.86 , 152.57 , 1.289993
2.351 , 153.88 , 152.57 , 1.309998
2.353 , 153.93 , 152.56 , 1.369995
2.355 , 153.88 , 152.56 , 1.320007
2.357 , 153.86 , 152.55 , 1.309998
2.359 , 153.88 , 152.55 , 1.330002
2.36 , 153.86 , 152.54 , 1.320007
2.362 , 153.86 , 152.54 , 1.320007
2.364 , 153.83 , 152.53 , 1.300003
2.366 , 153.86 , 152.53 , 1.330002
2.368 , 153.86 , 152.52 , 1.339996
2.369 , 153.88 , 152.52 , 1.360001
2.371 , 153.86 , 152.51 , 1.350006
2.373 , 153.86 , 152.5 , 1.360001
2.375 , 153.83 , 152.5 , 1.330002
2.376 , 153.83 , 152.5 , 1.330002
2.378 , 153.83 , 152.49 , 1.339996
2.38 , 153.79 , 152.48 , 1.309998
2.382 , 153.83 , 152.48 , 1.350006
2.384 , 153.79 , 152.47 , 1.319992
2.385 , 153.79 , 152.47 , 1.319992
2.387 , 153.83 , 152.46 , 1.369995
2.389 , 153.83 , 152.46 , 1.369995
2.391 , 153.79 , 152.45 , 1.339996
2.393 , 153.83 , 152.44 , 1.389999
2.394 , 153.83 , 152.44 , 1.389999
2.396 , 153.83 , 152.44 , 1.389999
2.398 , 153.83 , 152.43 , 1.400009
2.4 , 153.83 , 152.42 , 1.410004
2.402 , 153.83 , 152.42 , 1.410004
2.403 , 153.86 , 152.42 , 1.440002
2.405 , 153.83 , 152.41 , 1.419998
2.407 , 153.83 , 152.4 , 1.430008
2.409 , 153.86 , 152.4 , 1.460007
2.411 , 153.86 , 152.39 , 1.470001
2.412 , 153.88 , 152.39 , 1.490005
2.414 , 153.86 , 152.38 , 1.479996
2.416 , 153.88 , 152.38 , 1.5
2.418 , 153.93 , 152.37 , 1.559998
2.42 , 153.95 , 152.36 , 1.589996
2.421 , 153.93 , 152.36 , 1.569992
2.423 , 153.95 , 152.36 , 1.589996
2.425 , 153.99 , 152.35 , 1.639999
2.427 , 153.99 , 152.34 , 1.650009
2.429 , 153.95 , 152.34 , 1.610001
2.431 , 154.02 , 152.33 , 1.690002
2.432 , 154.02 , 152.33 , 1.690002
2.434 , 154.02 , 152.32 , 1.699997
2.436 , 154.02 , 152.32 , 1.699997
2.438 , 154.02 , 152.31 , 1.710007
2.439 , 154.02 , 152.31 , 1.710007
2.441 , 154.04 , 152.3 , 1.73999
2.443 , 154.09 , 152.3 , 1.789993
2.445 , 154.02 , 152.29 , 1.730011
2.447 , 154.09 , 152.28 , 1.809998
2.448 , 154.09 , 152.28 , 1.809998
2.45 , 154.09 , 152.27 , 1.819992
2.452 , 154.09 , 152.27 , 1.819992
2.454 , 154.09 , 152.26 , 1.830002
2.456 , 154.09 , 152.26 , 1.830002
2.458 , 154.09 , 152.25 , 1.839996
2.46 , 154.09 , 152.24 , 1.849991
2.461 , 154.04 , 152.24 , 1.799988
2.463 , 154.09 , 152.24 , 1.849991
2.465 , 154.02 , 152.23 , 1.790009
2.467 , 154.04 , 152.22 , 1.819992
2.469 , 154.04 , 152.22 , 1.819992
2.47 , 154.04 , 152.21 , 1.829987
2.472 , 154.09 , 152.21 , 1.87999
2.474 , 154.04 , 152.2 , 1.839996
2.476 , 154.09 , 152.2 , 1.889999
2.478 , 154.04 , 152.19 , 1.849991
2.48 , 154.02 , 152.18 , 1.840012
2.481 , 154.02 , 152.18 , 1.840012
2.483 , 154.02 , 152.18 , 1.840012
2.485 , 153.99 , 152.17 , 1.820007
2.487 , 153.99 , 152.16 , 1.830002
2.489 , 153.99 , 152.16 , 1.830002
2.49 , 153.95 , 152.15 , 1.800003
2.492 , 153.95 , 152.15 , 1.800003
2.494 , 153.99 , 152.14 , 1.850006
2.496 , 153.95 , 152.14 , 1.809998
2.498 , 153.95 , 152.13 , 1.819992
2.499 , 153.93 , 152.13 , 1.799988
2.501 , 153.88 , 152.12 , 1.76001
2.503 , 153.93 , 152.12 , 1.809998
2.505 , 153.88 , 152.11 , 1.770004
2.507 , 153.88 , 152.1 , 1.779999
2.508 , 153.88 , 152.1 , 1.779999
2.51 , 153.86 , 152.1 , 1.759995
2.512 , 153.86 , 152.09 , 1.770004
2.514 , 153.86 , 152.08 , 1.779999
2.516 , 153.83 , 152.08 , 1.75
2.517 , 153.83 , 152.07 , 1.759995
2.519 , 153.83 , 152.07 , 1.759995
2.521 , 153.77 , 152.06 , 1.710007
2.523 , 153.77 , 152.06 , 1.710007
2.525 , 153.77 , 152.05 , 1.720001
2.526 , 153.77 , 152.05 , 1.720001
2.528 , 153.72 , 152.04 , 1.680008
2.53 , 153.72 , 152.04 , 1.680008
2.532 , 153.72 , 152.03 , 1.690002
2.533 , 153.72 , 152.03 , 1.690002
2.535 , 153.7 , 152.02 , 1.679993
2.537 , 153.7 , 152.01 , 1.690002
2.539 , 153.7 , 152.01 , 1.690002
2.541 , 153.63 , 152.0 , 1.630005
2.542 , 153.67 , 152.0 , 1.669998
2.544 , 153.67 , 151.99 , 1.679993
2.546 , 153.63 , 151.99 , 1.639999
2.548 , 153.63 , 151.98 , 1.650009
2.55 , 153.6 , 151.98 , 1.62001
2.551 , 153.63 , 151.97 , 1.660004
2.553 , 153.6 , 151.97 , 1.630005
2.555 , 153.63 , 151.96 , 1.669998
2.557 , 153.6 , 151.95 , 1.650009
2.558 , 153.63 , 151.95 , 1.680008
2.56 , 153.6 , 151.95 , 1.650009
2.562 , 153.6 , 151.94 , 1.660004
2.564 , 153.56 , 151.93 , 1.630005
2.566 , 153.56 , 151.93 , 1.630005
2.568 , 153.54 , 151.92 , 1.619995
2.569 , 153.54 , 151.92 , 1.619995
2.58 , 153.49 , 151.89 , 1.600006
2.581 , 153.54 , 151.88 , 1.659988
2.583 , 153.54 , 151.88 , 1.659988
2.585 , 153.47 , 151.87 , 1.600006
2.587 , 153.47 , 151.86 , 1.610001
2.589 , 153.47 , 151.86 , 1.610001
2.59 , 153.44 , 151.86 , 1.580002
2.592 , 153.44 , 151.85 , 1.589996
2.594 , 153.47 , 151.84 , 1.630005
2.596 , 153.47 , 151.84 , 1.630005
2.598 , 153.47 , 151.83 , 1.639999
2.599 , 153.44 , 151.83 , 1.610001
2.601 , 153.44 , 151.82 , 1.619995
2.603 , 153.4 , 151.82 , 1.579987
2.605 , 153.44 , 151.81 , 1.630005
2.607 , 153.44 , 151.81 , 1.630005
2.608 , 153.4 , 151.8 , 1.599991
2.61 , 153.44 , 151.8 , 1.639999
2.612 , 153.4 , 151.79 , 1.610001
2.614 , 153.44 , 151.78 , 1.660004
2.616 , 153.4 , 151.78 , 1.619995
2.617 , 153.4 , 151.78 , 1.619995
2.619 , 153.38 , 151.77 , 1.610001
2.621 , 153.38 , 151.76 , 1.62001
2.623 , 153.33 , 151.76 , 1.570007
2.625 , 153.33 , 151.75 , 1.580002
2.626 , 153.33 , 151.75 , 1.580002
2.628 , 153.33 , 151.74 , 1.589996
2.63 , 153.31 , 151.74 , 1.569992
2.632 , 153.28 , 151.73 , 1.550003
2.634 , 153.31 , 151.72 , 1.589996
2.635 , 153.33 , 151.72 , 1.610001
2.637 , 153.28 , 151.72 , 1.559998
2.639 , 153.31 , 151.71 , 1.599991
2.641 , 153.28 , 151.7 , 1.580002
2.643 , 153.24 , 151.7 , 1.540009
2.644 , 153.24 , 151.69 , 1.550003
2.646 , 153.28 , 151.69 , 1.589996
2.648 , 153.28 , 151.68 , 1.600006
2.65 , 153.28 , 151.68 , 1.600006
2.652 , 153.24 , 151.67 , 1.570007
2.653 , 153.24 , 151.67 , 1.570007
2.655 , 153.28 , 151.66 , 1.619995
2.657 , 153.24 , 151.66 , 1.580002
2.659 , 153.28 , 151.65 , 1.630005
2.661 , 153.24 , 151.64 , 1.600006
2.662 , 153.24 , 151.64 , 1.600006
2.664 , 153.24 , 151.63 , 1.610001
2.666 , 153.22 , 151.63 , 1.589996
2.668 , 153.22 , 151.62 , 1.600006
2.67 , 153.28 , 151.62 , 1.660004
2.671 , 153.22 , 151.61 , 1.610001
2.673 , 153.22 , 151.61 , 1.610001
2.675 , 153.22 , 151.6 , 1.619995
2.677 , 153.24 , 151.6 , 1.639999
2.678 , 153.24 , 151.59 , 1.650009
2.68 , 153.22 , 151.59 , 1.630005
2.682 , 153.22 , 151.58 , 1.639999
2.684 , 153.24 , 151.57 , 1.669998
2.686 , 153.22 , 151.57 , 1.649994
2.687 , 153.22 , 151.57 , 1.649994
2.689 , 153.17 , 151.56 , 1.610001
2.691 , 153.22 , 151.55 , 1.669998
2.693 , 153.17 , 151.55 , 1.619995
2.695 , 153.22 , 151.54 , 1.680008
2.696 , 153.24 , 151.54 , 1.700012
2.698 , 153.17 , 151.53 , 1.639999
2.7 , 153.17 , 151.53 , 1.639999
2.702 , 153.22 , 151.52 , 1.699997
2.704 , 153.15 , 151.52 , 1.62999
2.706 , 153.22 , 151.51 , 1.710007
2.707 , 153.17 , 151.51 , 1.660004
2.709 , 153.17 , 151.5 , 1.669998
2.711 , 153.17 , 151.49 , 1.679993
2.713 , 153.17 , 151.49 , 1.679993
2.715 , 153.15 , 151.48 , 1.669998
2.716 , 153.17 , 151.48 , 1.690002
2.718 , 153.1 , 151.47 , 1.630005
2.72 , 153.15 , 151.47 , 1.679993
2.722 , 153.1 , 151.46 , 1.639999
2.724 , 153.15 , 151.46 , 1.689987
2.726 , 153.15 , 151.45 , 1.699997
2.727 , 153.15 , 151.45 , 1.699997
2.729 , 153.1 , 151.44 , 1.660004
2.731 , 153.17 , 151.43 , 1.740005
2.733 , 153.1 , 151.43 , 1.670013
2.735 , 153.1 , 151.42 , 1.680008
2.736 , 153.1 , 151.42 , 1.680008
2.738 , 153.08 , 151.41 , 1.669998
2.74 , 153.1 , 151.41 , 1.690002
2.742 , 153.1 , 151.4 , 1.700012
2.743 , 153.08 , 151.4 , 1.680008
2.745 , 153.15 , 151.39 , 1.759995
2.747 , 153.08 , 151.39 , 1.690002
2.749 , 153.1 , 151.38 , 1.720001
2.751 , 153.08 , 151.37 , 1.710007
2.753 , 153.08 , 151.37 , 1.710007
2.754 , 153.06 , 151.37 , 1.690002
2.756 , 153.06 , 151.36 , 1.699997
2.758 , 153.06 , 151.35 , 1.709991
2.76 , 153.06 , 151.35 , 1.709991
2.762 , 153.06 , 151.34 , 1.720001
2.763 , 153.06 , 151.34 , 1.720001
2.765 , 153.01 , 151.33 , 1.679993
2.767 , 152.99 , 151.33 , 1.660004
2.769 , 153.01 , 151.32 , 1.689987
2.771 , 153.01 , 151.31 , 1.699997
2.772 , 152.99 , 151.31 , 1.680008
2.774 , 152.99 , 151.31 , 1.680008
2.776 , 153.01 , 151.3 , 1.709991
2.778 , 152.99 , 151.29 , 1.700012
2.78 , 152.99 , 151.29 , 1.700012
2.781 , 152.99 , 151.28 , 1.710007
2.783 , 152.94 , 151.28 , 1.660004
2.785 , 152.94 , 151.27 , 1.669998
2.787 , 152.94 , 151.27 , 1.669998
2.789 , 152.94 , 151.26 , 1.680008
2.791 , 152.94 , 151.25 , 1.690002
2.792 , 152.99 , 151.25 , 1.740005
2.794 , 152.92 , 151.25 , 1.669998
2.796 , 152.92 , 151.24 , 1.679993
2.798 , 152.92 , 151.23 , 1.690002
2.8 , 152.92 , 151.23 , 1.690002
2.801 , 152.92 , 151.23 , 1.690002
2.803 , 152.9 , 151.22 , 1.679993
2.805 , 152.92 , 151.21 , 1.709991
2.807 , 152.9 , 151.21 , 1.689987
2.809 , 152.9 , 151.2 , 1.699997
2.811 , 152.9 , 151.2 , 1.699997
2.812 , 152.9 , 151.19 , 1.709991
2.814 , 152.85 , 151.19 , 1.660004
2.816 , 152.85 , 151.18 , 1.670013
2.818 , 152.9 , 151.17 , 1.729996
2.82 , 152.9 , 151.17 , 1.729996
2.822 , 152.85 , 151.16 , 1.690002
2.823 , 152.85 , 151.16 , 1.690002
2.825 , 152.83 , 151.15 , 1.680008
2.827 , 152.9 , 151.15 , 1.75
2.829 , 152.9 , 151.14 , 1.759995
2.831 , 152.85 , 151.14 , 1.710007
2.832 , 152.83 , 151.13 , 1.699997
2.834 , 152.85 , 151.13 , 1.720001
2.836 , 152.85 , 151.12 , 1.730011
2.838 , 152.83 , 151.11 , 1.720001
2.839 , 152.85 , 151.11 , 1.740005
2.841 , 152.83 , 151.11 , 1.720001
2.843 , 152.78 , 151.1 , 1.679993
2.845 , 152.78 , 151.09 , 1.690002
2.847 , 152.78 , 151.09 , 1.690002
2.848 , 152.78 , 151.08 , 1.699997
2.85 , 152.83 , 151.08 , 1.75
2.852 , 152.78 , 151.07 , 1.709991
2.854 , 152.78 , 151.07 , 1.709991
2.856 , 152.78 , 151.06 , 1.720001
2.858 , 152.83 , 151.05 , 1.779999
2.859 , 152.78 , 151.05 , 1.729996
2.861 , 152.78 , 151.05 , 1.729996
2.863 , 152.78 , 151.04 , 1.740005
2.865 , 152.76 , 151.03 , 1.729996
2.867 , 152.76 , 151.03 , 1.729996
2.869 , 152.74 , 151.02 , 1.720001
2.87 , 152.74 , 151.02 , 1.720001
2.872 , 152.74 , 151.01 , 1.730011
2.874 , 152.76 , 151.01 , 1.75
2.876 , 152.76 , 151.0 , 1.759995
2.878 , 152.76 , 150.99 , 1.769989
2.879 , 152.74 , 150.99 , 1.75
2.881 , 152.74 , 150.99 , 1.75
2.883 , 152.74 , 150.98 , 1.76001
2.885 , 152.74 , 150.97 , 1.770004
2.887 , 152.69 , 150.97 , 1.720001
2.888 , 152.74 , 150.96 , 1.779999
2.89 , 152.69 , 150.96 , 1.729996
2.892 , 152.69 , 150.95 , 1.740005
2.894 , 152.69 , 150.95 , 1.740005
2.895 , 152.69 , 150.94 , 1.75
2.897 , 152.67 , 150.94 , 1.729996
2.899 , 152.67 , 150.93 , 1.740005
2.901 , 152.67 , 150.93 , 1.740005
2.903 , 152.62 , 150.92 , 1.699997
2.905 , 152.62 , 150.91 , 1.709991
2.906 , 152.62 , 150.91 , 1.709991
2.908 , 152.67 , 150.91 , 1.759995
2.91 , 152.62 , 150.9 , 1.720001
2.912 , 152.62 , 150.89 , 1.729996
2.914 , 152.62 , 150.89 , 1.729996
2.916 , 152.62 , 150.88 , 1.73999
2.918 , 152.62 , 150.88 , 1.73999
2.919 , 152.62 , 150.87 , 1.75
2.921 , 152.6 , 150.87 , 1.730011
2.923 , 152.62 , 150.86 , 1.759995
2.925 , 152.6 , 150.85 , 1.75
2.926 , 152.6 , 150.85 , 1.75
2.928 , 152.6 , 150.85 , 1.75
2.93 , 152.55 , 150.84 , 1.710007
2.932 , 152.55 , 150.83 , 1.720001
2.934 , 152.53 , 150.83 , 1.699997
2.935 , 152.6 , 150.82 , 1.779999
2.937 , 152.6 , 150.82 , 1.779999
2.939 , 152.6 , 150.81 , 1.790009
2.941 , 152.55 , 150.81 , 1.740005
2.943 , 152.53 , 150.8 , 1.729996
2.944 , 152.53 , 150.8 , 1.729996
2.946 , 152.55 , 150.79 , 1.76001
2.948 , 152.53 , 150.79 , 1.740005
2.95 , 152.55 , 150.78 , 1.770004
2.952 , 152.55 , 150.77 , 1.779999
2.953 , 152.53 , 150.77 , 1.759995
2.955 , 152.53 , 150.76 , 1.770004
2.957 , 152.53 , 150.76 , 1.770004
2.959 , 152.53 , 150.75 , 1.779999
2.961 , 152.53 , 150.75 , 1.779999
2.963 , 152.53 , 150.74 , 1.789993
2.964 , 152.53 , 150.74 , 1.789993
2.966 , 152.51 , 150.73 , 1.779999
2.968 , 152.51 , 150.73 , 1.779999
2.97 , 152.53 , 150.72 , 1.809998
2.972 , 152.51 , 150.71 , 1.799988
2.974 , 152.46 , 150.71 , 1.75
2.975 , 152.44 , 150.7 , 1.740005
2.977 , 152.44 , 150.7 , 1.740005
2.979 , 152.51 , 150.69 , 1.819992
2.981 , 152.51 , 150.69 , 1.819992
2.983 , 152.44 , 150.68 , 1.76001
2.985 , 152.39 , 150.67 , 1.720001
2.986 , 152.39 , 150.67 , 1.720001
2.988 , 152.44 , 150.67 , 1.770004
2.99 , 152.39 , 150.66 , 1.729996
2.992 , 152.39 , 150.65 , 1.740005
2.994 , 152.44 , 150.65 , 1.790009
2.996 , 152.39 , 150.64 , 1.75
2.997 , 152.39 , 150.64 , 1.75
2.999 , 152.37 , 150.63 , 1.73999
3.001 , 152.37 , 150.63 , 1.73999
3.003 , 152.39 , 150.62 , 1.770004
3.005 , 152.37 , 150.62 , 1.75
3.006 , 152.37 , 150.61 , 1.759995
3.008 , 152.39 , 150.61 , 1.779999
3.01 , 152.37 , 150.6 , 1.769989
3.012 , 152.37 , 150.59 , 1.779999
3.014 , 152.37 , 150.59 , 1.779999
3.016 , 152.35 , 150.58 , 1.770004
3.017 , 152.37 , 150.58 , 1.789993
3.019 , 152.37 , 150.57 , 1.799988
3.021 , 152.35 , 150.57 , 1.779999
3.023 , 152.35 , 150.56 , 1.790009
3.025 , 152.35 , 150.56 , 1.790009
3.026 , 152.35 , 150.55 , 1.800003
3.028 , 152.35 , 150.55 , 1.800003
3.03 , 152.3 , 150.54 , 1.76001
3.032 , 152.3 , 150.53 , 1.770004
3.033 , 152.3 , 150.53 , 1.770004
3.035 , 152.3 , 150.53 , 1.770004
3.037 , 152.3 , 150.52 , 1.779999
3.039 , 152.3 , 150.51 , 1.790009
3.04 , 152.35 , 150.51 , 1.840012
3.042 , 152.3 , 150.5 , 1.800003
3.044 , 152.3 , 150.5 , 1.800003
3.046 , 152.28 , 150.49 , 1.789993
3.048 , 152.28 , 150.49 , 1.789993
3.049 , 152.28 , 150.48 , 1.800003
3.051 , 152.23 , 150.48 , 1.75
3.053 , 152.28 , 150.47 , 1.809998
3.055 , 152.3 , 150.47 , 1.830002
3.056 , 152.28 , 150.46 , 1.819992
3.058 , 152.28 , 150.46 , 1.819992
3.06 , 152.23 , 150.45 , 1.779999
3.062 , 152.28 , 150.44 , 1.839996
3.064 , 152.23 , 150.44 , 1.789993
3.066 , 152.23 , 150.43 , 1.800003
3.067 , 152.21 , 150.43 , 1.780014
3.069 , 152.21 , 150.42 , 1.790009
3.071 , 152.21 , 150.42 , 1.790009
3.073 , 152.21 , 150.41 , 1.800003
3.075 , 152.21 , 150.41 , 1.800003
3.076 , 152.21 , 150.4 , 1.810013
3.078 , 152.21 , 150.4 , 1.810013
3.08 , 152.19 , 150.39 , 1.800003
3.082 , 152.21 , 150.38 , 1.830002
3.083 , 152.19 , 150.38 , 1.809998
3.085 , 152.14 , 150.38 , 1.759995
3.087 , 152.19 , 150.37 , 1.820007
3.089 , 152.14 , 150.36 , 1.779999
3.091 , 152.19 , 150.36 , 1.830002
3.092 , 152.12 , 150.35 , 1.769989
3.094 , 152.12 , 150.35 , 1.769989
3.096 , 152.14 , 150.34 , 1.800003
3.098 , 152.14 , 150.34 , 1.800003
3.1 , 152.19 , 150.33 , 1.860001
3.101 , 152.14 , 150.33 , 1.809998
3.103 , 152.14 , 150.32 , 1.819992
3.105 , 152.07 , 150.32 , 1.75
3.107 , 152.14 , 150.31 , 1.830002
3.108 , 152.12 , 150.31 , 1.809998
3.11 , 152.07 , 150.3 , 1.770004
3.112 , 152.07 , 150.3 , 1.770004
3.114 , 152.12 , 150.29 , 1.830002
3.115 , 152.12 , 150.29 , 1.830002
3.117 , 152.07 , 150.28 , 1.790009
3.119 , 152.12 , 150.27 , 1.849991
3.121 , 152.12 , 150.27 , 1.849991
3.123 , 152.05 , 150.26 , 1.790009
3.124 , 152.12 , 150.26 , 1.860001
3.126 , 152.07 , 150.25 , 1.820007
3.128 , 152.07 , 150.25 , 1.820007
3.13 , 152.0 , 150.24 , 1.759995
3.131 , 152.0 , 150.24 , 1.759995
3.133 , 152.05 , 150.23 , 1.820007
3.135 , 152.0 , 150.23 , 1.770004
3.137 , 152.05 , 150.22 , 1.830002
3.138 , 152.0 , 150.22 , 1.779999
3.14 , 152.0 , 150.21 , 1.789993
3.142 , 152.05 , 150.21 , 1.839996
3.144 , 152.0 , 150.2 , 1.800003
3.145 , 152.0 , 150.2 , 1.800003
3.147 , 152.0 , 150.19 , 1.809998
3.149 , 151.98 , 150.18 , 1.800003
3.151 , 151.98 , 150.18 , 1.800003
3.153 , 152.0 , 150.17 , 1.830002
3.154 , 151.98 , 150.17 , 1.809998
3.156 , 151.98 , 150.16 , 1.819992
3.158 , 151.98 , 150.16 , 1.819992
3.16 , 151.96 , 150.15 , 1.810013
3.162 , 151.96 , 150.15 , 1.810013
3.163 , 151.96 , 150.14 , 1.820007
3.165 , 151.98 , 150.14 , 1.839996
3.167 , 151.96 , 150.13 , 1.830002
3.169 , 151.96 , 150.12 , 1.840012
3.171 , 151.91 , 150.12 , 1.790009
3.172 , 151.91 , 150.12 , 1.790009
3.174 , 151.98 , 150.11 , 1.869995
3.176 , 151.96 , 150.1 , 1.860001
3.178 , 151.96 , 150.1 , 1.860001
3.18 , 151.91 , 150.09 , 1.820007
3.181 , 151.91 , 150.09 , 1.820007
3.183 , 151.89 , 150.08 , 1.809998
3.185 , 151.91 , 150.08 , 1.830002
3.187 , 151.91 , 150.07 , 1.839996
3.188 , 151.91 , 150.07 , 1.839996
3.19 , 151.89 , 150.06 , 1.830002
3.192 , 151.91 , 150.06 , 1.850006
3.194 , 151.89 , 150.05 , 1.839996
3.196 , 151.89 , 150.04 , 1.850006
3.197 , 151.91 , 150.04 , 1.87001
3.199 , 151.89 , 150.04 , 1.850006
3.201 , 151.89 , 150.03 , 1.860001
3.203 , 151.89 , 150.02 , 1.869995
3.205 , 151.84 , 150.02 , 1.819992
3.207 , 151.84 , 150.01 , 1.830002
3.208 , 151.84 , 150.01 , 1.830002
3.21 , 151.89 , 150.0 , 1.889999
3.212 , 151.84 , 150.0 , 1.839996
3.214 , 151.84 , 149.99 , 1.849991
3.216 , 151.84 , 149.98 , 1.860001
3.218 , 151.84 , 149.98 , 1.860001
3.219 , 151.84 , 149.98 , 1.860001
3.221 , 151.84 , 149.97 , 1.869995
3.223 , 151.82 , 149.96 , 1.860001
3.225 , 151.84 , 149.96 , 1.87999
3.227 , 151.82 , 149.95 , 1.87001
3.229 , 151.8 , 149.95 , 1.850006
3.23 , 151.8 , 149.94 , 1.860001
3.232 , 151.82 , 149.94 , 1.880005
3.234 , 151.8 , 149.93 , 1.87001
3.236 , 151.84 , 149.92 , 1.919998
3.237 , 151.84 , 149.92 , 1.919998
3.239 , 151.82 , 149.92 , 1.900009
3.241 , 151.8 , 149.91 , 1.889999
3.243 , 151.82 , 149.9 , 1.920013
3.245 , 151.82 , 149.9 , 1.920013
3.247 , 151.8 , 149.89 , 1.910004
3.248 , 151.82 , 149.89 , 1.930008
3.25 , 151.84 , 149.88 , 1.959991
3.252 , 151.89 , 149.88 , 2.009995
3.254 , 151.84 , 149.87 , 1.970001
3.256 , 151.84 , 149.86 , 1.979996
3.258 , 151.89 , 149.86 , 2.029999
3.259 , 151.84 , 149.86 , 1.979996
3.261 , 151.89 , 149.85 , 2.039993
3.263 , 151.91 , 149.84 , 2.070007
3.265 , 151.91 , 149.84 , 2.070007
3.267 , 151.91 , 149.83 , 2.080002
3.268 , 151.91 , 149.83 , 2.080002
3.27 , 151.91 , 149.82 , 2.089996
3.272 , 151.98 , 149.82 , 2.159988
3.274 , 151.98 , 149.81 , 2.169998
3.276 , 151.98 , 149.8 , 2.179993
3.278 , 151.98 , 149.8 , 2.179993
3.279 , 152.0 , 149.8 , 2.199997
3.281 , 152.05 , 149.79 , 2.26001
3.283 , 152.0 , 149.78 , 2.220001
3.285 , 152.0 , 149.78 , 2.220001
3.287 , 152.05 , 149.77 , 2.279999
3.288 , 152.05 , 149.77 , 2.279999
3.29 , 152.05 , 149.76 , 2.290009
3.292 , 152.0 , 149.76 , 2.240005
3.294 , 152.05 , 149.75 , 2.300003
3.296 , 152.05 , 149.74 , 2.309998
3.297 , 152.05 , 149.74 , 2.309998
3.299 , 152.05 , 149.74 , 2.309998
3.301 , 152.0 , 149.73 , 2.270004
3.303 , 152.0 , 149.72 , 2.279999
3.305 , 152.0 , 149.72 , 2.279999
3.306 , 152.0 , 149.72 , 2.279999
3.308 , 152.0 , 149.71 , 2.289993
3.31 , 152.0 , 149.7 , 2.300003
3.312 , 152.0 , 149.7 , 2.300003
3.313 , 152.0 , 149.69 , 2.309998
3.315 , 151.98 , 149.69 , 2.289993
3.317 , 151.98 , 149.68 , 2.300003
3.319 , 151.98 , 149.68 , 2.300003
3.321 , 151.98 , 149.67 , 2.309998
3.323 , 151.98 , 149.66 , 2.319992
3.324 , 151.98 , 149.66 , 2.319992
3.326 , 151.91 , 149.66 , 2.25
3.328 , 151.89 , 149.65 , 2.240005
3.33 , 151.91 , 149.64 , 2.270004
3.332 , 151.91 , 149.64 , 2.270004
3.333 , 151.89 , 149.63 , 2.259995
3.335 , 151.89 , 149.63 , 2.259995
3.337 , 151.89 , 149.62 , 2.270004
3.339 , 151.84 , 149.62 , 2.220001
3.341 , 151.84 , 149.61 , 2.229996
3.343 , 151.84 , 149.6 , 2.23999
3.344 , 151.89 , 149.6 , 2.289993
3.346 , 151.89 , 149.6 , 2.289993
3.348 , 151.89 , 149.59 , 2.300003
3.35 , 151.82 , 149.58 , 2.240005
3.352 , 151.84 , 149.58 , 2.259995
3.354 , 151.8 , 149.57 , 2.229996
3.355 , 151.82 , 149.57 , 2.25
3.365 , 151.73 , 149.54 , 2.190002
3.367 , 151.68 , 149.53 , 2.149994
3.369 , 151.68 , 149.53 , 2.149994
3.371 , 151.68 , 149.52 , 2.159988
3.373 , 151.68 , 149.51 , 2.169998
3.375 , 151.68 , 149.51 , 2.169998
3.377 , 151.68 , 149.5 , 2.179993
3.378 , 151.66 , 149.5 , 2.160004
3.38 , 151.61 , 149.49 , 2.119995
3.382 , 151.66 , 149.49 , 2.169998
3.384 , 151.66 , 149.48 , 2.180008
3.385 , 151.61 , 149.48 , 2.130005
3.387 , 151.61 , 149.47 , 2.139999
3.389 , 151.59 , 149.47 , 2.119995
3.391 , 151.59 , 149.46 , 2.12999
3.393 , 151.59 , 149.45 , 2.139999
3.395 , 151.57 , 149.45 , 2.12001
3.396 , 151.57 , 149.45 , 2.12001
3.398 , 151.57 , 149.44 , 2.130005
3.4 , 151.52 , 149.43 , 2.090012
3.402 , 151.57 , 149.43 , 2.140015
3.404 , 151.52 , 149.42 , 2.100006
3.405 , 151.52 , 149.42 , 2.100006
3.407 , 151.52 , 149.41 , 2.110001
3.409 , 151.57 , 149.41 , 2.160004
3.411 , 151.5 , 149.4 , 2.100006
3.412 , 151.52 , 149.4 , 2.12001
3.414 , 151.52 , 149.39 , 2.130005
3.416 , 151.5 , 149.39 , 2.110001
3.418 , 151.45 , 149.38 , 2.069992
3.42 , 151.5 , 149.37 , 2.130005
3.421 , 151.45 , 149.37 , 2.080002
3.423 , 151.45 , 149.37 , 2.080002
3.425 , 151.43 , 149.36 , 2.069992
3.427 , 151.41 , 149.35 , 2.059998
3.428 , 151.43 , 149.35 , 2.079987
3.43 , 151.43 , 149.34 , 2.089996
3.432 , 151.43 , 149.34 , 2.089996
3.434 , 151.41 , 149.33 , 2.080002
3.436 , 151.41 , 149.33 , 2.080002
3.437 , 151.41 , 149.32 , 2.089996
3.439 , 151.41 , 149.32 , 2.089996
3.441 , 151.41 , 149.31 , 2.100006
3.443 , 151.41 , 149.31 , 2.100006
3.445 , 151.41 , 149.3 , 2.110001
3.446 , 151.36 , 149.3 , 2.059998
3.448 , 151.41 , 149.29 , 2.12001
3.45 , 151.36 , 149.28 , 2.080002
3.452 , 151.41 , 149.28 , 2.130005
3.453 , 151.36 , 149.28 , 2.080002
3.455 , 151.34 , 149.27 , 2.069992
3.457 , 151.36 , 149.26 , 2.100006
3.459 , 151.36 , 149.26 , 2.100006
3.461 , 151.36 , 149.25 , 2.110001
3.462 , 151.36 , 149.25 , 2.110001
3.464 , 151.34 , 149.24 , 2.099991
3.466 , 151.34 , 149.24 , 2.099991
3.468 , 151.29 , 149.23 , 2.059998
3.47 , 151.34 , 149.22 , 2.119995
3.471 , 151.29 , 149.22 , 2.069992
3.473 , 151.34 , 149.22 , 2.119995
3.475 , 151.27 , 149.21 , 2.059998
3.477 , 151.29 , 149.2 , 2.089996
3.479 , 151.29 , 149.2 , 2.089996
3.481 , 151.27 , 149.19 , 2.080002
3.482 , 151.29 , 149.19 , 2.099991
3.484 , 151.29 , 149.18 , 2.110001
3.486 , 151.29 , 149.18 , 2.110001
3.488 , 151.27 , 149.17 , 2.100006
3.49 , 151.27 , 149.16 , 2.110001
3.491 , 151.25 , 149.16 , 2.089996
3.493 , 151.27 , 149.16 , 2.110001
3.495 , 151.27 , 149.15 , 2.12001
3.497 , 151.25 , 149.14 , 2.110001
3.499 , 151.29 , 149.14 , 2.149994
3.5 , 151.25 , 149.14 , 2.110001
3.502 , 151.25 , 149.13 , 2.119995
3.504 , 151.25 , 149.12 , 2.130005
3.506 , 151.25 , 149.12 , 2.130005
3.507 , 151.2 , 149.11 , 2.089996
3.509 , 151.2 , 149.11 , 2.089996
3.511 , 151.25 , 149.1 , 2.149994
3.513 , 151.2 , 149.1 , 2.099991
3.515 , 151.25 , 149.09 , 2.160004
3.517 , 151.2 , 149.08 , 2.119995
3.518 , 151.2 , 149.08 , 2.119995
3.52 , 151.2 , 149.08 , 2.119995
3.522 , 151.2 , 149.07 , 2.12999
3.524 , 151.2 , 149.06 , 2.139999
3.526 , 151.25 , 149.06 , 2.190002
3.528 , 151.25 , 149.05 , 2.199997
3.529 , 151.2 , 149.05 , 2.149994
3.531 , 151.2 , 149.04 , 2.160004
3.533 , 151.18 , 149.04 , 2.139999
3.535 , 151.13 , 149.03 , 2.100006
3.537 , 151.18 , 149.02 , 2.159988
3.538 , 151.18 , 149.02 , 2.159988
3.54 , 151.2 , 149.02 , 2.179993
3.542 , 151.18 , 149.01 , 2.169998
3.544 , 151.2 , 149.0 , 2.199997
3.546 , 151.18 , 149.0 , 2.179993
3.548 , 151.13 , 148.99 , 2.139999
3.549 , 151.13 , 148.99 , 2.139999
3.551 , 151.13 , 148.98 , 2.150009
3.553 , 151.18 , 148.98 , 2.199997
3.555 , 151.2 , 148.97 , 2.229996
3.557 , 151.13 , 148.96 , 2.169998
3.558 , 151.18 , 148.96 , 2.219986
3.56 , 151.18 , 148.96 , 2.219986
3.562 , 151.13 , 148.95 , 2.180008
3.564 , 151.13 , 148.94 , 2.190002
3.566 , 151.11 , 148.94 , 2.169998
3.568 , 151.11 , 148.93 , 2.180008
3.569 , 151.06 , 148.93 , 2.130005
3.571 , 151.11 , 148.92 , 2.190002
3.573 , 151.11 , 148.92 , 2.190002
3.575 , 151.06 , 148.91 , 2.149994
3.577 , 151.11 , 148.9 , 2.210007
3.578 , 151.06 , 148.9 , 2.160004
3.58 , 151.06 , 148.9 , 2.160004
3.582 , 151.04 , 148.89 , 2.149994
3.584 , 151.06 , 148.88 , 2.179993
3.586 , 151.04 , 148.88 , 2.159988
3.588 , 151.04 , 148.87 , 2.169998
3.589 , 151.04 , 148.87 , 2.169998
3.591 , 151.04 , 148.86 , 2.179993
3.593 , 151.04 , 148.86 , 2.179993
3.595 , 151.04 , 148.85 , 2.189987
3.597 , 151.02 , 148.84 , 2.180008
3.599 , 151.04 , 148.84 , 2.199997
3.601 , 151.02 , 148.83 , 2.190002
3.602 , 151.02 , 148.83 , 2.190002
3.604 , 150.97 , 148.82 , 2.149994
3.606 , 151.02 , 148.82 , 2.199997
3.608 , 150.95 , 148.81 , 2.139999
3.61 , 150.97 , 148.81 , 2.160004
3.611 , 150.95 , 148.8 , 2.149994
3.613 , 151.02 , 148.8 , 2.220001
3.615 , 150.97 , 148.79 , 2.180008
3.617 , 150.95 , 148.79 , 2.160004
3.619 , 150.95 , 148.78 , 2.169998
3.621 , 150.95 , 148.77 , 2.179993
3.622 , 150.95 , 148.77 , 2.179993
3.624 , 150.97 , 148.76 , 2.210007
3.626 , 150.9 , 148.76 , 2.139999
3.628 , 150.9 , 148.75 , 2.149994
3.63 , 150.9 , 148.75 , 2.149994
3.632 , 150.88 , 148.74 , 2.139999
3.633 , 150.88 , 148.74 , 2.139999
3.635 , 150.88 , 148.73 , 2.150009
3.637 , 150.88 , 148.73 , 2.150009
3.639 , 150.88 , 148.72 , 2.160004
3.641 , 150.88 , 148.71 , 2.169998
3.642 , 150.88 , 148.71 , 2.169998
3.644 , 150.86 , 148.7 , 2.160004
3.646 , 150.86 , 148.7 , 2.160004
3.648 , 150.88 , 148.69 , 2.190002
3.65 , 150.86 , 148.69 , 2.169998
3.651 , 150.81 , 148.68 , 2.130005
3.653 , 150.74 , 148.68 , 2.060013
3.655 , 150.79 , 148.67 , 2.119995
3.657 , 150.74 , 148.67 , 2.070007
3.659 , 150.74 , 148.66 , 2.080002
3.66 , 150.74 , 148.66 , 2.080002
3.662 , 150.72 , 148.65 , 2.070007
3.664 , 150.7 , 148.64 , 2.059998
3.666 , 150.72 , 148.64 , 2.080002
3.668 , 150.7 , 148.63 , 2.069992
3.67 , 150.7 , 148.63 , 2.069992
3.671 , 150.7 , 148.62 , 2.080002
3.673 , 150.7 , 148.62 , 2.080002
3.675 , 150.72 , 148.61 , 2.110001
3.677 , 150.63 , 148.61 , 2.020004
3.678 , 150.7 , 148.6 , 2.099991
3.68 , 150.7 , 148.6 , 2.099991
3.682 , 150.63 , 148.59 , 2.040009
3.684 , 150.63 , 148.58 , 2.050003
3.686 , 150.61 , 148.58 , 2.029999
3.687 , 150.61 , 148.58 , 2.029999
3.689 , 150.63 , 148.57 , 2.059998
3.691 , 150.61 , 148.56 , 2.050003
3.693 , 150.63 , 148.56 , 2.070007
3.695 , 150.61 , 148.55 , 2.059998
3.696 , 150.61 , 148.55 , 2.059998
3.698 , 150.61 , 148.54 , 2.070007
3.7 , 150.63 , 148.54 , 2.090012
3.702 , 150.61 , 148.53 , 2.080002
3.704 , 150.56 , 148.53 , 2.029999
3.706 , 150.61 , 148.52 , 2.089996
3.707 , 150.54 , 148.52 , 2.019989
3.709 , 150.54 , 148.51 , 2.029999
3.711 , 150.49 , 148.5 , 1.990005
3.713 , 150.54 , 148.5 , 2.039993
3.714 , 150.54 , 148.5 , 2.039993
3.716 , 150.54 , 148.49 , 2.049988
3.718 , 150.54 , 148.48 , 2.059998
3.72 , 150.56 , 148.48 , 2.080002
3.722 , 150.49 , 148.47 , 2.020004
3.724 , 150.47 , 148.47 , 2.0
3.725 , 150.49 , 148.46 , 2.029999
3.727 , 150.47 , 148.46 , 2.009995
3.729 , 150.49 , 148.45 , 2.040009
3.731 , 150.49 , 148.44 , 2.050003
3.733 , 150.49 , 148.44 , 2.050003
3.734 , 150.47 , 148.44 , 2.029999
3.736 , 150.45 , 148.43 , 2.020004
3.738 , 150.47 , 148.42 , 2.050003
3.74 , 150.47 , 148.42 , 2.050003
3.741 , 150.47 , 148.41 , 2.059998
3.743 , 150.47 , 148.41 , 2.059998
3.745 , 150.45 , 148.4 , 2.050003
3.747 , 150.45 , 148.4 , 2.050003
3.749 , 150.45 , 148.39 , 2.059998
3.751 , 150.4 , 148.38 , 2.019989
3.753 , 150.47 , 148.38 , 2.089996
3.754 , 150.4 , 148.38 , 2.019989
3.756 , 150.47 , 148.37 , 2.100006
3.758 , 150.47 , 148.36 , 2.110001
3.76 , 150.47 , 148.36 , 2.110001
3.761 , 150.45 , 148.35 , 2.099991
3.763 , 150.45 , 148.35 , 2.099991
3.765 , 150.4 , 148.34 , 2.059998
3.767 , 150.4 , 148.34 , 2.059998
3.769 , 150.4 , 148.33 , 2.069992
3.771 , 150.45 , 148.32 , 2.12999
3.773 , 150.45 , 148.32 , 2.12999
3.774 , 150.4 , 148.32 , 2.079987
3.776 , 150.4 , 148.31 , 2.089996
3.778 , 150.4 , 148.3 , 2.099991
3.78 , 150.4 , 148.3 , 2.099991
3.782 , 150.4 , 148.29 , 2.110001
3.784 , 150.38 , 148.29 , 2.090012
3.785 , 150.38 , 148.28 , 2.100006
3.787 , 150.33 , 148.28 , 2.050003
3.789 , 150.38 , 148.27 , 2.110001
3.791 , 150.33 , 148.26 , 2.070007
3.793 , 150.33 , 148.26 , 2.070007
3.794 , 150.33 , 148.26 , 2.070007
3.796 , 150.33 , 148.25 , 2.080002
3.798 , 150.33 , 148.24 , 2.089996
3.8 , 150.31 , 148.24 , 2.069992
3.802 , 150.31 , 148.23 , 2.080002
3.803 , 150.29 , 148.23 , 2.059998
3.805 , 150.31 , 148.22 , 2.089996
3.807 , 150.29 , 148.22 , 2.069992
3.809 , 150.24 , 148.21 , 2.029999
3.811 , 150.29 , 148.21 , 2.079987
3.812 , 150.29 , 148.2 , 2.089996
3.814 , 150.24 , 148.2 , 2.040009
3.816 , 150.24 , 148.19 , 2.050003
3.818 , 150.24 , 148.18 , 2.060013
3.82 , 150.24 , 148.18 , 2.060013
3.821 , 150.22 , 148.18 , 2.040009
3.823 , 150.17 , 148.17 , 2.0
3.825 , 150.24 , 148.16 , 2.080002
3.827 , 150.17 , 148.16 , 2.009995
3.829 , 150.17 , 148.15 , 2.020004
3.831 , 150.22 , 148.15 , 2.070007
3.832 , 150.17 , 148.14 , 2.029999
3.834 , 150.17 , 148.14 , 2.029999
3.836 , 150.17 , 148.13 , 2.039993
3.838 , 150.17 , 148.12 , 2.050003
3.84 , 150.17 , 148.12 , 2.050003
3.842 , 150.15 , 148.11 , 2.039993
3.843 , 150.1 , 148.11 , 1.990005
3.845 , 150.17 , 148.1 , 2.069992
3.847 , 150.15 , 148.1 , 2.049988
3.849 , 150.1 , 148.09 , 2.01001
3.85 , 150.1 , 148.09 , 2.01001
3.852 , 150.15 , 148.08 , 2.069992
3.854 , 150.08 , 148.08 , 2.0
3.856 , 150.1 , 148.07 , 2.029999
3.858 , 150.08 , 148.06 , 2.020004
3.859 , 150.08 , 148.06 , 2.020004
3.861 , 150.08 , 148.06 , 2.020004
3.863 , 150.08 , 148.05 , 2.029999
3.865 , 150.06 , 148.04 , 2.020004
3.867 , 150.08 , 148.04 , 2.040009
3.868 , 150.06 , 148.03 , 2.029999
3.87 , 150.06 , 148.03 , 2.029999
3.872 , 150.01 , 148.02 , 1.98999
3.874 , 150.08 , 148.02 , 2.059998
3.876 , 150.06 , 148.01 , 2.050003
3.878 , 150.06 , 148.0 , 2.059998
3.879 , 150.01 , 148.0 , 2.009995
3.881 , 150.01 , 148.0 , 2.009995
3.883 , 149.99 , 147.99 , 2.0
3.885 , 150.01 , 147.98 , 2.029999
3.887 , 149.99 , 147.98 , 2.01001
3.889 , 149.99 , 147.97 , 2.020004
3.89 , 149.94 , 147.97 , 1.970001
3.892 , 149.99 , 147.96 , 2.029999
3.894 , 149.94 , 147.96 , 1.979996
3.896 , 149.99 , 147.95 , 2.040009
3.898 , 149.94 , 147.94 , 2.0
3.899 , 149.94 , 147.94 , 2.0
3.901 , 149.94 , 147.94 , 2.0
3.903 , 149.94 , 147.93 , 2.01001
3.905 , 149.94 , 147.92 , 2.020004
3.907 , 149.92 , 147.92 , 2.0
3.908 , 149.92 , 147.92 , 2.0
3.91 , 149.9 , 147.91 , 1.98999
3.912 , 149.9 , 147.9 , 2.0
3.914 , 149.92 , 147.9 , 2.020004
3.916 , 149.92 , 147.89 , 2.029999
3.918 , 149.92 , 147.89 , 2.029999
3.92 , 149.92 , 147.88 , 2.039993
3.921 , 149.9 , 147.88 , 2.019989
3.923 , 149.9 , 147.87 , 2.029999
3.925 , 149.85 , 147.86 , 1.990005
3.927 , 149.85 , 147.86 , 1.990005
3.929 , 149.85 , 147.85 , 2.0
3.93 , 149.85 , 147.85 , 2.0
3.932 , 149.85 , 147.84 , 2.01001
3.934 , 149.85 , 147.84 , 2.01001
3.936 , 149.85 , 147.83 , 2.020004
3.937 , 149.83 , 147.83 , 2.0
3.939 , 149.85 , 147.82 , 2.029999
3.941 , 149.83 , 147.82 , 2.009995
3.943 , 149.83 , 147.81 , 2.020004
3.945 , 149.83 , 147.8 , 2.029999
3.946 , 149.78 , 147.8 , 1.979996
3.948 , 149.78 , 147.8 , 1.979996
3.95 , 149.83 , 147.79 , 2.040009
3.952 , 149.76 , 147.78 , 1.979996
3.954 , 149.78 , 147.78 , 2.0
3.956 , 149.83 , 147.77 , 2.059998
3.958 , 149.78 , 147.77 , 2.009995
3.959 , 149.78 , 147.76 , 2.020004
3.961 , 149.78 , 147.76 , 2.020004
3.963 , 149.76 , 147.75 , 2.009995
3.965 , 149.76 , 147.74 , 2.019989
3.967 , 149.74 , 147.74 , 2.0
3.969 , 149.78 , 147.73 , 2.050003
3.97 , 149.74 , 147.73 , 2.01001
3.972 , 149.74 , 147.72 , 2.020004
3.974 , 149.76 , 147.72 , 2.039993
3.976 , 149.76 , 147.71 , 2.049988
3.978 , 149.69 , 147.71 , 1.979996
3.98 , 149.74 , 147.7 , 2.040009
3.981 , 149.69 , 147.7 , 1.990005
3.983 , 149.67 , 147.69 , 1.979996
3.985 , 149.67 , 147.68 , 1.990005
3.987 , 149.67 , 147.68 , 1.990005
3.989 , 149.67 , 147.67 , 2.0
3.991 , 149.69 , 147.67 , 2.020004
3.993 , 149.62 , 147.66 , 1.959991
3.994 , 149.67 , 147.66 , 2.009995
3.996 , 149.67 , 147.65 , 2.020004
3.998 , 149.62 , 147.65 , 1.970001
4.0 , 149.67 , 147.64 , 2.029999
4.002 , 149.62 , 147.63 , 1.98999
4.004 , 149.62 , 147.63 , 1.98999
4.006 , 149.6 , 147.62 , 1.980011
4.007 , 149.62 , 147.62 , 2.0
4.009 , 149.62 , 147.61 , 2.009995
4.011 , 149.6 , 147.61 , 1.990005
4.013 , 149.6 , 147.6 , 2.0
4.014 , 149.6 , 147.6 , 2.0
4.016 , 149.55 , 147.59 , 1.960007
4.018 , 149.6 , 147.59 , 2.01001
4.02 , 149.55 , 147.58 , 1.970001
4.022 , 149.55 , 147.57 , 1.979996
4.023 , 149.55 , 147.57 , 1.979996
4.025 , 149.55 , 147.57 , 1.979996
4.027 , 149.55 , 147.56 , 1.990005
4.029 , 149.53 , 147.55 , 1.979996
4.031 , 149.53 , 147.55 , 1.979996
4.033 , 149.53 , 147.54 , 1.990005
4.034 , 149.53 , 147.54 , 1.990005
4.036 , 149.53 , 147.53 , 2.0
4.038 , 149.55 , 147.53 , 2.020004
4.04 , 149.55 , 147.52 , 2.029999
4.042 , 149.51 , 147.51 , 2.0
4.044 , 149.51 , 147.51 , 2.0
4.045 , 149.46 , 147.51 , 1.950012
4.047 , 149.51 , 147.5 , 2.009995
4.049 , 149.51 , 147.49 , 2.019989
4.051 , 149.51 , 147.49 , 2.019989
4.053 , 149.51 , 147.48 , 2.029999
4.055 , 149.53 , 147.48 , 2.050003
4.056 , 149.51 , 147.47 , 2.039993
4.058 , 149.51 , 147.47 , 2.039993
4.06 , 149.51 , 147.46 , 2.049988
4.062 , 149.51 , 147.45 , 2.059998
4.064 , 149.44 , 147.45 , 1.990005
4.066 , 149.53 , 147.44 , 2.089996
4.067 , 149.51 , 147.44 , 2.069992
4.069 , 149.53 , 147.43 , 2.100006
4.071 , 149.51 , 147.43 , 2.080002
4.073 , 149.53 , 147.42 , 2.110001
4.075 , 149.53 , 147.42 , 2.110001
4.077 , 149.53 , 147.41 , 2.119995
4.078 , 149.51 , 147.41 , 2.099991
4.08 , 149.53 , 147.4 , 2.130005
4.082 , 149.55 , 147.39 , 2.160004
4.084 , 149.55 , 147.39 , 2.160004
4.086 , 149.55 , 147.38 , 2.169998
4.087 , 149.55 , 147.38 , 2.169998
4.089 , 149.6 , 147.37 , 2.230011
4.091 , 149.62 , 147.37 , 2.25
4.093 , 149.62 , 147.36 , 2.259995
4.095 , 149.67 , 147.36 , 2.309998
4.097 , 149.67 , 147.35 , 2.319992
4.098 , 149.67 , 147.35 , 2.319992
4.1 , 149.67 , 147.34 , 2.330002
4.102 , 149.69 , 147.34 , 2.350006
4.104 , 149.69 , 147.33 , 2.360001
4.106 , 149.69 , 147.32 , 2.369995
4.107 , 149.74 , 147.32 , 2.419998
4.109 , 149.74 , 147.31 , 2.430008
4.111 , 149.76 , 147.31 , 2.449997
4.113 , 149.74 , 147.3 , 2.440002
4.115 , 149.78 , 147.3 , 2.479996
4.116 , 149.74 , 147.29 , 2.450012
4.118 , 149.78 , 147.29 , 2.490005
4.12 , 149.78 , 147.28 , 2.5
4.122 , 149.78 , 147.28 , 2.5
4.124 , 149.76 , 147.27 , 2.48999
4.126 , 149.78 , 147.26 , 2.520004
4.127 , 149.78 , 147.26 , 2.520004
4.129 , 149.78 , 147.25 , 2.529999
4.131 , 149.78 , 147.25 , 2.529999
4.133 , 149.76 , 147.24 , 2.519989
4.135 , 149.76 , 147.24 , 2.519989
4.137 , 149.76 , 147.23 , 2.529999
4.138 , 149.78 , 147.23 , 2.550003
4.14 , 149.78 , 147.22 , 2.559998
4.142 , 149.78 , 147.22 , 2.559998
4.144 , 149.78 , 147.21 , 2.569992
4.154 , 149.76 , 147.18 , 2.580002
4.156 , 149.74 , 147.17 , 2.570007
4.158 , 149.69 , 147.17 , 2.520004
4.16 , 149.67 , 147.16 , 2.509995
4.161 , 149.69 , 147.16 , 2.529999
4.163 , 149.69 , 147.15 , 2.540009
4.165 , 149.67 , 147.15 , 2.520004
4.167 , 149.67 , 147.14 , 2.529999
4.169 , 149.6 , 147.13 , 2.470001
4.17 , 149.6 , 147.13 , 2.470001
4.172 , 149.62 , 147.13 , 2.48999
4.174 , 149.55 , 147.12 , 2.430008
4.176 , 149.55 , 147.11 , 2.440002
4.178 , 149.55 , 147.11 , 2.440002
4.179 , 149.55 , 147.1 , 2.449997
4.181 , 149.53 , 147.1 , 2.429993
4.183 , 149.53 , 147.09 , 2.440002
4.185 , 149.51 , 147.09 , 2.419998
4.187 , 149.46 , 147.08 , 2.380005
4.189 , 149.44 , 147.07 , 2.369995
4.19 , 149.39 , 147.07 , 2.319992
4.192 , 149.39 , 147.07 , 2.319992
4.194 , 149.39 , 147.06 , 2.330002
4.196 , 149.39 , 147.05 , 2.339996
4.198 , 149.39 , 147.05 , 2.339996
4.199 , 149.39 , 147.04 , 2.350006
4.201 , 149.37 , 147.04 , 2.330002
4.203 , 149.3 , 147.03 , 2.270004
4.205 , 149.35 , 147.03 , 2.320007
4.207 , 149.3 , 147.02 , 2.279999
4.209 , 149.3 , 147.02 , 2.279999
4.21 , 149.28 , 147.01 , 2.270004
4.212 , 149.28 , 147.01 , 2.270004
4.214 , 149.23 , 147.0 , 2.229996
4.216 , 149.28 , 146.99 , 2.289993
4.218 , 149.23 , 146.99 , 2.23999
4.219 , 149.23 , 146.99 , 2.23999
4.221 , 149.21 , 146.98 , 2.230011
4.223 , 149.21 , 146.97 , 2.240005
4.225 , 149.21 , 146.97 , 2.240005
4.227 , 149.16 , 146.96 , 2.199997
4.228 , 149.21 , 146.96 , 2.25
4.23 , 149.16 , 146.95 , 2.210007
4.232 , 149.16 , 146.95 , 2.210007
4.234 , 149.14 , 146.94 , 2.199997
4.235 , 149.14 , 146.94 , 2.199997
4.237 , 149.14 , 146.93 , 2.210007
4.239 , 149.16 , 146.93 , 2.230011
4.241 , 149.14 , 146.92 , 2.220001
4.243 , 149.14 , 146.91 , 2.229996
4.245 , 149.12 , 146.91 , 2.209991
4.246 , 149.12 , 146.9 , 2.220001
4.248 , 149.07 , 146.9 , 2.170013
4.25 , 149.12 , 146.89 , 2.229996
4.252 , 149.12 , 146.89 , 2.229996
4.254 , 149.12 , 146.88 , 2.23999
4.256 , 149.12 , 146.87 , 2.25
4.257 , 149.12 , 146.87 , 2.25
4.259 , 149.07 , 146.87 , 2.200012
4.261 , 149.05 , 146.86 , 2.190002
4.263 , 149.05 , 146.85 , 2.199997
4.265 , 149.07 , 146.85 , 2.220001
4.266 , 149.05 , 146.84 , 2.210007
4.268 , 149.05 , 146.84 , 2.210007
4.27 , 149.05 , 146.83 , 2.220001
4.272 , 149.07 , 146.83 , 2.240005
4.274 , 149.07 , 146.82 , 2.25
4.275 , 149.05 , 146.82 , 2.229996
4.277 , 149.07 , 146.81 , 2.26001
4.279 , 149.07 , 146.81 , 2.26001
4.281 , 149.05 , 146.8 , 2.25
4.282 , 149.0 , 146.8 , 2.199997
4.284 , 149.05 , 146.79 , 2.26001
4.286 , 148.98 , 146.78 , 2.199997
4.288 , 149.0 , 146.78 , 2.220001
4.29 , 149.0 , 146.77 , 2.229996
4.292 , 149.0 , 146.77 , 2.229996
4.293 , 149.0 , 146.76 , 2.240005
4.295 , 148.98 , 146.76 , 2.220001
4.297 , 148.98 , 146.75 , 2.229996
4.299 , 148.98 , 146.75 , 2.229996
4.301 , 148.98 , 146.74 , 2.23999
4.303 , 148.98 , 146.73 , 2.25
4.304 , 148.96 , 146.73 , 2.230011
4.306 , 148.98 , 146.73 , 2.25
4.308 , 148.91 , 146.72 , 2.190002
4.31 , 148.98 , 146.71 , 2.269989
4.312 , 148.91 , 146.71 , 2.199997
4.313 , 148.96 , 146.7 , 2.26001
4.315 , 148.91 , 146.7 , 2.210007
4.317 , 148.96 , 146.69 , 2.270004
4.319 , 148.96 , 146.69 , 2.270004
4.321 , 148.91 , 146.68 , 2.230011
4.322 , 148.89 , 146.68 , 2.210007
4.324 , 148.96 , 146.67 , 2.290009
4.326 , 148.91 , 146.67 , 2.240005
4.328 , 148.91 , 146.66 , 2.25
4.33 , 148.91 , 146.65 , 2.26001
4.331 , 148.91 , 146.65 , 2.26001
4.333 , 148.91 , 146.64 , 2.270004
4.335 , 148.89 , 146.64 , 2.25
4.337 , 148.91 , 146.63 , 2.279999
4.339 , 148.89 , 146.63 , 2.259995
4.341 , 148.89 , 146.62 , 2.270004
4.342 , 148.89 , 146.62 , 2.270004
4.344 , 148.89 , 146.61 , 2.279999
4.346 , 148.84 , 146.61 , 2.229996
4.348 , 148.89 , 146.6 , 2.289993
4.35 , 148.89 , 146.59 , 2.300003
4.352 , 148.84 , 146.59 , 2.25
4.353 , 148.89 , 146.58 , 2.309998
4.355 , 148.84 , 146.58 , 2.259995
4.357 , 148.84 , 146.57 , 2.269989
4.359 , 148.84 , 146.57 , 2.269989
4.361 , 148.84 , 146.56 , 2.279999
4.363 , 148.84 , 146.55 , 2.289993
4.364 , 148.82 , 146.55 , 2.270004
4.366 , 148.84 , 146.55 , 2.289993
4.368 , 148.84 , 146.54 , 2.300003
4.37 , 148.82 , 146.53 , 2.290009
4.372 , 148.84 , 146.53 , 2.309998
4.374 , 148.82 , 146.52 , 2.300003
4.375 , 148.84 , 146.52 , 2.319992
4.377 , 148.82 , 146.51 , 2.310013
4.379 , 148.84 , 146.51 , 2.330002
4.381 , 148.84 , 146.5 , 2.339996
4.383 , 148.82 , 146.49 , 2.330002
4.384 , 148.82 , 146.49 , 2.330002
4.386 , 148.82 , 146.49 , 2.330002
4.388 , 148.8 , 146.48 , 2.320007
4.39 , 148.82 , 146.47 , 2.350006
4.392 , 148.8 , 146.47 , 2.330002
4.393 , 148.8 , 146.46 , 2.339996
4.395 , 148.8 , 146.46 , 2.339996
4.397 , 148.75 , 146.45 , 2.300003
4.399 , 148.8 , 146.45 , 2.350006
4.401 , 148.8 , 146.44 , 2.360001
4.402 , 148.75 , 146.44 , 2.309998
4.404 , 148.75 , 146.43 , 2.320007
4.406 , 148.73 , 146.43 , 2.300003
4.408 , 148.8 , 146.42 , 2.380005
4.409 , 148.8 , 146.42 , 2.380005
4.411 , 148.8 , 146.41 , 2.389999
4.413 , 148.75 , 146.41 , 2.339996
4.415 , 148.75 , 146.4 , 2.350006
4.417 , 148.73 , 146.39 , 2.339996
4.419 , 148.73 , 146.39 , 2.339996
4.42 , 148.73 , 146.38 , 2.349991
4.422 , 148.73 , 146.38 , 2.349991
4.424 , 148.73 , 146.37 , 2.360001
4.426 , 148.68 , 146.37 , 2.309998
4.428 , 148.73 , 146.36 , 2.369995
4.43 , 148.68 , 146.35 , 2.329987
4.432 , 148.73 , 146.35 , 2.37999
4.433 , 148.68 , 146.35 , 2.329987
4.435 , 148.68 , 146.34 , 2.339996
4.437 , 148.66 , 146.33 , 2.330002
4.439 , 148.68 , 146.33 , 2.349991
4.441 , 148.66 , 146.32 , 2.339996
4.442 , 148.66 , 146.32 , 2.339996
4.444 , 148.66 , 146.31 , 2.350006
4.446 , 148.66 , 146.31 , 2.350006
4.448 , 148.62 , 146.3 , 2.319992
4.45 , 148.62 , 146.29 , 2.330002
4.452 , 148.62 , 146.29 , 2.330002
4.453 , 148.59 , 146.29 , 2.300003
4.455 , 148.62 , 146.28 , 2.339996
4.457 , 148.59 , 146.27 , 2.319992
4.459 , 148.62 , 146.27 , 2.349991
4.461 , 148.62 , 146.26 , 2.360001
4.463 , 148.59 , 146.26 , 2.330002
4.465 , 148.59 , 146.25 , 2.339996
4.466 , 148.57 , 146.25 , 2.320007
4.468 , 148.52 , 146.24 , 2.279999
4.47 , 148.57 , 146.23 , 2.340012
4.472 , 148.57 , 146.23 , 2.340012
4.474 , 148.52 , 146.22 , 2.300003
4.475 , 148.57 , 146.22 , 2.350006
4.477 , 148.52 , 146.21 , 2.309998
4.479 , 148.52 , 146.21 , 2.309998
4.481 , 148.52 , 146.2 , 2.320007
4.482 , 148.5 , 146.2 , 2.300003
4.484 , 148.5 , 146.19 , 2.309998
4.486 , 148.5 , 146.19 , 2.309998
4.488 , 148.46 , 146.18 , 2.280014
4.49 , 148.46 , 146.17 , 2.290009
4.492 , 148.46 , 146.17 , 2.290009
4.493 , 148.43 , 146.17 , 2.259995
4.495 , 148.43 , 146.16 , 2.269989
4.497 , 148.41 , 146.15 , 2.26001
4.499 , 148.43 , 146.15 , 2.279999
4.501 , 148.43 , 146.14 , 2.289993
4.503 , 148.41 , 146.14 , 2.270004
4.504 , 148.43 , 146.13 , 2.299988
4.506 , 148.41 , 146.13 , 2.279999
4.508 , 148.41 , 146.12 , 2.290009
4.51 , 148.41 , 146.12 , 2.290009
4.512 , 148.36 , 146.11 , 2.25
4.513 , 148.41 , 146.11 , 2.300003
4.515 , 148.36 , 146.1 , 2.259995
4.517 , 148.36 , 146.09 , 2.270004
4.519 , 148.36 , 146.09 , 2.270004
4.52 , 148.34 , 146.09 , 2.25
4.522 , 148.34 , 146.08 , 2.259995
4.524 , 148.34 , 146.07 , 2.269989
4.526 , 148.34 , 146.07 , 2.269989
4.528 , 148.27 , 146.06 , 2.210007
4.529 , 148.34 , 146.06 , 2.279999
4.531 , 148.29 , 146.05 , 2.23999
4.533 , 148.29 , 146.05 , 2.23999
4.535 , 148.27 , 146.04 , 2.230011
4.537 , 148.34 , 146.03 , 2.309998
4.539 , 148.34 , 146.03 , 2.309998
4.54 , 148.27 , 146.03 , 2.240005
4.542 , 148.27 , 146.02 , 2.25
4.544 , 148.27 , 146.01 , 2.26001
4.546 , 148.27 , 146.01 , 2.26001
4.548 , 148.25 , 146.0 , 2.25
4.549 , 148.25 , 146.0 , 2.25
4.551 , 148.25 , 145.99 , 2.259995
4.553 , 148.25 , 145.99 , 2.259995
4.555 , 148.25 , 145.98 , 2.270004
4.557 , 148.25 , 145.97 , 2.279999
4.558 , 148.2 , 145.97 , 2.229996
4.56 , 148.25 , 145.97 , 2.279999
4.562 , 148.2 , 145.96 , 2.23999
4.564 , 148.18 , 145.95 , 2.229996
4.566 , 148.18 , 145.95 , 2.229996
4.568 , 148.25 , 145.94 , 2.309998
4.57 , 148.2 , 145.94 , 2.259995
4.571 , 148.13 , 145.93 , 2.200012
4.573 , 148.13 , 145.93 , 2.200012
4.575 , 148.18 , 145.92 , 2.259995
4.577 , 148.18 , 145.91 , 2.269989
4.579 , 148.18 , 145.91 , 2.269989
4.581 , 148.18 , 145.9 , 2.279999
4.583 , 148.13 , 145.9 , 2.230011
4.584 , 148.13 , 145.89 , 2.240005
4.586 , 148.13 , 145.89 , 2.240005
4.588 , 148.13 , 145.88 , 2.25
4.59 , 148.13 , 145.88 , 2.25
4.591 , 148.18 , 145.87 , 2.309998
4.593 , 148.11 , 145.87 , 2.240005
4.595 , 148.13 , 145.86 , 2.270004
4.597 , 148.11 , 145.85 , 2.259995
4.599 , 148.11 , 145.85 , 2.259995
4.6 , 148.07 , 145.85 , 2.220001
4.602 , 148.11 , 145.84 , 2.270004
4.604 , 148.07 , 145.83 , 2.240005
4.606 , 148.11 , 145.83 , 2.279999
4.608 , 148.07 , 145.82 , 2.25
4.609 , 148.07 , 145.82 , 2.25
4.611 , 148.04 , 145.81 , 2.229996
4.613 , 148.07 , 145.81 , 2.26001
4.615 , 148.04 , 145.8 , 2.23999
4.617 , 148.04 , 145.8 , 2.23999
4.618 , 148.04 , 145.79 , 2.25
4.62 , 148.04 , 145.79 , 2.25
4.622 , 148.04 , 145.78 , 2.259995
4.624 , 148.04 , 145.77 , 2.269989
4.626 , 148.02 , 145.77 , 2.25
4.627 , 148.04 , 145.77 , 2.269989
4.629 , 148.04 , 145.76 , 2.279999
4.631 , 148.02 , 145.75 , 2.270004
4.633 , 148.02 , 145.75 , 2.270004
4.635 , 148.02 , 145.74 , 2.279999
4.636 , 148.02 , 145.74 , 2.279999
4.638 , 147.97 , 145.73 , 2.240005
4.64 , 148.02 , 145.73 , 2.290009
4.642 , 148.02 , 145.72 , 2.300003
4.643 , 148.02 , 145.72 , 2.300003
4.645 , 147.97 , 145.71 , 2.259995
4.647 , 147.95 , 145.71 , 2.23999
4.649 , 147.97 , 145.7 , 2.270004
4.651 , 147.95 , 145.69 , 2.259995
4.653 , 147.95 , 145.69 , 2.259995
4.654 , 147.91 , 145.68 , 2.230011
4.656 , 147.95 , 145.68 , 2.270004
4.658 , 147.88 , 145.67 , 2.210007
4.66 , 147.91 , 145.67 , 2.240005
4.662 , 147.95 , 145.66 , 2.289993
4.664 , 147.95 , 145.65 , 2.300003
4.665 , 147.91 , 145.65 , 2.26001
4.667 , 147.88 , 145.65 , 2.230011
4.669 , 147.95 , 145.64 , 2.309998
4.671 , 147.86 , 145.63 , 2.229996
4.673 , 147.88 , 145.63 , 2.25
4.674 , 147.91 , 145.62 , 2.290009
4.676 , 147.91 , 145.62 , 2.290009
4.678 , 147.86 , 145.61 , 2.25
4.68 , 147.88 , 145.61 , 2.270004
4.682 , 147.88 , 145.6 , 2.279999
4.684 , 147.88 , 145.59 , 2.290009
4.685 , 147.88 , 145.59 , 2.290009
4.687 , 147.91 , 145.59 , 2.320007
4.689 , 147.86 , 145.58 , 2.279999
4.691 , 147.81 , 145.57 , 2.23999
4.693 , 147.88 , 145.57 , 2.309998
4.695 , 147.88 , 145.56 , 2.320007
4.696 , 147.88 , 145.56 , 2.320007
4.698 , 147.86 , 145.55 , 2.309998
4.7 , 147.86 , 145.55 , 2.309998
4.702 , 147.86 , 145.54 , 2.320007
4.704 , 147.86 , 145.54 , 2.320007
4.705 , 147.81 , 145.53 , 2.279999
4.707 , 147.86 , 145.53 , 2.330002
4.709 , 147.81 , 145.52 , 2.289993
4.711 , 147.81 , 145.51 , 2.300003
4.713 , 147.81 , 145.51 , 2.300003
4.715 , 147.81 , 145.5 , 2.309998
4.716 , 147.81 , 145.5 , 2.309998
4.718 , 147.79 , 145.49 , 2.299988
4.72 , 147.79 , 145.49 , 2.299988
4.722 , 147.79 , 145.48 , 2.309998
4.724 , 147.79 , 145.48 , 2.309998
4.726 , 147.75 , 145.47 , 2.279999
4.728 , 147.79 , 145.46 , 2.329987
4.729 , 147.79 , 145.46 , 2.329987
4.731 , 147.75 , 145.45 , 2.300003
4.733 , 147.75 , 145.45 , 2.300003
4.735 , 147.75 , 145.44 , 2.309998
4.737 , 147.79 , 145.44 , 2.349991
4.739 , 147.75 , 145.43 , 2.320007
4.74 , 147.79 , 145.43 , 2.360001
4.742 , 147.75 , 145.42 , 2.330002
4.744 , 147.75 , 145.42 , 2.330002
4.746 , 147.72 , 145.41 , 2.309998
4.748 , 147.72 , 145.4 , 2.320007
4.749 , 147.72 , 145.4 , 2.320007
4.751 , 147.72 , 145.39 , 2.330002
4.753 , 147.72 , 145.39 , 2.330002
4.755 , 147.72 , 145.38 , 2.339996
4.757 , 147.68 , 145.38 , 2.299988
4.759 , 147.68 , 145.37 , 2.309998
4.76 , 147.72 , 145.37 , 2.350006
4.762 , 147.72 , 145.36 , 2.360001
4.764 , 147.72 , 145.36 , 2.360001
4.766 , 147.65 , 145.35 , 2.299988
4.768 , 147.68 , 145.34 , 2.339996
4.77 , 147.68 , 145.34 , 2.339996
4.771 , 147.65 , 145.33 , 2.319992
4.773 , 147.68 , 145.33 , 2.349991
4.775 , 147.65 , 145.32 , 2.329987
4.777 , 147.65 , 145.32 , 2.329987
4.779 , 147.63 , 145.31 , 2.320007
4.781 , 147.65 , 145.3 , 2.349991
4.783 , 147.63 , 145.3 , 2.330002
4.784 , 147.63 , 145.3 , 2.330002
4.786 , 147.63 , 145.29 , 2.340012
4.788 , 147.59 , 145.28 , 2.309998
4.79 , 147.56 , 145.28 , 2.279999
4.792 , 147.52 , 145.27 , 2.25
4.794 , 147.56 , 145.27 , 2.289993
4.795 , 147.52 , 145.26 , 2.26001
4.797 , 147.56 , 145.26 , 2.300003
4.799 , 147.56 , 145.25 , 2.309998
4.801 , 147.56 , 145.25 , 2.309998
4.803 , 147.49 , 145.24 , 2.25
4.804 , 147.52 , 145.24 , 2.279999
4.806 , 147.49 , 145.23 , 2.26001
4.808 , 147.52 , 145.22 , 2.300003
4.81 , 147.49 , 145.22 , 2.270004
4.812 , 147.52 , 145.21 , 2.309998
4.813 , 147.49 , 145.21 , 2.279999
4.815 , 147.49 , 145.2 , 2.290009
4.817 , 147.49 , 145.2 , 2.290009
4.819 , 147.43 , 145.19 , 2.23999
4.821 , 147.47 , 145.19 , 2.279999
4.822 , 147.47 , 145.18 , 2.290009
4.824 , 147.47 , 145.18 , 2.290009
4.826 , 147.47 , 145.17 , 2.300003
4.828 , 147.47 , 145.16 , 2.309998
4.83 , 147.43 , 145.16 , 2.269989
4.831 , 147.43 , 145.16 , 2.269989
4.833 , 147.47 , 145.15 , 2.320007
4.835 , 147.47 , 145.14 , 2.330002
4.837 , 147.43 , 145.14 , 2.289993
4.839 , 147.43 , 145.13 , 2.299988
4.841 , 147.43 , 145.13 , 2.299988
4.842 , 147.43 , 145.12 , 2.309998
4.844 , 147.43 , 145.12 , 2.309998
4.846 , 147.43 , 145.11 , 2.319992
4.848 , 147.4 , 145.1 , 2.299988
4.85 , 147.4 , 145.1 , 2.299988
4.852 , 147.43 , 145.09 , 2.339996
4.853 , 147.36 , 145.09 , 2.270004
4.855 , 147.4 , 145.08 , 2.319992
4.857 , 147.4 , 145.08 , 2.319992
4.859 , 147.36 , 145.07 , 2.289993
4.861 , 147.36 , 145.07 , 2.289993
4.862 , 147.36 , 145.06 , 2.300003
4.864 , 147.36 , 145.06 , 2.300003
4.866 , 147.33 , 145.05 , 2.279999
4.868 , 147.33 , 145.04 , 2.290009
4.87 , 147.33 , 145.04 , 2.290009
4.871 , 147.33 , 145.04 , 2.290009
4.873 , 147.33 , 145.03 , 2.300003
4.875 , 147.33 , 145.02 , 2.309998
4.877 , 147.33 , 145.02 , 2.309998
4.879 , 147.33 , 145.01 , 2.320007
4.88 , 147.31 , 145.01 , 2.300003
4.882 , 147.33 , 145.0 , 2.330002
4.884 , 147.33 , 145.0 , 2.330002
4.886 , 147.31 , 144.99 , 2.319992
4.888 , 147.31 , 144.98 , 2.330002
4.889 , 147.31 , 144.98 , 2.330002
4.891 , 147.26 , 144.98 , 2.279999
4.893 , 147.33 , 144.97 , 2.360001
4.895 , 147.33 , 144.96 , 2.369995
4.897 , 147.33 , 144.96 , 2.369995
4.899 , 147.33 , 144.95 , 2.380005
4.9 , 147.33 , 144.95 , 2.380005
4.902 , 147.31 , 144.94 , 2.369995
4.904 , 147.33 , 144.94 , 2.389999
4.906 , 147.33 , 144.93 , 2.400009
4.908 , 147.33 , 144.93 , 2.400009
4.909 , 147.33 , 144.92 , 2.410004
4.911 , 147.36 , 144.92 , 2.440002
4.913 , 147.33 , 144.91 , 2.419998
4.915 , 147.36 , 144.9 , 2.460007
4.917 , 147.36 , 144.9 , 2.460007
4.919 , 147.36 , 144.89 , 2.470001
4.92 , 147.4 , 144.89 , 2.509995
4.922 , 147.43 , 144.88 , 2.549988
4.924 , 147.47 , 144.88 , 2.589996
4.926 , 147.47 , 144.87 , 2.600006
4.928 , 147.47 , 144.87 , 2.600006
4.93 , 147.47 , 144.86 , 2.610001
4.931 , 147.49 , 144.86 , 2.630005
4.933 , 147.49 , 144.85 , 2.639999
4.935 , 147.52 , 144.84 , 2.680008
4.945 , 147.59 , 144.81 , 2.779999
4.947 , 147.56 , 144.81 , 2.75
4.949 , 147.59 , 144.8 , 2.789993
4.951 , 147.59 , 144.8 , 2.789993
4.952 , 147.59 , 144.79 , 2.800003
4.954 , 147.59 , 144.79 , 2.800003
4.956 , 147.63 , 144.78 , 2.850006
4.958 , 147.65 , 144.78 , 2.869995
4.96 , 147.63 , 144.77 , 2.860001
4.962 , 147.63 , 144.76 , 2.87001
4.963 , 147.65 , 144.76 , 2.889999
4.965 , 147.65 , 144.75 , 2.899994
4.967 , 147.65 , 144.75 , 2.899994
4.969 , 147.63 , 144.74 , 2.889999
4.971 , 147.65 , 144.74 , 2.909988
4.973 , 147.68 , 144.73 , 2.949997
4.975 , 147.65 , 144.72 , 2.929993
4.976 , 147.65 , 144.72 , 2.929993
4.978 , 147.65 , 144.72 , 2.929993
4.98 , 147.65 , 144.71 , 2.939987
4.982 , 147.63 , 144.7 , 2.930008
4.984 , 147.63 , 144.7 , 2.930008
4.986 , 147.65 , 144.69 , 2.959991
4.988 , 147.59 , 144.69 , 2.899994
4.989 , 147.63 , 144.68 , 2.950012
4.991 , 147.56 , 144.68 , 2.880005
4.993 , 147.49 , 144.67 , 2.820007
4.995 , 147.52 , 144.66 , 2.860001
4.997 , 147.49 , 144.66 , 2.830002
4.998 , 147.49 , 144.66 , 2.830002
5.0 , 147.47 , 144.65 , 2.820007
5.002 , 147.43 , 144.64 , 2.789993
5.004 , 147.47 , 144.64 , 2.830002
5.006 , 147.43 , 144.63 , 2.799988
5.007 , 147.4 , 144.63 , 2.769989
5.009 , 147.4 , 144.62 , 2.779999
5.011 , 147.4 , 144.62 , 2.779999
5.013 , 147.36 , 144.61 , 2.75
5.015 , 147.36 , 144.61 , 2.75
5.017 , 147.36 , 144.6 , 2.759995
5.018 , 147.33 , 144.6 , 2.729996
5.02 , 147.33 , 144.59 , 2.740005
5.022 , 147.26 , 144.58 , 2.679993
5.024 , 147.26 , 144.58 , 2.679993
5.026 , 147.24 , 144.57 , 2.669998
5.027 , 147.2 , 144.57 , 2.62999
5.029 , 147.2 , 144.56 , 2.639999
5.031 , 147.2 , 144.56 , 2.639999
5.033 , 147.17 , 144.55 , 2.619995
5.035 , 147.13 , 144.55 , 2.580002
5.037 , 147.13 , 144.54 , 2.590012
5.038 , 147.13 , 144.54 , 2.590012
5.04 , 147.1 , 144.53 , 2.570007
5.042 , 147.1 , 144.52 , 2.580002
5.044 , 147.1 , 144.52 , 2.580002
5.045 , 147.08 , 144.52 , 2.559998
5.047 , 147.08 , 144.51 , 2.570007
5.049 , 147.04 , 144.5 , 2.539993
5.051 , 147.04 , 144.5 , 2.539993
5.053 , 147.04 , 144.49 , 2.549988
5.054 , 147.04 , 144.49 , 2.549988
5.056 , 147.04 , 144.48 , 2.559998
5.058 , 147.01 , 144.48 , 2.529999
5.06 , 146.94 , 144.47 , 2.470001
5.062 , 147.01 , 144.46 , 2.549988
5.064 , 146.94 , 144.46 , 2.479996
5.066 , 146.92 , 144.45 , 2.470001
5.067 , 147.01 , 144.45 , 2.559998
5.069 , 146.94 , 144.44 , 2.5
5.071 , 146.92 , 144.44 , 2.479996
5.073 , 146.92 , 144.43 , 2.490005
5.075 , 146.92 , 144.43 , 2.490005
5.077 , 146.92 , 144.42 , 2.5
5.078 , 146.92 , 144.42 , 2.5
5.08 , 146.88 , 144.41 , 2.470001
5.082 , 146.88 , 144.4 , 2.480011
5.084 , 146.85 , 144.4 , 2.450012
5.086 , 146.88 , 144.39 , 2.490005
5.087 , 146.81 , 144.39 , 2.419998
5.089 , 146.85 , 144.38 , 2.470001
5.091 , 146.85 , 144.38 , 2.470001
5.093 , 146.85 , 144.37 , 2.480011
5.095 , 146.81 , 144.37 , 2.440002
5.096 , 146.85 , 144.36 , 2.490005
5.098 , 146.81 , 144.36 , 2.449997
5.1 , 146.81 , 144.35 , 2.459991
5.102 , 146.78 , 144.35 , 2.429993
5.104 , 146.81 , 144.34 , 2.470001
5.106 , 146.78 , 144.33 , 2.449997
5.107 , 146.78 , 144.33 , 2.449997
5.109 , 146.78 , 144.32 , 2.459991
5.111 , 146.76 , 144.32 , 2.439987
5.113 , 146.78 , 144.31 , 2.470001
5.115 , 146.76 , 144.31 , 2.449997
5.117 , 146.76 , 144.3 , 2.459991
5.118 , 146.76 , 144.3 , 2.459991
5.12 , 146.76 , 144.29 , 2.470001
5.122 , 146.72 , 144.29 , 2.430008
5.124 , 146.69 , 144.28 , 2.410004
5.126 , 146.76 , 144.27 , 2.48999
5.127 , 146.72 , 144.27 , 2.449997
5.129 , 146.72 , 144.26 , 2.460007
5.131 , 146.69 , 144.26 , 2.430008
5.133 , 146.69 , 144.25 , 2.440002
5.135 , 146.69 , 144.25 , 2.440002
5.136 , 146.69 , 144.24 , 2.449997
5.138 , 146.69 , 144.24 , 2.449997
5.14 , 146.65 , 144.23 , 2.419998
5.142 , 146.65 , 144.23 , 2.419998
5.144 , 146.69 , 144.22 , 2.470001
5.145 , 146.62 , 144.22 , 2.399994
5.147 , 146.69 , 144.21 , 2.479996
5.149 , 146.65 , 144.2 , 2.449997
5.151 , 146.62 , 144.2 , 2.419998
5.153 , 146.62 , 144.19 , 2.429993
5.155 , 146.65 , 144.19 , 2.459991
5.156 , 146.65 , 144.18 , 2.470001
5.158 , 146.62 , 144.18 , 2.440002
5.16 , 146.62 , 144.17 , 2.449997
5.162 , 146.62 , 144.17 , 2.449997
5.164 , 146.62 , 144.16 , 2.459991
5.166 , 146.58 , 144.15 , 2.430008
5.167 , 146.58 , 144.15 , 2.430008
5.169 , 146.62 , 144.14 , 2.479996
5.171 , 146.62 , 144.14 , 2.479996
5.173 , 146.58 , 144.13 , 2.449997
5.175 , 146.58 , 144.13 , 2.449997
5.177 , 146.58 , 144.12 , 2.460007
5.178 , 146.62 , 144.12 , 2.5
5.18 , 146.58 , 144.11 , 2.470001
5.182 , 146.58 , 144.11 , 2.470001
5.184 , 146.58 , 144.1 , 2.479996
5.185 , 146.58 , 144.1 , 2.479996
5.187 , 146.56 , 144.09 , 2.470001
5.189 , 146.56 , 144.08 , 2.479996
5.191 , 146.53 , 144.08 , 2.449997
5.193 , 146.58 , 144.07 , 2.509995
5.195 , 146.53 , 144.07 , 2.459991
5.196 , 146.53 , 144.06 , 2.470001
5.198 , 146.53 , 144.06 , 2.470001
5.2 , 146.58 , 144.05 , 2.529999
5.202 , 146.58 , 144.05 , 2.529999
5.204 , 146.56 , 144.04 , 2.520004
5.206 , 146.58 , 144.03 , 2.550003
5.207 , 146.56 , 144.03 , 2.529999
5.209 , 146.56 , 144.03 , 2.529999
5.211 , 146.53 , 144.02 , 2.509995
5.213 , 146.56 , 144.01 , 2.550003
5.215 , 146.53 , 144.01 , 2.520004
5.216 , 146.53 , 144.0 , 2.529999
5.218 , 146.56 , 144.0 , 2.559998
5.22 , 146.49 , 143.99 , 2.5
5.222 , 146.49 , 143.99 , 2.5
5.224 , 146.53 , 143.98 , 2.550003
5.225 , 146.53 , 143.98 , 2.550003
5.227 , 146.53 , 143.97 , 2.559998
5.229 , 146.49 , 143.97 , 2.520004
5.231 , 146.49 , 143.96 , 2.529999
5.233 , 146.53 , 143.95 , 2.580002
5.235 , 146.49 , 143.95 , 2.540009
5.236 , 146.49 , 143.94 , 2.550003
5.238 , 146.46 , 143.94 , 2.520004
5.24 , 146.49 , 143.93 , 2.560013
5.242 , 146.46 , 143.93 , 2.530014
5.244 , 146.46 , 143.92 , 2.540009
5.245 , 146.46 , 143.92 , 2.540009
5.247 , 146.46 , 143.91 , 2.550003
5.249 , 146.46 , 143.91 , 2.550003
5.251 , 146.46 , 143.9 , 2.560013
5.252 , 146.42 , 143.9 , 2.520004
5.254 , 146.46 , 143.89 , 2.570007
5.256 , 146.46 , 143.88 , 2.580002
5.258 , 146.46 , 143.88 , 2.580002
5.26 , 146.4 , 143.87 , 2.529999
5.262 , 146.37 , 143.87 , 2.5
5.263 , 146.37 , 143.86 , 2.509995
5.265 , 146.4 , 143.86 , 2.539993
5.267 , 146.4 , 143.85 , 2.549988
5.269 , 146.4 , 143.85 , 2.549988
5.271 , 146.37 , 143.84 , 2.529999
5.273 , 146.33 , 143.83 , 2.5
5.274 , 146.33 , 143.83 , 2.5
5.276 , 146.37 , 143.82 , 2.549988
5.278 , 146.33 , 143.82 , 2.509995
5.28 , 146.33 , 143.81 , 2.520004
5.281 , 146.33 , 143.81 , 2.520004
5.283 , 146.33 , 143.8 , 2.529999
5.285 , 146.33 , 143.8 , 2.529999
5.287 , 146.3 , 143.79 , 2.51001
5.289 , 146.33 , 143.79 , 2.540009
5.29 , 146.3 , 143.78 , 2.520004
5.292 , 146.26 , 143.78 , 2.479996
5.294 , 146.26 , 143.77 , 2.48999
5.296 , 146.3 , 143.76 , 2.540009
5.298 , 146.26 , 143.76 , 2.5
5.3 , 146.23 , 143.75 , 2.479996
5.301 , 146.26 , 143.75 , 2.509995
5.303 , 146.23 , 143.74 , 2.48999
5.305 , 146.19 , 143.74 , 2.449997
5.307 , 146.19 , 143.73 , 2.460007
5.309 , 146.19 , 143.73 , 2.460007
5.31 , 146.19 , 143.72 , 2.470001
5.312 , 146.19 , 143.72 , 2.470001
5.314 , 146.17 , 143.71 , 2.459991
5.316 , 146.19 , 143.71 , 2.479996
5.318 , 146.17 , 143.7 , 2.470001
5.319 , 146.14 , 143.7 , 2.440002
5.321 , 146.17 , 143.69 , 2.479996
5.323 , 146.1 , 143.68 , 2.420013
5.325 , 146.1 , 143.68 , 2.420013
5.327 , 146.14 , 143.67 , 2.470001
5.329 , 146.14 , 143.67 , 2.470001
5.33 , 146.1 , 143.66 , 2.440002
5.332 , 146.14 , 143.66 , 2.479996
5.334 , 146.07 , 143.65 , 2.420013
5.336 , 146.1 , 143.65 , 2.450012
5.338 , 146.1 , 143.64 , 2.460007
5.339 , 146.1 , 143.64 , 2.460007
5.341 , 146.03 , 143.63 , 2.399994
5.343 , 146.03 , 143.62 , 2.410004
5.345 , 146.07 , 143.62 , 2.450012
5.347 , 146.03 , 143.61 , 2.419998
5.348 , 146.03 , 143.61 , 2.419998
5.35 , 146.01 , 143.6 , 2.409988
5.352 , 146.07 , 143.6 , 2.470001
5.354 , 146.03 , 143.59 , 2.440002
5.356 , 146.01 , 143.59 , 2.419998
5.357 , 146.01 , 143.58 , 2.429993
5.359 , 146.01 , 143.58 , 2.429993
5.361 , 145.98 , 143.57 , 2.409988
5.363 , 145.98 , 143.56 , 2.419998
5.365 , 146.01 , 143.56 , 2.449997
5.367 , 146.01 , 143.55 , 2.459991
5.368 , 145.98 , 143.55 , 2.429993
5.37 , 145.94 , 143.54 , 2.400009
5.372 , 145.98 , 143.54 , 2.440002
5.374 , 145.94 , 143.53 , 2.410004
5.376 , 145.94 , 143.53 , 2.410004
5.378 , 145.94 , 143.52 , 2.419998
5.379 , 145.94 , 143.52 , 2.419998
5.381 , 145.91 , 143.51 , 2.400009
5.383 , 145.91 , 143.5 , 2.410004
5.385 , 145.91 , 143.5 , 2.410004
5.386 , 145.91 , 143.5 , 2.410004
5.388 , 145.91 , 143.49 , 2.419998
5.39 , 145.91 , 143.48 , 2.430008
5.392 , 145.91 , 143.48 , 2.430008
5.393 , 145.87 , 143.47 , 2.399994
5.395 , 145.87 , 143.47 , 2.399994
5.397 , 145.87 , 143.46 , 2.409988
5.399 , 145.87 , 143.46 , 2.409988
5.401 , 145.87 , 143.45 , 2.419998
5.403 , 145.87 , 143.45 , 2.419998
5.405 , 145.87 , 143.44 , 2.429993
5.406 , 145.85 , 143.44 , 2.410004
5.408 , 145.85 , 143.43 , 2.420013
5.41 , 145.85 , 143.42 , 2.430008
5.412 , 145.85 , 143.42 , 2.430008
5.414 , 145.87 , 143.41 , 2.459991
5.415 , 145.82 , 143.41 , 2.410004
5.417 , 145.85 , 143.4 , 2.450012
5.419 , 145.82 , 143.4 , 2.420013
5.421 , 145.82 , 143.39 , 2.430008
5.422 , 145.82 , 143.39 , 2.430008
5.424 , 145.82 , 143.38 , 2.440002
5.426 , 145.85 , 143.38 , 2.470001
5.428 , 145.78 , 143.37 , 2.410004
5.43 , 145.82 , 143.36 , 2.460007
5.432 , 145.78 , 143.36 , 2.419998
5.433 , 145.78 , 143.36 , 2.419998
5.435 , 145.75 , 143.35 , 2.399994
5.437 , 145.78 , 143.34 , 2.440002
5.439 , 145.75 , 143.34 , 2.410004
5.441 , 145.75 , 143.33 , 2.419998
5.442 , 145.78 , 143.33 , 2.449997
5.444 , 145.75 , 143.32 , 2.429993
5.446 , 145.71 , 143.32 , 2.389999
5.448 , 145.71 , 143.31 , 2.400009
5.45 , 145.75 , 143.3 , 2.449997
5.451 , 145.71 , 143.3 , 2.410004
5.453 , 145.71 , 143.3 , 2.410004
5.455 , 145.71 , 143.29 , 2.420013
5.457 , 145.71 , 143.28 , 2.430008
5.458 , 145.75 , 143.28 , 2.470001
5.46 , 145.71 , 143.27 , 2.440002
5.462 , 145.71 , 143.27 , 2.440002
5.464 , 145.69 , 143.26 , 2.430008
5.465 , 145.69 , 143.26 , 2.430008
5.467 , 145.71 , 143.25 , 2.460007
5.469 , 145.69 , 143.25 , 2.440002
5.471 , 145.64 , 143.24 , 2.399994
5.473 , 145.69 , 143.24 , 2.449997
5.474 , 145.69 , 143.23 , 2.460007
5.476 , 145.69 , 143.23 , 2.460007
5.478 , 145.64 , 143.22 , 2.419998
5.48 , 145.64 , 143.21 , 2.429993
5.482 , 145.64 , 143.21 , 2.429993
5.484 , 145.62 , 143.2 , 2.419998
5.485 , 145.64 , 143.2 , 2.440002
5.487 , 145.62 , 143.19 , 2.429993
5.489 , 145.64 , 143.19 , 2.449997
5.491 , 145.64 , 143.18 , 2.460007
5.493 , 145.62 , 143.18 , 2.440002
5.495 , 145.59 , 143.17 , 2.419998
5.496 , 145.59 , 143.17 , 2.419998
5.498 , 145.59 , 143.16 , 2.429993
5.5 , 145.59 , 143.16 , 2.429993
5.502 , 145.55 , 143.15 , 2.400009
5.504 , 145.55 , 143.14 , 2.410004
5.506 , 145.59 , 143.14 , 2.449997
5.507 , 145.55 , 143.13 , 2.419998
5.509 , 145.59 , 143.13 , 2.459991
5.511 , 145.62 , 143.12 , 2.5
5.513 , 145.59 , 143.12 , 2.470001
5.515 , 145.62 , 143.11 , 2.509995
5.516 , 145.59 , 143.11 , 2.479996
5.518 , 145.55 , 143.1 , 2.449997
5.52 , 145.55 , 143.1 , 2.449997
5.522 , 145.55 , 143.09 , 2.460007
5.524 , 145.55 , 143.08 , 2.470001
5.525 , 145.55 , 143.08 , 2.470001
5.527 , 145.53 , 143.07 , 2.459991
5.529 , 145.53 , 143.07 , 2.459991
5.531 , 145.53 , 143.06 , 2.470001
5.533 , 145.48 , 143.06 , 2.419998
5.535 , 145.55 , 143.05 , 2.5
5.536 , 145.53 , 143.05 , 2.479996
5.538 , 145.53 , 143.04 , 2.490005
5.54 , 145.53 , 143.04 , 2.490005
5.542 , 145.48 , 143.03 , 2.449997
5.544 , 145.48 , 143.02 , 2.459991
5.545 , 145.53 , 143.02 , 2.509995
5.547 , 145.48 , 143.01 , 2.470001
5.549 , 145.46 , 143.01 , 2.450012
5.551 , 145.48 , 143.0 , 2.479996
5.553 , 145.43 , 143.0 , 2.429993
5.555 , 145.46 , 142.99 , 2.470001
5.556 , 145.46 , 142.99 , 2.470001
5.558 , 145.46 , 142.98 , 2.480011
5.56 , 145.46 , 142.98 , 2.480011
5.562 , 145.46 , 142.97 , 2.490005
5.564 , 145.43 , 142.96 , 2.469986
5.565 , 145.43 , 142.96 , 2.469986
5.567 , 145.43 , 142.95 , 2.479996
5.569 , 145.43 , 142.95 , 2.479996
5.571 , 145.43 , 142.94 , 2.48999
5.573 , 145.43 , 142.94 , 2.48999
5.575 , 145.39 , 142.93 , 2.460007
5.577 , 145.43 , 142.92 , 2.509995
5.578 , 145.39 , 142.92 , 2.470001
5.58 , 145.39 , 142.92 , 2.470001
5.582 , 145.32 , 142.91 , 2.410004
5.584 , 145.37 , 142.9 , 2.470001
5.586 , 145.37 , 142.9 , 2.470001
5.588 , 145.39 , 142.89 , 2.5
5.59 , 145.37 , 142.89 , 2.479996
5.591 , 145.37 , 142.88 , 2.48999
5.593 , 145.32 , 142.88 , 2.440002
5.595 , 145.37 , 142.87 , 2.5
5.597 , 145.37 , 142.86 , 2.509995
5.599 , 145.37 , 142.86 , 2.509995
5.6 , 145.32 , 142.86 , 2.460007
5.602 , 145.32 , 142.85 , 2.470001
5.604 , 145.3 , 142.84 , 2.460007
5.606 , 145.3 , 142.84 , 2.460007
5.608 , 145.32 , 142.83 , 2.490005
5.609 , 145.32 , 142.83 , 2.490005
5.611 , 145.25 , 142.82 , 2.429993
5.613 , 145.3 , 142.82 , 2.479996
5.615 , 145.25 , 142.81 , 2.440002
5.616 , 145.25 , 142.81 , 2.440002
5.618 , 145.3 , 142.8 , 2.5
5.62 , 145.25 , 142.8 , 2.449997
5.622 , 145.25 , 142.79 , 2.460007
5.623 , 145.23 , 142.79 , 2.440002
5.625 , 145.25 , 142.78 , 2.470001
5.627 , 145.23 , 142.78 , 2.449997
5.629 , 145.25 , 142.77 , 2.479996
5.631 , 145.23 , 142.76 , 2.470001
5.633 , 145.23 , 142.76 , 2.470001
5.634 , 145.23 , 142.75 , 2.479996
5.636 , 145.23 , 142.75 , 2.479996
5.638 , 145.23 , 142.74 , 2.48999
5.64 , 145.2 , 142.74 , 2.459991
5.642 , 145.23 , 142.73 , 2.5
5.643 , 145.23 , 142.73 , 2.5
5.645 , 145.16 , 142.72 , 2.440002
5.647 , 145.2 , 142.72 , 2.479996
5.649 , 145.2 , 142.71 , 2.48999
5.651 , 145.16 , 142.7 , 2.460007
5.653 , 145.14 , 142.7 , 2.440002
5.654 , 145.16 , 142.69 , 2.470001
5.656 , 145.14 , 142.69 , 2.449997
5.658 , 145.14 , 142.68 , 2.460007
5.66 , 145.09 , 142.68 , 2.410004
5.662 , 145.07 , 142.67 , 2.400009
5.663 , 145.09 , 142.67 , 2.419998
5.665 , 145.09 , 142.66 , 2.429993
5.667 , 145.09 , 142.66 , 2.429993
5.669 , 145.07 , 142.65 , 2.420013
5.671 , 145.07 , 142.64 , 2.430008
5.673 , 145.07 , 142.64 , 2.430008
5.674 , 145.09 , 142.63 , 2.459991
5.676 , 145.07 , 142.63 , 2.440002
5.678 , 145.07 , 142.62 , 2.450012
5.68 , 145.07 , 142.62 , 2.450012
5.682 , 145.04 , 142.61 , 2.429993
5.683 , 145.04 , 142.61 , 2.429993
5.685 , 145.04 , 142.6 , 2.439987
5.687 , 145.04 , 142.6 , 2.439987
5.689 , 145.07 , 142.59 , 2.480011
5.691 , 145.04 , 142.58 , 2.459991
5.693 , 145.07 , 142.58 , 2.490005
5.694 , 145.04 , 142.57 , 2.469986
5.696 , 145.04 , 142.57 , 2.469986
5.698 , 145.04 , 142.56 , 2.479996
5.7 , 145.0 , 142.56 , 2.440002
5.702 , 145.0 , 142.55 , 2.449997
5.703 , 145.0 , 142.55 , 2.449997
5.705 , 145.0 , 142.54 , 2.460007
5.707 , 144.98 , 142.54 , 2.440002
5.709 , 145.0 , 142.53 , 2.470001
5.711 , 145.0 , 142.52 , 2.479996
5.712 , 145.0 , 142.52 , 2.479996
5.714 , 144.98 , 142.52 , 2.459991
5.716 , 145.04 , 142.51 , 2.529999
5.718 , 144.98 , 142.5 , 2.479996
5.72 , 145.04 , 142.5 , 2.539993
5.722 , 144.98 , 142.49 , 2.48999
5.723 , 145.0 , 142.49 , 2.509995
5.733 , 144.98 , 142.46 , 2.519989
5.735 , 144.98 , 142.45 , 2.529999
5.737 , 144.98 , 142.45 , 2.529999
5.739 , 144.98 , 142.44 , 2.539993
5.741 , 145.0 , 142.43 , 2.570007
5.743 , 144.98 , 142.43 , 2.550003
5.745 , 144.98 , 142.42 , 2.559998
5.747 , 145.0 , 142.42 , 2.580002
5.748 , 145.04 , 142.41 , 2.62999
5.75 , 145.04 , 142.41 , 2.62999
5.752 , 145.07 , 142.4 , 2.670013
5.754 , 145.07 , 142.4 , 2.670013
5.755 , 145.07 , 142.39 , 2.680008
5.757 , 145.07 , 142.39 , 2.680008
5.759 , 145.14 , 142.38 , 2.759995
5.761 , 145.09 , 142.37 , 2.720001
5.763 , 145.14 , 142.37 , 2.770004
5.765 , 145.16 , 142.36 , 2.800003
5.766 , 145.16 , 142.36 , 2.800003
5.768 , 145.16 , 142.35 , 2.809998
5.77 , 145.2 , 142.35 , 2.849991
5.772 , 145.23 , 142.34 , 2.889999
5.774 , 145.25 , 142.34 , 2.910004
5.775 , 145.25 , 142.33 , 2.919998
5.777 , 145.3 , 142.33 , 2.970001
5.779 , 145.3 , 142.32 , 2.979996
5.781 , 145.25 , 142.31 , 2.940002
5.783 , 145.32 , 142.31 , 3.01001
5.784 , 145.3 , 142.31 , 2.990005
5.786 , 145.3 , 142.3 , 3.0
5.788 , 145.32 , 142.29 , 3.030014
5.79 , 145.37 , 142.29 , 3.080002
5.792 , 145.32 , 142.28 , 3.040009
5.793 , 145.32 , 142.28 , 3.040009
5.795 , 145.37 , 142.27 , 3.099991
5.797 , 145.37 , 142.27 , 3.099991
5.799 , 145.39 , 142.26 , 3.130005
5.801 , 145.37 , 142.26 , 3.110001
5.803 , 145.37 , 142.25 , 3.119995
5.804 , 145.37 , 142.25 , 3.119995
5.806 , 145.37 , 142.24 , 3.12999
5.808 , 145.37 , 142.23 , 3.139999
5.81 , 145.37 , 142.23 , 3.139999
5.812 , 145.39 , 142.22 , 3.169998
5.814 , 145.39 , 142.22 , 3.169998
5.815 , 145.37 , 142.21 , 3.159988
5.817 , 145.37 , 142.21 , 3.159988
5.819 , 145.32 , 142.2 , 3.12001
5.821 , 145.32 , 142.2 , 3.12001
5.823 , 145.3 , 142.19 , 3.110001
5.824 , 145.3 , 142.19 , 3.110001
5.826 , 145.3 , 142.18 , 3.12001
5.828 , 145.25 , 142.17 , 3.080002
5.83 , 145.25 , 142.17 , 3.080002
5.832 , 145.3 , 142.16 , 3.139999
5.833 , 145.25 , 142.16 , 3.089996
5.835 , 145.25 , 142.15 , 3.100006
5.837 , 145.23 , 142.15 , 3.080002
5.839 , 145.23 , 142.14 , 3.089996
5.841 , 145.2 , 142.14 , 3.059998
5.842 , 145.16 , 142.13 , 3.029999
5.844 , 145.14 , 142.13 , 3.009995
5.846 , 145.09 , 142.12 , 2.970001
5.848 , 145.09 , 142.11 , 2.979996
5.85 , 145.07 , 142.11 , 2.960007
5.851 , 145.07 , 142.11 , 2.960007
5.853 , 145.04 , 142.1 , 2.939987
5.855 , 145.04 , 142.09 , 2.949997
5.857 , 144.98 , 142.09 , 2.889999
5.859 , 144.93 , 142.08 , 2.849991
5.861 , 144.91 , 142.08 , 2.830002
5.862 , 144.91 , 142.07 , 2.839996
5.864 , 144.91 , 142.07 , 2.839996
5.866 , 144.88 , 142.06 , 2.820007
5.868 , 144.88 , 142.05 , 2.830002
5.869 , 144.84 , 142.05 , 2.789993
5.871 , 144.88 , 142.05 , 2.830002
5.873 , 144.82 , 142.04 , 2.780014
5.875 , 144.84 , 142.03 , 2.809998
5.877 , 144.77 , 142.03 , 2.740005
5.879 , 144.77 , 142.02 , 2.75
5.88 , 144.77 , 142.02 , 2.75
5.882 , 144.75 , 142.01 , 2.740005
5.884 , 144.7 , 142.01 , 2.690002
5.886 , 144.75 , 142.0 , 2.75
5.888 , 144.75 , 141.99 , 2.759995
5.889 , 144.75 , 141.99 , 2.759995
5.891 , 144.68 , 141.99 , 2.689987
5.893 , 144.7 , 141.98 , 2.720001
5.895 , 144.7 , 141.97 , 2.729996
5.897 , 144.68 , 141.97 , 2.709991
5.899 , 144.68 , 141.96 , 2.719986
5.9 , 144.68 , 141.96 , 2.719986
5.902 , 144.68 , 141.95 , 2.729996
5.904 , 144.66 , 141.95 , 2.710007
5.906 , 144.68 , 141.94 , 2.73999
5.908 , 144.61 , 141.94 , 2.669998
5.91 , 144.66 , 141.93 , 2.730011
5.912 , 144.59 , 141.92 , 2.669998
5.913 , 144.61 , 141.92 , 2.690002
5.915 , 144.59 , 141.91 , 2.679993
5.917 , 144.59 , 141.91 , 2.679993
5.919 , 144.59 , 141.9 , 2.690002
5.921 , 144.59 , 141.9 , 2.690002
5.923 , 144.59 , 141.89 , 2.699997
5.924 , 144.54 , 141.89 , 2.649994
5.926 , 144.54 , 141.88 , 2.659988
5.928 , 144.54 , 141.88 , 2.659988
5.93 , 144.54 , 141.87 , 2.669998
5.932 , 144.52 , 141.86 , 2.660004
5.934 , 144.54 , 141.86 , 2.679993
5.936 , 144.54 , 141.85 , 2.689987
5.938 , 144.54 , 141.85 , 2.689987
5.939 , 144.52 , 141.84 , 2.680008
5.941 , 144.52 , 141.84 , 2.680008
5.943 , 144.52 , 141.83 , 2.690002
5.945 , 144.52 , 141.82 , 2.699997
5.947 , 144.52 , 141.82 , 2.699997
5.948 , 144.5 , 141.82 , 2.679993
5.95 , 144.5 , 141.81 , 2.690002
5.952 , 144.45 , 141.8 , 2.649994
5.954 , 144.5 , 141.8 , 2.699997
5.956 , 144.5 , 141.79 , 2.710007
5.957 , 144.45 , 141.79 , 2.660004
5.959 , 144.43 , 141.78 , 2.649994
5.961 , 144.43 , 141.78 , 2.649994
5.963 , 144.45 , 141.77 , 2.679993
5.965 , 144.43 , 141.76 , 2.669998
5.967 , 144.45 , 141.76 , 2.690002
5.969 , 144.43 , 141.75 , 2.679993
5.97 , 144.36 , 141.75 , 2.610001
5.972 , 144.43 , 141.74 , 2.689987
5.974 , 144.36 , 141.74 , 2.619995
5.976 , 144.43 , 141.73 , 2.699997
5.978 , 144.36 , 141.73 , 2.630005
5.98 , 144.34 , 141.72 , 2.619995
5.981 , 144.36 , 141.72 , 2.639999
5.983 , 144.36 , 141.71 , 2.649994
5.985 , 144.34 , 141.7 , 2.639999
5.987 , 144.31 , 141.7 , 2.610001
5.989 , 144.31 , 141.69 , 2.619995
5.991 , 144.31 , 141.69 , 2.619995
5.993 , 144.34 , 141.68 , 2.660004
5.994 , 144.34 , 141.68 , 2.660004
5.996 , 144.34 , 141.67 , 2.669998
5.998 , 144.34 , 141.67 , 2.669998
6.0 , 144.31 , 141.66 , 2.649994
6.002 , 144.31 , 141.65 , 2.660004
6.004 , 144.31 , 141.65 , 2.660004
6.005 , 144.31 , 141.65 , 2.660004
6.007 , 144.27 , 141.64 , 2.630005
6.009 , 144.31 , 141.63 , 2.679993
6.011 , 144.27 , 141.63 , 2.639999
6.013 , 144.27 , 141.62 , 2.650009
6.014 , 144.31 , 141.62 , 2.690002
6.016 , 144.31 , 141.61 , 2.699997
6.018 , 144.27 , 141.61 , 2.660004
6.02 , 144.27 , 141.6 , 2.669998
6.022 , 144.27 , 141.59 , 2.680008
6.023 , 144.24 , 141.59 , 2.650009
6.025 , 144.2 , 141.59 , 2.610001
6.027 , 144.24 , 141.58 , 2.660004
6.029 , 144.2 , 141.57 , 2.62999
6.031 , 144.24 , 141.57 , 2.669998
6.032 , 144.2 , 141.56 , 2.639999
6.034 , 144.24 , 141.56 , 2.680008
6.036 , 144.2 , 141.55 , 2.649994
6.038 , 144.2 , 141.55 , 2.649994
6.04 , 144.17 , 141.54 , 2.630005
6.042 , 144.17 , 141.53 , 2.639999
6.044 , 144.17 , 141.53 , 2.639999
6.045 , 144.17 , 141.53 , 2.639999
6.047 , 144.17 , 141.52 , 2.649994
6.049 , 144.17 , 141.51 , 2.660004
6.051 , 144.17 , 141.51 , 2.660004
6.053 , 144.13 , 141.5 , 2.630005
6.054 , 144.13 , 141.5 , 2.630005
6.056 , 144.13 , 141.49 , 2.639999
6.058 , 144.11 , 141.49 , 2.619995
6.06 , 144.13 , 141.48 , 2.650009
6.062 , 144.17 , 141.47 , 2.699997
6.063 , 144.11 , 141.47 , 2.639999
6.065 , 144.11 , 141.47 , 2.639999
6.067 , 144.13 , 141.46 , 2.669998
6.069 , 144.11 , 141.45 , 2.660004
6.071 , 144.08 , 141.45 , 2.630005
6.072 , 144.11 , 141.44 , 2.669998
6.074 , 144.04 , 141.44 , 2.599991
6.076 , 144.08 , 141.43 , 2.650009
6.078 , 144.08 , 141.43 , 2.650009
6.079 , 144.04 , 141.42 , 2.619995
6.081 , 144.04 , 141.42 , 2.619995
6.083 , 144.08 , 141.41 , 2.669998
6.085 , 144.01 , 141.41 , 2.599991
6.087 , 144.01 , 141.4 , 2.610001
6.089 , 144.04 , 141.39 , 2.649994
6.09 , 144.01 , 141.39 , 2.619995
6.092 , 144.01 , 141.38 , 2.62999
6.094 , 144.01 , 141.38 , 2.62999
6.096 , 144.01 , 141.37 , 2.639999
6.098 , 144.04 , 141.37 , 2.669998
6.1 , 143.97 , 141.36 , 2.610001
6.101 , 143.97 , 141.36 , 2.610001
6.103 , 143.97 , 141.35 , 2.619995
6.105 , 143.97 , 141.35 , 2.619995
6.107 , 143.97 , 141.34 , 2.630005
6.108 , 143.97 , 141.34 , 2.630005
6.11 , 143.95 , 141.33 , 2.619995
6.112 , 143.95 , 141.33 , 2.619995
6.114 , 143.95 , 141.32 , 2.62999
6.116 , 143.95 , 141.31 , 2.639999
6.118 , 143.9 , 141.31 , 2.589996
6.119 , 143.95 , 141.3 , 2.649994
6.121 , 143.9 , 141.3 , 2.599991
6.123 , 143.85 , 141.29 , 2.560013
6.125 , 143.85 , 141.29 , 2.560013
6.127 , 143.85 , 141.28 , 2.570007
6.128 , 143.9 , 141.28 , 2.619995
6.13 , 143.9 , 141.27 , 2.62999
6.132 , 143.9 , 141.27 , 2.62999
6.134 , 143.85 , 141.26 , 2.590012
6.136 , 143.9 , 141.25 , 2.649994
6.138 , 143.9 , 141.25 , 2.649994
6.139 , 143.83 , 141.24 , 2.589996
6.141 , 143.83 , 141.24 , 2.589996
6.143 , 143.9 , 141.23 , 2.669998
6.145 , 143.83 , 141.23 , 2.600006
6.147 , 143.83 , 141.22 , 2.610001
6.149 , 143.83 , 141.21 , 2.619995
6.15 , 143.79 , 141.21 , 2.579987
6.152 , 143.76 , 141.21 , 2.549988
6.154 , 143.79 , 141.2 , 2.589996
6.156 , 143.83 , 141.19 , 2.639999
6.158 , 143.79 , 141.19 , 2.599991
6.159 , 143.79 , 141.18 , 2.610001
6.161 , 143.76 , 141.18 , 2.580002
6.163 , 143.76 , 141.17 , 2.589996
6.165 , 143.72 , 141.17 , 2.550003
6.167 , 143.72 , 141.16 , 2.559998
6.169 , 143.69 , 141.15 , 2.540009
6.17 , 143.76 , 141.15 , 2.610001
6.172 , 143.72 , 141.15 , 2.570007
6.174 , 143.72 , 141.14 , 2.580002
6.176 , 143.72 , 141.13 , 2.589996
6.178 , 143.72 , 141.13 , 2.589996
6.179 , 143.69 , 141.12 , 2.570007
6.181 , 143.69 , 141.12 , 2.570007
6.183 , 143.72 , 141.11 , 2.610001
6.185 , 143.67 , 141.11 , 2.559998
6.186 , 143.67 , 141.1 , 2.569992
6.188 , 143.67 , 141.1 , 2.569992
6.19 , 143.67 , 141.09 , 2.580002
6.192 , 143.67 , 141.09 , 2.580002
6.194 , 143.63 , 141.08 , 2.550003
6.196 , 143.67 , 141.07 , 2.599991
6.197 , 143.63 , 141.07 , 2.559998
6.199 , 143.63 , 141.06 , 2.570007
6.201 , 143.63 , 141.06 , 2.570007
6.203 , 143.6 , 141.05 , 2.550003
6.204 , 143.6 , 141.05 , 2.550003
6.206 , 143.6 , 141.04 , 2.560013
6.208 , 143.6 , 141.04 , 2.560013
6.21 , 143.6 , 141.03 , 2.570007
6.212 , 143.56 , 141.03 , 2.529999
6.213 , 143.56 , 141.02 , 2.539993
6.215 , 143.56 , 141.02 , 2.539993
6.217 , 143.56 , 141.01 , 2.550003
6.219 , 143.6 , 141.01 , 2.590012
6.221 , 143.56 , 141.0 , 2.559998
6.222 , 143.56 , 141.0 , 2.559998
6.224 , 143.56 , 140.99 , 2.569992
6.226 , 143.56 , 140.98 , 2.580002
6.228 , 143.53 , 140.98 , 2.550003
6.23 , 143.56 , 140.97 , 2.589996
6.231 , 143.56 , 140.97 , 2.589996
6.233 , 143.56 , 140.96 , 2.599991
6.235 , 143.56 , 140.96 , 2.599991
6.237 , 143.56 , 140.95 , 2.610001
6.239 , 143.56 , 140.95 , 2.610001
6.241 , 143.53 , 140.94 , 2.589996
6.243 , 143.53 , 140.93 , 2.600006
6.244 , 143.51 , 140.93 , 2.580002
6.246 , 143.53 , 140.92 , 2.610001
6.248 , 143.53 , 140.92 , 2.610001
6.25 , 143.51 , 140.91 , 2.599991
6.252 , 143.53 , 140.91 , 2.619995
6.253 , 143.51 , 140.9 , 2.610001
6.255 , 143.51 , 140.9 , 2.610001
6.257 , 143.51 , 140.89 , 2.619995
6.259 , 143.51 , 140.89 , 2.619995
6.261 , 143.51 , 140.88 , 2.62999
6.263 , 143.51 , 140.87 , 2.639999
6.264 , 143.47 , 140.87 , 2.600006
6.266 , 143.44 , 140.86 , 2.580002
6.268 , 143.44 , 140.86 , 2.580002
6.27 , 143.47 , 140.85 , 2.619995
6.272 , 143.44 , 140.85 , 2.589996
6.274 , 143.44 , 140.84 , 2.600006
6.275 , 143.44 , 140.84 , 2.600006
6.277 , 143.47 , 140.83 , 2.639999
6.279 , 143.44 , 140.83 , 2.610001
6.281 , 143.44 , 140.82 , 2.619995
6.282 , 143.44 , 140.82 , 2.619995
6.284 , 143.37 , 140.81 , 2.559998
6.286 , 143.4 , 140.8 , 2.599991
6.288 , 143.4 , 140.8 , 2.599991
6.29 , 143.4 , 140.79 , 2.610001
6.292 , 143.35 , 140.79 , 2.560013
6.293 , 143.37 , 140.78 , 2.589996
6.295 , 143.37 , 140.78 , 2.589996
6.297 , 143.37 , 140.77 , 2.599991
6.299 , 143.37 , 140.77 , 2.599991
6.301 , 143.35 , 140.76 , 2.590012
6.303 , 143.37 , 140.75 , 2.619995
6.305 , 143.35 , 140.75 , 2.600006
6.306 , 143.35 , 140.75 , 2.600006
6.308 , 143.35 , 140.74 , 2.610001
6.31 , 143.31 , 140.73 , 2.580002
6.311 , 143.31 , 140.73 , 2.580002
6.313 , 143.31 , 140.72 , 2.589996
6.315 , 143.31 , 140.72 , 2.589996
6.317 , 143.35 , 140.71 , 2.639999
6.319 , 143.31 , 140.71 , 2.599991
6.321 , 143.35 , 140.7 , 2.650009
6.322 , 143.31 , 140.7 , 2.610001
6.324 , 143.31 , 140.69 , 2.619995
6.326 , 143.28 , 140.69 , 2.589996
6.328 , 143.28 , 140.68 , 2.600006
6.33 , 143.28 , 140.67 , 2.610001
6.331 , 143.28 , 140.67 , 2.610001
6.333 , 143.17 , 140.66 , 2.509995
6.335 , 143.24 , 140.66 , 2.580002
6.337 , 143.17 , 140.65 , 2.520004
6.339 , 143.17 , 140.65 , 2.520004
6.34 , 143.24 , 140.64 , 2.600006
6.342 , 143.17 , 140.64 , 2.529999
6.344 , 143.17 , 140.63 , 2.539993
6.346 , 143.14 , 140.63 , 2.509995
6.348 , 143.14 , 140.62 , 2.520004
6.349 , 143.14 , 140.62 , 2.520004
6.351 , 143.17 , 140.61 , 2.559998
6.353 , 143.14 , 140.6 , 2.539993
6.355 , 143.12 , 140.6 , 2.519989
6.357 , 143.14 , 140.59 , 2.550003
6.359 , 143.14 , 140.59 , 2.550003
6.36 , 143.14 , 140.58 , 2.559998
6.362 , 143.12 , 140.58 , 2.539993
6.364 , 143.08 , 140.57 , 2.509995
6.366 , 143.12 , 140.57 , 2.549988
6.368 , 143.08 , 140.56 , 2.520004
6.369 , 143.12 , 140.56 , 2.559998
6.371 , 143.08 , 140.55 , 2.529999
6.373 , 143.08 , 140.54 , 2.540009
6.375 , 143.08 , 140.54 , 2.540009
6.377 , 143.08 , 140.53 , 2.550003
6.379 , 143.08 , 140.53 , 2.550003
6.38 , 143.05 , 140.52 , 2.529999
6.382 , 143.05 , 140.52 , 2.529999
6.384 , 143.05 , 140.51 , 2.540009
6.386 , 143.05 , 140.51 , 2.540009
6.387 , 143.05 , 140.5 , 2.550003
6.389 , 143.05 , 140.5 , 2.550003
6.391 , 143.05 , 140.49 , 2.559998
6.393 , 142.98 , 140.48 , 2.5
6.394 , 143.05 , 140.48 , 2.570007
6.396 , 142.98 , 140.48 , 2.5
6.398 , 142.98 , 140.47 , 2.509995
6.4 , 143.01 , 140.46 , 2.549988
6.402 , 142.98 , 140.46 , 2.519989
6.404 , 142.96 , 140.45 , 2.51001
6.405 , 142.96 , 140.45 , 2.51001
6.407 , 142.96 , 140.44 , 2.520004
6.409 , 142.96 , 140.44 , 2.520004
6.411 , 142.92 , 140.43 , 2.490005
6.413 , 142.96 , 140.43 , 2.530014
6.414 , 142.92 , 140.42 , 2.5
6.416 , 142.92 , 140.42 , 2.5
6.418 , 142.96 , 140.41 , 2.550003
6.42 , 142.92 , 140.4 , 2.520004
6.421 , 142.89 , 140.4 , 2.490005
6.423 , 142.92 , 140.4 , 2.520004
6.425 , 142.89 , 140.39 , 2.5
6.427 , 142.92 , 140.38 , 2.539993
6.429 , 142.89 , 140.38 , 2.509995
6.431 , 142.89 , 140.37 , 2.520004
6.432 , 142.85 , 140.37 , 2.480011
6.434 , 142.89 , 140.36 , 2.529999
6.436 , 142.85 , 140.36 , 2.490005
6.438 , 142.89 , 140.35 , 2.539993
6.44 , 142.92 , 140.34 , 2.580002
6.441 , 142.89 , 140.34 , 2.550003
6.443 , 142.85 , 140.34 , 2.51001
6.445 , 142.85 , 140.33 , 2.520004
6.447 , 142.82 , 140.32 , 2.5
6.448 , 142.89 , 140.32 , 2.569992
6.45 , 142.82 , 140.31 , 2.51001
6.452 , 142.89 , 140.31 , 2.580002
6.454 , 142.8 , 140.3 , 2.5
6.456 , 142.85 , 140.3 , 2.550003
6.458 , 142.85 , 140.29 , 2.560013
6.459 , 142.82 , 140.29 , 2.530014
6.461 , 142.8 , 140.28 , 2.520004
6.463 , 142.82 , 140.28 , 2.540009
6.465 , 142.82 , 140.27 , 2.550003
6.466 , 142.8 , 140.27 , 2.529999
6.468 , 142.8 , 140.26 , 2.540009
6.47 , 142.8 , 140.25 , 2.550003
6.472 , 142.76 , 140.25 , 2.509995
6.474 , 142.76 , 140.24 , 2.519989
6.475 , 142.76 , 140.24 , 2.519989
6.477 , 142.76 , 140.23 , 2.529999
6.479 , 142.76 , 140.23 , 2.529999
6.481 , 142.69 , 140.22 , 2.470001
6.483 , 142.76 , 140.22 , 2.539993
6.485 , 142.73 , 140.21 , 2.519989
6.486 , 142.69 , 140.21 , 2.479996
6.488 , 142.76 , 140.2 , 2.559998
6.49 , 142.69 , 140.19 , 2.5
6.492 , 142.69 , 140.19 , 2.5
6.494 , 142.69 , 140.18 , 2.51001
6.495 , 142.69 , 140.18 , 2.51001
6.497 , 142.69 , 140.17 , 2.520004
6.499 , 142.69 , 140.17 , 2.520004
6.501 , 142.66 , 140.16 , 2.5
6.503 , 142.69 , 140.16 , 2.529999
6.504 , 142.66 , 140.15 , 2.51001
6.506 , 142.66 , 140.15 , 2.51001
6.508 , 142.66 , 140.14 , 2.520004
6.51 , 142.66 , 140.14 , 2.520004
6.511 , 142.62 , 140.13 , 2.48999
6.513 , 142.66 , 140.13 , 2.529999
6.523 , 142.62 , 140.1 , 2.519989
6.525 , 142.6 , 140.09 , 2.51001
6.527 , 142.6 , 140.08 , 2.520004
6.529 , 142.57 , 140.08 , 2.490005
6.53 , 142.62 , 140.08 , 2.539993
6.532 , 142.57 , 140.07 , 2.5
6.534 , 142.6 , 140.06 , 2.540009
6.536 , 142.6 , 140.06 , 2.540009
6.538 , 142.57 , 140.05 , 2.520004
6.539 , 142.57 , 140.05 , 2.520004
6.541 , 142.57 , 140.04 , 2.530014
6.543 , 142.57 , 140.04 , 2.530014
6.545 , 142.57 , 140.03 , 2.540009
6.546 , 142.57 , 140.03 , 2.540009
6.548 , 142.57 , 140.02 , 2.550003
6.55 , 142.57 , 140.02 , 2.550003
6.552 , 142.57 , 140.01 , 2.560013
6.553 , 142.53 , 140.01 , 2.520004
6.555 , 142.57 , 140.0 , 2.570007
6.557 , 142.53 , 139.99 , 2.539993
6.559 , 142.53 , 139.99 , 2.539993
6.561 , 142.5 , 139.98 , 2.520004
6.562 , 142.5 , 139.98 , 2.520004
6.564 , 142.53 , 139.97 , 2.559998
6.566 , 142.53 , 139.97 , 2.559998
6.568 , 142.57 , 139.96 , 2.610001
6.57 , 142.57 , 139.96 , 2.610001
6.571 , 142.53 , 139.95 , 2.580002
6.573 , 142.53 , 139.95 , 2.580002
6.575 , 142.6 , 139.94 , 2.660004
6.577 , 142.6 , 139.93 , 2.670013
6.579 , 142.6 , 139.93 , 2.670013
6.58 , 142.57 , 139.93 , 2.640015
6.582 , 142.6 , 139.92 , 2.680008
6.584 , 142.57 , 139.91 , 2.660004
6.586 , 142.6 , 139.91 , 2.690002
6.588 , 142.62 , 139.9 , 2.720001
6.59 , 142.66 , 139.9 , 2.76001
6.591 , 142.69 , 139.89 , 2.800003
6.593 , 142.66 , 139.89 , 2.770004
6.595 , 142.73 , 139.88 , 2.849991
6.597 , 142.69 , 139.87 , 2.820007
6.599 , 142.76 , 139.87 , 2.889999
6.601 , 142.8 , 139.86 , 2.940002
6.602 , 142.8 , 139.86 , 2.940002
6.604 , 142.8 , 139.85 , 2.949997
6.606 , 142.8 , 139.85 , 2.949997
6.608 , 142.82 , 139.84 , 2.980011
6.61 , 142.85 , 139.84 , 3.01001
6.611 , 142.85 , 139.83 , 3.020004
6.613 , 142.82 , 139.83 , 2.990005
6.615 , 142.89 , 139.82 , 3.069992
6.617 , 142.89 , 139.82 , 3.069992
6.619 , 142.89 , 139.81 , 3.080002
6.621 , 142.96 , 139.8 , 3.160004
6.622 , 142.92 , 139.8 , 3.119995
6.624 , 142.96 , 139.79 , 3.170013
6.626 , 142.96 , 139.79 , 3.170013
6.628 , 142.98 , 139.78 , 3.199997
6.63 , 142.98 , 139.78 , 3.199997
6.632 , 143.01 , 139.77 , 3.23999
6.633 , 143.05 , 139.77 , 3.279999
6.635 , 143.08 , 139.76 , 3.320007
6.637 , 143.01 , 139.76 , 3.25
6.639 , 143.01 , 139.75 , 3.259995
6.641 , 143.05 , 139.74 , 3.309998
6.642 , 143.01 , 139.74 , 3.269989
6.644 , 143.01 , 139.73 , 3.279999
6.646 , 142.98 , 139.73 , 3.25
6.648 , 143.05 , 139.72 , 3.330002
6.65 , 143.01 , 139.72 , 3.289993
6.652 , 142.98 , 139.71 , 3.269989
6.653 , 143.01 , 139.71 , 3.299988
6.655 , 142.98 , 139.7 , 3.279999
6.657 , 142.98 , 139.7 , 3.279999
6.659 , 142.98 , 139.69 , 3.289993
6.661 , 142.96 , 139.68 , 3.280014
6.663 , 142.96 , 139.68 , 3.280014
6.665 , 142.98 , 139.67 , 3.309998
6.666 , 142.92 , 139.67 , 3.25
6.668 , 142.92 , 139.66 , 3.259995
6.67 , 142.89 , 139.66 , 3.229996
6.672 , 142.89 , 139.65 , 3.240005
6.674 , 142.92 , 139.64 , 3.279999
6.676 , 142.85 , 139.64 , 3.210007
6.678 , 142.82 , 139.63 , 3.190002
6.679 , 142.82 , 139.63 , 3.190002
6.681 , 142.76 , 139.62 , 3.139999
6.683 , 142.73 , 139.62 , 3.110001
6.685 , 142.76 , 139.61 , 3.149994
6.687 , 142.73 , 139.61 , 3.119995
6.689 , 142.73 , 139.6 , 3.12999
6.69 , 142.69 , 139.6 , 3.089996
6.692 , 142.66 , 139.59 , 3.070007
6.694 , 142.66 , 139.58 , 3.080002
6.696 , 142.62 , 139.58 , 3.039993
6.698 , 142.6 , 139.57 , 3.029999
6.699 , 142.6 , 139.57 , 3.029999
6.701 , 142.57 , 139.56 , 3.01001
6.703 , 142.57 , 139.56 , 3.01001
6.705 , 142.53 , 139.55 , 2.979996
6.707 , 142.46 , 139.55 , 2.910004
6.708 , 142.46 , 139.54 , 2.920013
6.71 , 142.5 , 139.54 , 2.960007
6.712 , 142.44 , 139.53 , 2.910004
6.714 , 142.44 , 139.53 , 2.910004
6.716 , 142.44 , 139.52 , 2.919998
6.717 , 142.44 , 139.52 , 2.919998
6.719 , 142.41 , 139.51 , 2.900009
6.721 , 142.41 , 139.5 , 2.910004
6.723 , 142.37 , 139.5 , 2.869995
6.725 , 142.34 , 139.49 , 2.849991
6.726 , 142.34 , 139.49 , 2.849991
6.728 , 142.37 , 139.48 , 2.889999
6.73 , 142.3 , 139.48 , 2.820007
6.732 , 142.3 , 139.47 , 2.830002
6.734 , 142.3 , 139.47 , 2.830002
6.735 , 142.28 , 139.46 , 2.819992
6.737 , 142.28 , 139.46 , 2.819992
6.739 , 142.3 , 139.45 , 2.850006
6.741 , 142.23 , 139.44 , 2.789993
6.743 , 142.23 , 139.44 , 2.789993
6.745 , 142.23 , 139.43 , 2.800003
6.746 , 142.23 , 139.43 , 2.800003
6.748 , 142.23 , 139.42 , 2.809998
6.75 , 142.23 , 139.42 , 2.809998
6.752 , 142.21 , 139.41 , 2.800003
6.754 , 142.21 , 139.41 , 2.800003
6.755 , 142.21 , 139.4 , 2.810013
6.757 , 142.21 , 139.4 , 2.810013
6.759 , 142.18 , 139.39 , 2.789993
6.761 , 142.18 , 139.38 , 2.799988
6.763 , 142.18 , 139.38 , 2.799988
6.765 , 142.14 , 139.37 , 2.770004
6.766 , 142.14 , 139.37 , 2.770004
6.768 , 142.14 , 139.36 , 2.779999
6.77 , 142.14 , 139.36 , 2.779999
6.772 , 142.14 , 139.35 , 2.789993
6.774 , 142.14 , 139.35 , 2.789993
6.776 , 142.11 , 139.34 , 2.770004
6.778 , 142.11 , 139.33 , 2.779999
6.779 , 142.11 , 139.33 , 2.779999
6.781 , 142.05 , 139.32 , 2.729996
6.783 , 142.07 , 139.32 , 2.75
6.785 , 142.02 , 139.31 , 2.710007
6.787 , 142.05 , 139.31 , 2.740005
6.788 , 142.05 , 139.3 , 2.75
6.79 , 142.05 , 139.3 , 2.75
6.792 , 142.02 , 139.29 , 2.730011
6.794 , 142.02 , 139.29 , 2.730011
6.795 , 142.02 , 139.28 , 2.740005
6.797 , 141.98 , 139.28 , 2.699997
6.799 , 142.02 , 139.27 , 2.75
6.801 , 141.91 , 139.27 , 2.639999
6.803 , 141.98 , 139.26 , 2.720001
6.805 , 141.95 , 139.25 , 2.699997
6.806 , 141.95 , 139.25 , 2.699997
6.808 , 141.91 , 139.24 , 2.669998
6.81 , 141.95 , 139.24 , 2.709991
6.812 , 141.95 , 139.23 , 2.720001
6.814 , 141.91 , 139.23 , 2.680008
6.815 , 141.98 , 139.22 , 2.759995
6.817 , 141.95 , 139.22 , 2.729996
6.819 , 141.86 , 139.21 , 2.649994
6.821 , 141.89 , 139.21 , 2.679993
6.823 , 141.89 , 139.2 , 2.690002
6.825 , 141.86 , 139.19 , 2.669998
6.827 , 141.89 , 139.19 , 2.699997
6.828 , 141.89 , 139.18 , 2.710007
6.83 , 141.89 , 139.18 , 2.710007
6.832 , 141.86 , 139.17 , 2.690002
6.834 , 141.89 , 139.17 , 2.720001
6.836 , 141.89 , 139.16 , 2.729996
6.838 , 141.89 , 139.15 , 2.740005
6.84 , 141.86 , 139.15 , 2.710007
6.841 , 141.86 , 139.15 , 2.710007
6.843 , 141.86 , 139.14 , 2.720001
6.845 , 141.89 , 139.13 , 2.759995
6.847 , 141.86 , 139.13 , 2.729996
6.849 , 141.86 , 139.12 , 2.740005
6.85 , 141.89 , 139.12 , 2.770004
6.852 , 141.89 , 139.11 , 2.779999
6.854 , 141.89 , 139.11 , 2.779999
6.856 , 141.89 , 139.1 , 2.789993
6.858 , 141.89 , 139.09 , 2.800003
6.86 , 141.86 , 139.09 , 2.770004
6.862 , 141.86 , 139.08 , 2.779999
6.863 , 141.82 , 139.08 , 2.740005
6.865 , 141.86 , 139.07 , 2.789993
6.867 , 141.86 , 139.07 , 2.789993
6.869 , 141.82 , 139.06 , 2.76001
6.871 , 141.82 , 139.06 , 2.76001
6.872 , 141.82 , 139.05 , 2.770004
6.874 , 141.86 , 139.05 , 2.809998
6.876 , 141.79 , 139.04 , 2.75
6.878 , 141.82 , 139.03 , 2.790009
6.88 , 141.79 , 139.03 , 2.759995
6.882 , 141.79 , 139.02 , 2.769989
6.883 , 141.79 , 139.02 , 2.769989
6.885 , 141.79 , 139.01 , 2.779999
6.887 , 141.75 , 139.01 , 2.740005
6.889 , 141.79 , 139.0 , 2.789993
6.891 , 141.75 , 139.0 , 2.75
6.893 , 141.75 , 138.99 , 2.759995
6.895 , 141.75 , 138.98 , 2.770004
6.896 , 141.73 , 138.98 , 2.75
6.898 , 141.75 , 138.97 , 2.779999
6.9 , 141.75 , 138.97 , 2.779999
6.902 , 141.73 , 138.96 , 2.769989
6.904 , 141.68 , 138.96 , 2.719986
6.906 , 141.73 , 138.95 , 2.779999
6.907 , 141.68 , 138.95 , 2.729996
6.909 , 141.68 , 138.94 , 2.73999
6.911 , 141.68 , 138.94 , 2.73999
6.913 , 141.68 , 138.93 , 2.75
6.915 , 141.68 , 138.92 , 2.759995
6.917 , 141.73 , 138.92 , 2.809998
6.919 , 141.73 , 138.91 , 2.819992
6.921 , 141.66 , 138.91 , 2.75
6.922 , 141.66 , 138.9 , 2.76001
6.924 , 141.66 , 138.9 , 2.76001
6.926 , 141.63 , 138.89 , 2.740005
6.928 , 141.66 , 138.89 , 2.770004
6.93 , 141.63 , 138.88 , 2.75
6.931 , 141.59 , 138.88 , 2.709991
6.933 , 141.63 , 138.87 , 2.76001
6.935 , 141.63 , 138.86 , 2.770004
6.937 , 141.59 , 138.86 , 2.729996
6.939 , 141.63 , 138.85 , 2.779999
6.941 , 141.59 , 138.85 , 2.73999
6.942 , 141.59 , 138.84 , 2.75
6.944 , 141.57 , 138.84 , 2.730011
6.946 , 141.59 , 138.83 , 2.759995
6.948 , 141.57 , 138.83 , 2.740005
6.95 , 141.57 , 138.82 , 2.75
6.952 , 141.52 , 138.81 , 2.710007
6.953 , 141.5 , 138.81 , 2.690002
6.955 , 141.5 , 138.8 , 2.699997
6.957 , 141.47 , 138.8 , 2.669998
6.959 , 141.47 , 138.79 , 2.680008
6.961 , 141.47 , 138.79 , 2.680008
6.962 , 141.47 , 138.78 , 2.690002
6.964 , 141.43 , 138.78 , 2.649994
6.966 , 141.41 , 138.77 , 2.639999
6.968 , 141.47 , 138.77 , 2.699997
6.97 , 141.41 , 138.76 , 2.650009
6.972 , 141.43 , 138.75 , 2.679993
6.973 , 141.41 , 138.75 , 2.660004
6.975 , 141.41 , 138.74 , 2.669998
6.977 , 141.41 , 138.74 , 2.669998
6.979 , 141.36 , 138.73 , 2.630005
6.981 , 141.36 , 138.73 , 2.630005
6.982 , 141.36 , 138.72 , 2.639999
6.984 , 141.34 , 138.72 , 2.619995
6.986 , 141.34 , 138.71 , 2.62999
6.988 , 141.29 , 138.71 , 2.579987
6.99 , 141.29 , 138.7 , 2.589996
6.992 , 141.34 , 138.69 , 2.649994
6.994 , 141.27 , 138.69 , 2.580002
6.995 , 141.34 , 138.68 , 2.660004
6.997 , 141.27 , 138.68 , 2.590012
6.999 , 141.27 , 138.67 , 2.600006
7.001 , 141.27 , 138.67 , 2.600006
7.003 , 141.27 , 138.66 , 2.610001
7.004 , 141.27 , 138.66 , 2.610001
7.006 , 141.25 , 138.65 , 2.600006
7.008 , 141.27 , 138.65 , 2.62001
7.01 , 141.27 , 138.64 , 2.630005
7.011 , 141.25 , 138.64 , 2.610001
7.013 , 141.25 , 138.63 , 2.619995
7.015 , 141.2 , 138.63 , 2.569992
7.017 , 141.25 , 138.62 , 2.630005
7.019 , 141.18 , 138.61 , 2.569992
7.02 , 141.25 , 138.61 , 2.639999
7.022 , 141.2 , 138.6 , 2.599991
7.024 , 141.2 , 138.6 , 2.599991
7.026 , 141.2 , 138.59 , 2.610001
7.028 , 141.18 , 138.59 , 2.589996
7.03 , 141.18 , 138.58 , 2.599991
7.031 , 141.13 , 138.58 , 2.550003
7.033 , 141.18 , 138.57 , 2.609985
7.035 , 141.18 , 138.57 , 2.609985
7.037 , 141.18 , 138.56 , 2.619995
7.039 , 141.18 , 138.55 , 2.62999
7.04 , 141.11 , 138.55 , 2.559998
7.042 , 141.13 , 138.54 , 2.590012
7.044 , 141.18 , 138.54 , 2.639999
7.046 , 141.13 , 138.53 , 2.600006
7.048 , 141.11 , 138.53 , 2.580002
7.049 , 141.11 , 138.52 , 2.589996
7.051 , 141.08 , 138.52 , 2.559998
7.053 , 141.08 , 138.51 , 2.570007
7.055 , 141.11 , 138.51 , 2.600006
7.057 , 141.11 , 138.5 , 2.610001
7.058 , 141.11 , 138.5 , 2.610001
7.06 , 141.08 , 138.49 , 2.589996
7.062 , 141.11 , 138.48 , 2.630005
7.064 , 141.11 , 138.48 , 2.630005
7.066 , 141.08 , 138.47 , 2.610001
7.067 , 141.11 , 138.47 , 2.639999
7.069 , 141.08 , 138.46 , 2.619995
7.071 , 141.04 , 138.46 , 2.579987
7.073 , 141.08 , 138.45 , 2.630005
7.075 , 141.04 , 138.45 , 2.589996
7.077 , 141.04 , 138.44 , 2.599991
7.078 , 141.08 , 138.44 , 2.639999
7.08 , 141.08 , 138.43 , 2.650009
7.082 , 141.04 , 138.42 , 2.619995
7.084 , 141.08 , 138.42 , 2.660004
7.086 , 141.04 , 138.41 , 2.62999
7.087 , 141.04 , 138.41 , 2.62999
7.089 , 141.02 , 138.4 , 2.62001
7.091 , 141.02 , 138.4 , 2.62001
7.093 , 141.02 , 138.39 , 2.630005
7.095 , 141.02 , 138.39 , 2.630005
7.096 , 140.97 , 138.38 , 2.589996
7.098 , 140.97 , 138.38 , 2.589996
7.1 , 140.97 , 138.37 , 2.600006
7.102 , 140.97 , 138.37 , 2.600006
7.104 , 140.97 , 138.36 , 2.610001
7.105 , 140.97 , 138.36 , 2.610001
7.107 , 140.97 , 138.35 , 2.619995
7.109 , 140.97 , 138.34 , 2.630005
7.111 , 140.95 , 138.34 , 2.610001
7.112 , 140.92 , 138.34 , 2.580002
7.114 , 140.92 , 138.33 , 2.589996
7.116 , 140.97 , 138.32 , 2.649994
7.118 , 140.88 , 138.32 , 2.559998
7.12 , 140.88 , 138.31 , 2.570007
7.122 , 140.92 , 138.31 , 2.610001
7.123 , 140.92 , 138.3 , 2.619995
7.125 , 140.92 , 138.3 , 2.619995
7.127 , 140.88 , 138.29 , 2.590012
7.129 , 140.88 , 138.28 , 2.600006
7.131 , 140.86 , 138.28 , 2.580002
7.132 , 140.86 , 138.28 , 2.580002
7.134 , 140.88 , 138.27 , 2.610001
7.136 , 140.88 , 138.26 , 2.62001
7.138 , 140.86 , 138.26 , 2.600006
7.139 , 140.86 , 138.25 , 2.610001
7.141 , 140.88 , 138.25 , 2.630005
7.143 , 140.86 , 138.24 , 2.619995
7.145 , 140.81 , 138.24 , 2.569992
7.147 , 140.86 , 138.23 , 2.630005
7.149 , 140.79 , 138.22 , 2.569992
7.15 , 140.81 , 138.22 , 2.589996
7.152 , 140.81 , 138.22 , 2.589996
7.154 , 140.81 , 138.21 , 2.599991
7.156 , 140.81 , 138.2 , 2.610001
7.158 , 140.79 , 138.2 , 2.589996
7.16 , 140.79 , 138.19 , 2.599991
7.162 , 140.79 , 138.19 , 2.599991
7.163 , 140.86 , 138.18 , 2.680008
7.165 , 140.79 , 138.18 , 2.610001
7.167 , 140.74 , 138.17 , 2.570007
7.169 , 140.74 , 138.16 , 2.580002
7.171 , 140.79 , 138.16 , 2.62999
7.172 , 140.74 , 138.16 , 2.580002
7.174 , 140.79 , 138.15 , 2.639999
7.176 , 140.72 , 138.14 , 2.580002
7.178 , 140.74 , 138.14 , 2.600006
7.18 , 140.72 , 138.13 , 2.589996
7.182 , 140.72 , 138.13 , 2.589996
7.183 , 140.72 , 138.12 , 2.600006
7.185 , 140.72 , 138.12 , 2.600006
7.187 , 140.7 , 138.11 , 2.589996
7.189 , 140.7 , 138.1 , 2.599991
7.191 , 140.7 , 138.1 , 2.599991
7.192 , 140.7 , 138.1 , 2.599991
7.194 , 140.7 , 138.09 , 2.610001
7.196 , 140.7 , 138.08 , 2.619995
7.198 , 140.65 , 138.08 , 2.569992
7.2 , 140.63 , 138.07 , 2.559998
7.202 , 140.63 , 138.07 , 2.559998
7.203 , 140.63 , 138.06 , 2.570007
7.205 , 140.63 , 138.06 , 2.570007
7.207 , 140.63 , 138.05 , 2.580002
7.209 , 140.63 , 138.05 , 2.580002
7.21 , 140.63 , 138.04 , 2.590012
7.212 , 140.58 , 138.04 , 2.540009
7.214 , 140.63 , 138.03 , 2.600006
7.216 , 140.63 , 138.02 , 2.610001
7.218 , 140.63 , 138.02 , 2.610001
7.219 , 140.58 , 138.02 , 2.559998
7.221 , 140.58 , 138.01 , 2.570007
7.223 , 140.58 , 138.0 , 2.580002
7.225 , 140.56 , 138.0 , 2.559998
7.226 , 140.56 , 137.99 , 2.569992
7.228 , 140.54 , 137.99 , 2.549988
7.23 , 140.54 , 137.98 , 2.559998
7.232 , 140.56 , 137.98 , 2.580002
7.234 , 140.54 , 137.97 , 2.569992
7.236 , 140.56 , 137.96 , 2.599991
7.237 , 140.54 , 137.96 , 2.579987
7.239 , 140.54 , 137.96 , 2.579987
7.241 , 140.54 , 137.95 , 2.589996
7.243 , 140.54 , 137.94 , 2.599991
7.245 , 140.54 , 137.94 , 2.599991
7.247 , 140.54 , 137.93 , 2.610001
7.249 , 140.54 , 137.93 , 2.610001
7.25 , 140.54 , 137.92 , 2.619995
7.252 , 140.49 , 137.92 , 2.570007
7.254 , 140.49 , 137.91 , 2.580002
7.256 , 140.49 , 137.9 , 2.590012
7.258 , 140.47 , 137.9 , 2.570007
7.259 , 140.42 , 137.9 , 2.520004
7.261 , 140.47 , 137.89 , 2.580002
7.263 , 140.47 , 137.88 , 2.589996
7.265 , 140.42 , 137.88 , 2.539993
7.267 , 140.42 , 137.87 , 2.550003
7.269 , 140.42 , 137.87 , 2.550003
7.27 , 140.42 , 137.86 , 2.559998
7.272 , 140.47 , 137.86 , 2.610001
7.274 , 140.47 , 137.85 , 2.619995
7.276 , 140.4 , 137.84 , 2.559998
7.278 , 140.42 , 137.84 , 2.580002
7.28 , 140.4 , 137.83 , 2.569992
7.281 , 140.42 , 137.83 , 2.589996
7.283 , 140.4 , 137.82 , 2.579987
7.285 , 140.4 , 137.82 , 2.579987
7.287 , 140.4 , 137.81 , 2.589996
7.289 , 140.4 , 137.81 , 2.589996
7.291 , 140.33 , 137.8 , 2.529999
7.292 , 140.4 , 137.8 , 2.599991
7.294 , 140.38 , 137.79 , 2.590012
7.296 , 140.38 , 137.78 , 2.600006
7.298 , 140.38 , 137.78 , 2.600006
7.3 , 140.38 , 137.77 , 2.610001
7.301 , 140.33 , 137.77 , 2.559998
7.303 , 140.33 , 137.76 , 2.570007
7.313 , 140.33 , 137.73 , 2.600006
7.315 , 140.31 , 137.73 , 2.580002
7.317 , 140.31 , 137.72 , 2.589996
7.319 , 140.31 , 137.72 , 2.589996
7.321 , 140.31 , 137.71 , 2.599991
7.322 , 140.31 , 137.71 , 2.599991
7.324 , 140.31 , 137.7 , 2.610001
7.326 , 140.24 , 137.7 , 2.540009
7.328 , 140.24 , 137.69 , 2.550003
7.33 , 140.26 , 137.68 , 2.580002
7.331 , 140.26 , 137.68 , 2.580002
7.333 , 140.24 , 137.67 , 2.570007
7.335 , 140.26 , 137.67 , 2.589996
7.337 , 140.26 , 137.66 , 2.599991
7.339 , 140.24 , 137.66 , 2.580002
7.341 , 140.24 , 137.65 , 2.590012
7.342 , 140.24 , 137.65 , 2.590012
7.344 , 140.24 , 137.64 , 2.600006
7.346 , 140.26 , 137.64 , 2.619995
7.348 , 140.17 , 137.63 , 2.539993
7.35 , 140.19 , 137.62 , 2.570007
7.351 , 140.19 , 137.62 , 2.570007
7.353 , 140.19 , 137.61 , 2.580002
7.355 , 140.24 , 137.61 , 2.630005
7.357 , 140.17 , 137.6 , 2.569992
7.359 , 140.19 , 137.6 , 2.589996
7.36 , 140.17 , 137.59 , 2.580002
7.362 , 140.15 , 137.59 , 2.559998
7.364 , 140.17 , 137.58 , 2.589996
7.366 , 140.15 , 137.58 , 2.569992
7.368 , 140.15 , 137.57 , 2.579987
7.37 , 140.17 , 137.56 , 2.610001
7.371 , 140.19 , 137.56 , 2.630005
7.373 , 140.15 , 137.55 , 2.599991
7.375 , 140.17 , 137.55 , 2.619995
7.377 , 140.15 , 137.54 , 2.610001
7.379 , 140.15 , 137.54 , 2.610001
7.381 , 140.15 , 137.53 , 2.619995
7.382 , 140.15 , 137.53 , 2.619995
7.384 , 140.1 , 137.52 , 2.580002
7.386 , 140.1 , 137.52 , 2.580002
7.388 , 140.1 , 137.51 , 2.590012
7.39 , 140.15 , 137.5 , 2.649994
7.391 , 140.1 , 137.5 , 2.600006
7.393 , 140.15 , 137.49 , 2.659988
7.395 , 140.15 , 137.49 , 2.659988
7.397 , 140.15 , 137.48 , 2.669998
7.399 , 140.15 , 137.48 , 2.669998
7.401 , 140.15 , 137.47 , 2.679993
7.402 , 140.15 , 137.47 , 2.679993
7.404 , 140.17 , 137.46 , 2.709991
7.406 , 140.17 , 137.46 , 2.709991
7.408 , 140.19 , 137.45 , 2.740005
7.41 , 140.24 , 137.44 , 2.800003
7.412 , 140.19 , 137.44 , 2.75
7.413 , 140.24 , 137.44 , 2.800003
7.415 , 140.19 , 137.43 , 2.76001
7.417 , 140.26 , 137.42 , 2.839996
7.419 , 140.26 , 137.42 , 2.839996
7.421 , 140.31 , 137.41 , 2.899994
7.422 , 140.31 , 137.41 , 2.899994
7.424 , 140.31 , 137.4 , 2.910004
7.426 , 140.33 , 137.4 , 2.930008
7.428 , 140.33 , 137.39 , 2.940002
7.43 , 140.38 , 137.38 , 3.0
7.431 , 140.33 , 137.38 , 2.949997
7.433 , 140.4 , 137.38 , 3.019989
7.435 , 140.4 , 137.37 , 3.029999
7.437 , 140.4 , 137.36 , 3.039993
7.439 , 140.42 , 137.36 , 3.059998
7.441 , 140.47 , 137.35 , 3.119995
7.442 , 140.47 , 137.35 , 3.119995
7.444 , 140.49 , 137.34 , 3.150009
7.446 , 140.47 , 137.34 , 3.130005
7.448 , 140.49 , 137.33 , 3.160004
7.45 , 140.49 , 137.32 , 3.169998
7.451 , 140.49 , 137.32 , 3.169998
7.453 , 140.54 , 137.32 , 3.219986
7.455 , 140.54 , 137.31 , 3.229996
7.457 , 140.56 , 137.3 , 3.259995
7.459 , 140.56 , 137.3 , 3.259995
7.461 , 140.58 , 137.29 , 3.290009
7.462 , 140.56 , 137.29 , 3.270004
7.464 , 140.58 , 137.28 , 3.300003
7.466 , 140.58 , 137.28 , 3.300003
7.468 , 140.58 , 137.27 , 3.309998
7.47 , 140.58 , 137.26 , 3.320007
7.472 , 140.58 , 137.26 , 3.320007
7.473 , 140.63 , 137.26 , 3.37001
7.475 , 140.63 , 137.25 , 3.380005
7.477 , 140.58 , 137.24 , 3.339996
7.479 , 140.63 , 137.24 , 3.389999
7.48 , 140.56 , 137.23 , 3.330002
7.482 , 140.58 , 137.23 , 3.350006
7.484 , 140.58 , 137.22 , 3.360001
7.486 , 140.56 , 137.22 , 3.339996
7.488 , 140.54 , 137.21 , 3.329987
7.489 , 140.54 , 137.21 , 3.329987
7.491 , 140.54 , 137.2 , 3.339996
7.493 , 140.49 , 137.2 , 3.290009
7.495 , 140.49 , 137.19 , 3.300003
7.497 , 140.47 , 137.18 , 3.290009
7.499 , 140.47 , 137.18 , 3.290009
7.5 , 140.47 , 137.18 , 3.290009
7.502 , 140.42 , 137.17 , 3.25
7.504 , 140.4 , 137.16 , 3.23999
7.506 , 140.38 , 137.16 , 3.220001
7.507 , 140.33 , 137.15 , 3.180008
7.509 , 140.33 , 137.15 , 3.180008
7.511 , 140.33 , 137.14 , 3.190002
7.513 , 140.31 , 137.14 , 3.169998
7.515 , 140.31 , 137.13 , 3.179993
7.517 , 140.19 , 137.12 , 3.070007
7.518 , 140.19 , 137.12 , 3.070007
7.52 , 140.17 , 137.12 , 3.050003
7.522 , 140.1 , 137.11 , 2.990005
7.524 , 140.15 , 137.1 , 3.049988
7.525 , 140.1 , 137.1 , 3.0
7.527 , 140.1 , 137.09 , 3.01001
7.529 , 140.03 , 137.09 , 2.940002
7.531 , 140.01 , 137.08 , 2.929993
7.533 , 139.99 , 137.08 , 2.910004
7.534 , 139.99 , 137.07 , 2.919998
7.536 , 139.94 , 137.07 , 2.869995
7.538 , 139.92 , 137.06 , 2.860001
7.54 , 139.92 , 137.06 , 2.860001
7.542 , 139.8 , 137.05 , 2.75
7.544 , 139.85 , 137.04 , 2.810013
7.545 , 139.85 , 137.04 , 2.810013
7.547 , 139.8 , 137.03 , 2.770004
7.549 , 139.78 , 137.03 , 2.75
7.551 , 139.78 , 137.02 , 2.759995
7.553 , 139.76 , 137.02 , 2.73999
7.555 , 139.76 , 137.01 , 2.75
7.556 , 139.76 , 137.01 , 2.75
7.558 , 139.76 , 137.0 , 2.759995
7.56 , 139.69 , 137.0 , 2.690002
7.562 , 139.71 , 136.99 , 2.720001
7.564 , 139.71 , 136.98 , 2.730011
7.565 , 139.71 , 136.98 , 2.730011
7.567 , 139.69 , 136.97 , 2.720001
7.569 , 139.69 , 136.97 , 2.720001
7.571 , 139.64 , 136.96 , 2.679993
7.573 , 139.64 , 136.96 , 2.679993
7.575 , 139.69 , 136.95 , 2.740005
7.576 , 139.64 , 136.95 , 2.690002
7.578 , 139.64 , 136.94 , 2.699997
7.58 , 139.62 , 136.94 , 2.679993
7.582 , 139.62 , 136.93 , 2.690002
7.584 , 139.62 , 136.92 , 2.699997
7.586 , 139.62 , 136.92 , 2.699997
7.588 , 139.62 , 136.91 , 2.709991
7.59 , 139.6 , 136.91 , 2.690002
7.591 , 139.6 , 136.9 , 2.700012
7.593 , 139.6 , 136.9 , 2.700012
7.595 , 139.62 , 136.89 , 2.729996
7.597 , 139.55 , 136.88 , 2.669998
7.599 , 139.6 , 136.88 , 2.720001
7.6 , 139.55 , 136.88 , 2.669998
7.602 , 139.55 , 136.87 , 2.680008
7.604 , 139.55 , 136.86 , 2.690002
7.606 , 139.55 , 136.86 , 2.690002
7.608 , 139.55 , 136.85 , 2.699997
7.61 , 139.55 , 136.85 , 2.699997
7.611 , 139.53 , 136.84 , 2.690002
7.613 , 139.53 , 136.84 , 2.690002
7.615 , 139.53 , 136.83 , 2.699997
7.617 , 139.46 , 136.83 , 2.630005
7.619 , 139.46 , 136.82 , 2.639999
7.62 , 139.46 , 136.82 , 2.639999
7.622 , 139.46 , 136.81 , 2.650009
7.624 , 139.44 , 136.8 , 2.639999
7.626 , 139.39 , 136.8 , 2.589996
7.628 , 139.39 , 136.79 , 2.600006
7.63 , 139.39 , 136.79 , 2.600006
7.631 , 139.32 , 136.78 , 2.540009
7.633 , 139.39 , 136.78 , 2.610001
7.635 , 139.39 , 136.77 , 2.619995
7.637 , 139.39 , 136.77 , 2.619995
7.639 , 139.37 , 136.76 , 2.610001
7.641 , 139.32 , 136.75 , 2.570007
7.642 , 139.37 , 136.75 , 2.619995
7.644 , 139.37 , 136.74 , 2.62999
7.646 , 139.37 , 136.74 , 2.62999
7.648 , 139.39 , 136.73 , 2.660004
7.65 , 139.39 , 136.73 , 2.660004
7.652 , 139.37 , 136.72 , 2.649994
7.653 , 139.32 , 136.72 , 2.600006
7.655 , 139.32 , 136.71 , 2.610001
7.657 , 139.37 , 136.71 , 2.659988
7.659 , 139.32 , 136.7 , 2.62001
7.661 , 139.37 , 136.69 , 2.679993
7.663 , 139.37 , 136.69 , 2.679993
7.664 , 139.32 , 136.68 , 2.640015
7.666 , 139.37 , 136.68 , 2.690002
7.668 , 139.37 , 136.67 , 2.699997
7.67 , 139.37 , 136.67 , 2.699997
7.672 , 139.37 , 136.66 , 2.709991
7.674 , 139.37 , 136.65 , 2.720001
7.676 , 139.32 , 136.65 , 2.670013
7.677 , 139.3 , 136.65 , 2.650009
7.679 , 139.32 , 136.64 , 2.680008
7.681 , 139.37 , 136.63 , 2.73999
7.683 , 139.37 , 136.63 , 2.73999
7.685 , 139.32 , 136.62 , 2.700012
7.686 , 139.32 , 136.62 , 2.700012
7.688 , 139.32 , 136.61 , 2.710007
7.69 , 139.32 , 136.61 , 2.710007
7.692 , 139.3 , 136.6 , 2.699997
7.694 , 139.37 , 136.59 , 2.779999
7.696 , 139.32 , 136.59 , 2.730011
7.697 , 139.3 , 136.59 , 2.710007
7.699 , 139.37 , 136.58 , 2.789993
7.701 , 139.3 , 136.57 , 2.729996
7.703 , 139.25 , 136.57 , 2.679993
7.705 , 139.3 , 136.56 , 2.740005
7.706 , 139.25 , 136.56 , 2.690002
7.708 , 139.25 , 136.55 , 2.699997
7.71 , 139.25 , 136.55 , 2.699997
7.712 , 139.25 , 136.54 , 2.710007
7.714 , 139.3 , 136.54 , 2.76001
7.715 , 139.25 , 136.53 , 2.720001
7.717 , 139.23 , 136.53 , 2.699997
7.719 , 139.25 , 136.52 , 2.729996
7.721 , 139.25 , 136.51 , 2.740005
7.723 , 139.25 , 136.51 , 2.740005
7.724 , 139.25 , 136.51 , 2.740005
7.726 , 139.21 , 136.5 , 2.710007
7.728 , 139.21 , 136.49 , 2.720001
7.73 , 139.23 , 136.49 , 2.73999
7.732 , 139.21 , 136.48 , 2.730011
7.734 , 139.21 , 136.48 , 2.730011
7.735 , 139.21 , 136.47 , 2.740005
7.737 , 139.21 , 136.47 , 2.740005
7.739 , 139.21 , 136.46 , 2.75
7.741 , 139.21 , 136.45 , 2.76001
7.742 , 139.16 , 136.45 , 2.710007
7.744 , 139.21 , 136.45 , 2.76001
7.746 , 139.21 , 136.44 , 2.770004
7.748 , 139.16 , 136.43 , 2.730011
7.75 , 139.14 , 136.43 , 2.710007
7.751 , 139.14 , 136.42 , 2.720001
7.753 , 139.14 , 136.42 , 2.720001
7.755 , 139.14 , 136.41 , 2.729996
7.757 , 139.09 , 136.41 , 2.679993
7.759 , 139.09 , 136.4 , 2.690002
7.761 , 139.09 , 136.39 , 2.699997
7.763 , 139.07 , 136.39 , 2.680008
7.764 , 139.09 , 136.39 , 2.699997
7.766 , 139.07 , 136.38 , 2.690002
7.768 , 139.09 , 136.37 , 2.720001
7.77 , 139.05 , 136.37 , 2.680008
7.772 , 139.05 , 136.36 , 2.690002
7.774 , 139.05 , 136.36 , 2.690002
7.775 , 139.05 , 136.35 , 2.699997
7.777 , 139.07 , 136.35 , 2.720001
7.779 , 139.07 , 136.34 , 2.730011
7.781 , 139.05 , 136.33 , 2.720001
7.783 , 139.05 , 136.33 , 2.720001
7.784 , 139.0 , 136.33 , 2.669998
7.786 , 139.05 , 136.32 , 2.729996
7.788 , 139.0 , 136.31 , 2.690002
7.79 , 139.0 , 136.31 , 2.690002
7.792 , 139.0 , 136.3 , 2.699997
7.794 , 138.98 , 136.3 , 2.679993
7.795 , 138.98 , 136.29 , 2.690002
7.797 , 138.93 , 136.29 , 2.639999
7.799 , 138.93 , 136.28 , 2.649994
7.801 , 138.93 , 136.28 , 2.649994
7.803 , 138.93 , 136.27 , 2.659988
7.805 , 138.93 , 136.26 , 2.669998
7.807 , 138.91 , 136.26 , 2.650009
7.809 , 138.89 , 136.25 , 2.639999
7.81 , 138.91 , 136.25 , 2.660004
7.812 , 138.93 , 136.24 , 2.689987
7.814 , 138.91 , 136.24 , 2.669998
7.816 , 138.84 , 136.23 , 2.610001
7.818 , 138.91 , 136.22 , 2.690002
7.82 , 138.91 , 136.22 , 2.690002
7.821 , 138.84 , 136.22 , 2.619995
7.823 , 138.89 , 136.21 , 2.679993
7.825 , 138.84 , 136.2 , 2.639999
7.827 , 138.89 , 136.2 , 2.690002
7.829 , 138.82 , 136.19 , 2.630005
7.831 , 138.82 , 136.19 , 2.630005
7.832 , 138.77 , 136.18 , 2.590012
7.834 , 138.82 , 136.18 , 2.640015
7.836 , 138.82 , 136.17 , 2.650009
7.838 , 138.82 , 136.16 , 2.660004
7.84 , 138.77 , 136.16 , 2.610001
7.841 , 138.77 , 136.16 , 2.610001
7.843 , 138.77 , 136.15 , 2.62001
7.845 , 138.77 , 136.14 , 2.630005
7.847 , 138.77 , 136.14 , 2.630005
7.849 , 138.75 , 136.13 , 2.619995
7.85 , 138.75 , 136.13 , 2.619995
7.852 , 138.7 , 136.12 , 2.580002
7.854 , 138.75 , 136.12 , 2.630005
7.856 , 138.7 , 136.11 , 2.589996
7.858 , 138.7 , 136.1 , 2.599991
7.86 , 138.68 , 136.1 , 2.579987
7.861 , 138.7 , 136.1 , 2.599991
7.863 , 138.7 , 136.09 , 2.610001
7.865 , 138.68 , 136.08 , 2.599991
7.867 , 138.68 , 136.08 , 2.599991
7.869 , 138.68 , 136.07 , 2.609985
7.871 , 138.66 , 136.07 , 2.589996
7.873 , 138.61 , 136.06 , 2.550003
7.874 , 138.68 , 136.06 , 2.619995
7.876 , 138.66 , 136.05 , 2.610001
7.878 , 138.61 , 136.04 , 2.570007
7.88 , 138.61 , 136.04 , 2.570007
7.882 , 138.61 , 136.03 , 2.580002
7.884 , 138.61 , 136.03 , 2.580002
7.885 , 138.61 , 136.02 , 2.589996
7.887 , 138.54 , 136.02 , 2.519989
7.889 , 138.59 , 136.01 , 2.580002
7.891 , 138.54 , 136.01 , 2.529999
7.893 , 138.54 , 136.0 , 2.539993
7.895 , 138.54 , 135.99 , 2.549988
7.896 , 138.54 , 135.99 , 2.549988
7.898 , 138.59 , 135.98 , 2.610001
7.9 , 138.54 , 135.98 , 2.559998
7.902 , 138.52 , 135.97 , 2.550003
7.904 , 138.52 , 135.97 , 2.550003
7.906 , 138.52 , 135.96 , 2.559998
7.907 , 138.52 , 135.96 , 2.559998
7.909 , 138.52 , 135.95 , 2.570007
7.911 , 138.52 , 135.95 , 2.570007
7.913 , 138.52 , 135.94 , 2.580002
7.915 , 138.5 , 135.93 , 2.570007
7.917 , 138.5 , 135.93 , 2.570007
7.918 , 138.52 , 135.93 , 2.590012
7.92 , 138.52 , 135.92 , 2.600006
7.922 , 138.5 , 135.91 , 2.589996
7.924 , 138.5 , 135.91 , 2.589996
7.926 , 138.43 , 135.9 , 2.529999
7.928 , 138.45 , 135.9 , 2.550003
7.929 , 138.45 , 135.89 , 2.559998
7.931 , 138.45 , 135.89 , 2.559998
7.933 , 138.5 , 135.88 , 2.619995
7.935 , 138.5 , 135.87 , 2.630005
7.937 , 138.45 , 135.87 , 2.580002
7.939 , 138.43 , 135.86 , 2.569992
7.941 , 138.45 , 135.86 , 2.589996
7.943 , 138.38 , 135.85 , 2.529999
7.944 , 138.43 , 135.85 , 2.579987
7.946 , 138.38 , 135.84 , 2.540009
7.948 , 138.38 , 135.84 , 2.540009
7.95 , 138.43 , 135.83 , 2.599991
7.952 , 138.36 , 135.82 , 2.539993
7.954 , 138.38 , 135.82 , 2.559998
7.955 , 138.38 , 135.81 , 2.570007
7.957 , 138.43 , 135.81 , 2.619995
7.959 , 138.38 , 135.8 , 2.580002
7.961 , 138.36 , 135.8 , 2.559998
7.963 , 138.36 , 135.79 , 2.570007
7.965 , 138.43 , 135.78 , 2.649994
7.967 , 138.36 , 135.78 , 2.580002
7.968 , 138.36 , 135.78 , 2.580002
7.97 , 138.36 , 135.77 , 2.589996
7.972 , 138.36 , 135.76 , 2.600006
7.974 , 138.36 , 135.76 , 2.600006
7.976 , 138.32 , 135.75 , 2.570007
7.978 , 138.32 , 135.75 , 2.570007
7.979 , 138.29 , 135.74 , 2.549988
7.981 , 138.29 , 135.74 , 2.549988
7.983 , 138.29 , 135.73 , 2.559998
7.985 , 138.27 , 135.72 , 2.550003
7.987 , 138.29 , 135.72 , 2.569992
7.989 , 138.27 , 135.71 , 2.559998
7.99 , 138.27 , 135.71 , 2.559998
7.992 , 138.27 , 135.7 , 2.570007
7.994 , 138.27 , 135.7 , 2.570007
7.996 , 138.27 , 135.69 , 2.580002
7.998 , 138.22 , 135.69 , 2.529999
8.0 , 138.27 , 135.68 , 2.590012
8.001 , 138.27 , 135.68 , 2.590012
8.003 , 138.22 , 135.67 , 2.550003
8.005 , 138.22 , 135.67 , 2.550003
8.007 , 138.22 , 135.66 , 2.559998
8.008 , 138.27 , 135.66 , 2.610001
8.01 , 138.22 , 135.65 , 2.570007
8.012 , 138.22 , 135.64 , 2.580002
8.014 , 138.22 , 135.64 , 2.580002
8.016 , 138.2 , 135.63 , 2.569992
8.017 , 138.2 , 135.63 , 2.569992
8.019 , 138.2 , 135.62 , 2.580002
8.021 , 138.16 , 135.62 , 2.540009
8.023 , 138.2 , 135.61 , 2.589996
8.025 , 138.16 , 135.61 , 2.550003
8.026 , 138.16 , 135.6 , 2.559998
8.028 , 138.13 , 135.6 , 2.529999
8.03 , 138.13 , 135.59 , 2.540009
8.032 , 138.16 , 135.58 , 2.580002
8.034 , 138.2 , 135.58 , 2.619995
8.035 , 138.13 , 135.58 , 2.550003
8.037 , 138.16 , 135.57 , 2.589996
8.039 , 138.16 , 135.56 , 2.600006
8.041 , 138.11 , 135.56 , 2.550003
8.043 , 138.13 , 135.55 , 2.580002
8.044 , 138.11 , 135.55 , 2.559998
8.046 , 138.04 , 135.54 , 2.5
8.048 , 138.13 , 135.54 , 2.590012
8.05 , 138.13 , 135.53 , 2.600006
8.052 , 138.13 , 135.52 , 2.610001
8.053 , 138.11 , 135.52 , 2.589996
8.055 , 138.11 , 135.52 , 2.589996
8.057 , 138.11 , 135.51 , 2.600006
8.059 , 138.11 , 135.5 , 2.610001
8.06 , 138.04 , 135.5 , 2.539993
8.062 , 138.11 , 135.49 , 2.619995
8.064 , 138.04 , 135.49 , 2.549988
8.066 , 138.02 , 135.48 , 2.540009
8.067 , 138.04 , 135.48 , 2.559998
8.069 , 138.02 , 135.47 , 2.550003
8.071 , 138.02 , 135.47 , 2.550003
8.073 , 138.04 , 135.46 , 2.579987
8.075 , 138.04 , 135.46 , 2.579987
8.077 , 138.04 , 135.45 , 2.589996
8.078 , 138.02 , 135.45 , 2.570007
8.08 , 138.02 , 135.44 , 2.580002
8.082 , 137.95 , 135.43 , 2.520004
8.084 , 137.95 , 135.43 , 2.520004
8.086 , 137.97 , 135.42 , 2.550003
8.087 , 137.97 , 135.42 , 2.550003
8.089 , 137.97 , 135.41 , 2.559998
8.091 , 137.95 , 135.41 , 2.539993
8.093 , 137.95 , 135.4 , 2.550003
8.095 , 137.95 , 135.4 , 2.550003
8.097 , 137.95 , 135.39 , 2.559998
8.107 , 137.93 , 135.36 , 2.569992
8.109 , 137.88 , 135.35 , 2.529999
8.11 , 137.88 , 135.35 , 2.529999
8.112 , 137.88 , 135.35 , 2.529999
8.114 , 137.93 , 135.34 , 2.589996
8.116 , 137.88 , 135.33 , 2.550003
8.118 , 137.88 , 135.33 , 2.550003
8.119 , 137.88 , 135.32 , 2.559998
8.121 , 137.88 , 135.32 , 2.559998
8.123 , 137.86 , 135.31 , 2.550003
8.125 , 137.86 , 135.31 , 2.550003
8.126 , 137.86 , 135.3 , 2.559998
8.128 , 137.81 , 135.3 , 2.509995
8.13 , 137.81 , 135.29 , 2.520004
8.132 , 137.81 , 135.29 , 2.520004
8.134 , 137.86 , 135.28 , 2.580002
8.136 , 137.81 , 135.27 , 2.539993
8.137 , 137.81 , 135.27 , 2.539993
8.139 , 137.81 , 135.26 , 2.550003
8.141 , 137.79 , 135.26 , 2.529999
8.143 , 137.79 , 135.25 , 2.539993
8.145 , 137.72 , 135.25 , 2.470001
8.146 , 137.79 , 135.24 , 2.549988
8.148 , 137.74 , 135.24 , 2.5
8.15 , 137.79 , 135.23 , 2.559998
8.152 , 137.74 , 135.23 , 2.51001
8.154 , 137.72 , 135.22 , 2.5
8.155 , 137.72 , 135.22 , 2.5
8.157 , 137.72 , 135.21 , 2.509995
8.159 , 137.74 , 135.2 , 2.540009
8.161 , 137.74 , 135.2 , 2.540009
8.163 , 137.74 , 135.19 , 2.550003
8.164 , 137.7 , 135.19 , 2.509995
8.166 , 137.7 , 135.18 , 2.520004
8.168 , 137.65 , 135.18 , 2.470001
8.17 , 137.72 , 135.17 , 2.550003
8.172 , 137.72 , 135.17 , 2.550003
8.173 , 137.72 , 135.16 , 2.559998
8.175 , 137.7 , 135.16 , 2.539993
8.177 , 137.7 , 135.15 , 2.550003
8.179 , 137.7 , 135.14 , 2.559998
8.181 , 137.7 , 135.14 , 2.559998
8.183 , 137.7 , 135.13 , 2.569992
8.184 , 137.7 , 135.13 , 2.569992
8.186 , 137.65 , 135.12 , 2.529999
8.188 , 137.63 , 135.12 , 2.51001
8.19 , 137.7 , 135.11 , 2.589996
8.192 , 137.65 , 135.11 , 2.539993
8.194 , 137.65 , 135.1 , 2.549988
8.195 , 137.65 , 135.1 , 2.549988
8.197 , 137.7 , 135.09 , 2.610001
8.199 , 137.65 , 135.08 , 2.569992
8.201 , 137.63 , 135.08 , 2.550003
8.203 , 137.63 , 135.07 , 2.559998
8.204 , 137.65 , 135.07 , 2.579987
8.206 , 137.65 , 135.06 , 2.589996
8.208 , 137.7 , 135.06 , 2.639999
8.21 , 137.65 , 135.05 , 2.599991
8.212 , 137.7 , 135.05 , 2.649994
8.214 , 137.65 , 135.04 , 2.610001
8.216 , 137.7 , 135.03 , 2.669998
8.217 , 137.65 , 135.03 , 2.619995
8.219 , 137.72 , 135.03 , 2.690002
8.221 , 137.7 , 135.02 , 2.679993
8.223 , 137.7 , 135.01 , 2.690002
8.225 , 137.7 , 135.01 , 2.690002
8.227 , 137.7 , 135.0 , 2.699997
8.228 , 137.79 , 135.0 , 2.789993
8.23 , 137.79 , 134.99 , 2.799988
8.232 , 137.79 , 134.99 , 2.799988
8.234 , 137.79 , 134.98 , 2.809998
8.236 , 137.86 , 134.97 , 2.889999
8.238 , 137.88 , 134.97 , 2.910004
8.239 , 137.88 , 134.97 , 2.910004
8.241 , 137.88 , 134.96 , 2.919998
8.243 , 137.88 , 134.95 , 2.930008
8.245 , 137.93 , 134.95 , 2.979996
8.247 , 137.93 , 134.94 , 2.98999
8.249 , 137.95 , 134.94 , 3.009995
8.25 , 138.02 , 134.93 , 3.090012
8.252 , 137.97 , 134.93 , 3.040009
8.254 , 138.02 , 134.92 , 3.100006
8.256 , 138.02 , 134.91 , 3.110001
8.258 , 138.11 , 134.91 , 3.199997
8.259 , 138.11 , 134.91 , 3.199997
8.261 , 138.11 , 134.9 , 3.210007
8.263 , 138.13 , 134.89 , 3.240005
8.265 , 138.16 , 134.89 , 3.270004
8.267 , 138.16 , 134.88 , 3.279999
8.269 , 138.16 , 134.88 , 3.279999
8.27 , 138.2 , 134.87 , 3.330002
8.272 , 138.22 , 134.87 , 3.350006
8.274 , 138.27 , 134.86 , 3.410004
8.276 , 138.22 , 134.85 , 3.369995
8.277 , 138.22 , 134.85 , 3.369995
8.279 , 138.22 , 134.85 , 3.369995
8.281 , 138.27 , 134.84 , 3.430008
8.283 , 138.27 , 134.83 , 3.440002
8.284 , 138.27 , 134.83 , 3.440002
8.286 , 138.29 , 134.82 , 3.469986
8.288 , 138.29 , 134.82 , 3.469986
8.29 , 138.32 , 134.81 , 3.51001
8.292 , 138.29 , 134.81 , 3.479996
8.294 , 138.32 , 134.8 , 3.520004
8.296 , 138.32 , 134.79 , 3.530014
8.297 , 138.32 , 134.79 , 3.530014
8.299 , 138.29 , 134.79 , 3.5
8.301 , 138.32 , 134.78 , 3.540009
8.303 , 138.32 , 134.77 , 3.550003
8.305 , 138.32 , 134.77 , 3.550003
8.306 , 138.32 , 134.77 , 3.550003
8.308 , 138.29 , 134.76 , 3.529999
8.31 , 138.29 , 134.75 , 3.539993
8.312 , 138.27 , 134.75 , 3.520004
8.313 , 138.29 , 134.74 , 3.549988
8.315 , 138.27 , 134.74 , 3.529999
8.317 , 138.27 , 134.73 , 3.540009
8.319 , 138.22 , 134.73 , 3.490005
8.321 , 138.22 , 134.72 , 3.5
8.322 , 138.2 , 134.72 , 3.479996
8.324 , 138.2 , 134.71 , 3.48999
8.326 , 138.16 , 134.71 , 3.449997
8.328 , 138.16 , 134.7 , 3.460007
8.33 , 138.11 , 134.69 , 3.419998
8.331 , 138.11 , 134.69 , 3.419998
8.333 , 138.04 , 134.68 , 3.360001
8.335 , 138.02 , 134.68 , 3.340012
8.337 , 138.02 , 134.67 , 3.350006
8.339 , 138.02 , 134.67 , 3.350006
8.34 , 137.97 , 134.66 , 3.309998
8.342 , 137.95 , 134.66 , 3.289993
8.344 , 137.93 , 134.65 , 3.279999
8.346 , 137.88 , 134.65 , 3.230011
8.348 , 137.86 , 134.64 , 3.220001
8.35 , 137.81 , 134.63 , 3.179993
8.351 , 137.81 , 134.63 , 3.179993
8.353 , 137.81 , 134.62 , 3.190002
8.355 , 137.79 , 134.62 , 3.169998
8.357 , 137.72 , 134.61 , 3.110001
8.359 , 137.72 , 134.61 , 3.110001
8.36 , 137.65 , 134.6 , 3.049988
8.362 , 137.65 , 134.6 , 3.049988
8.364 , 137.63 , 134.59 , 3.040009
8.366 , 137.63 , 134.59 , 3.040009
8.368 , 137.56 , 134.58 , 2.979996
8.37 , 137.56 , 134.57 , 2.98999
8.372 , 137.56 , 134.57 , 2.98999
8.373 , 137.54 , 134.56 , 2.979996
8.375 , 137.49 , 134.56 , 2.930008
8.377 , 137.47 , 134.55 , 2.919998
8.379 , 137.49 , 134.55 , 2.940002
8.381 , 137.49 , 134.54 , 2.950012
8.382 , 137.42 , 134.54 , 2.880005
8.384 , 137.42 , 134.53 , 2.889999
8.386 , 137.42 , 134.53 , 2.889999
8.388 , 137.4 , 134.52 , 2.87999
8.39 , 137.35 , 134.51 , 2.840012
8.392 , 137.4 , 134.51 , 2.889999
8.394 , 137.35 , 134.5 , 2.850006
8.395 , 137.42 , 134.5 , 2.919998
8.397 , 137.42 , 134.49 , 2.929993
8.399 , 137.35 , 134.49 , 2.860001
8.401 , 137.4 , 134.48 , 2.919998
8.403 , 137.35 , 134.48 , 2.87001
8.404 , 137.4 , 134.47 , 2.929993
8.406 , 137.35 , 134.47 , 2.880005
8.408 , 137.35 , 134.46 , 2.889999
8.41 , 137.31 , 134.45 , 2.860001
8.412 , 137.33 , 134.45 , 2.880005
8.414 , 137.35 , 134.44 , 2.910004
8.415 , 137.33 , 134.44 , 2.889999
8.417 , 137.31 , 134.43 , 2.880005
8.419 , 137.31 , 134.43 , 2.880005
8.421 , 137.31 , 134.42 , 2.889999
8.423 , 137.33 , 134.42 , 2.910004
8.425 , 137.31 , 134.41 , 2.899994
8.426 , 137.31 , 134.41 , 2.899994
8.428 , 137.26 , 134.4 , 2.860001
8.43 , 137.26 , 134.39 , 2.869995
8.432 , 137.26 , 134.39 , 2.869995
8.434 , 137.26 , 134.38 , 2.87999
8.436 , 137.26 , 134.38 , 2.87999
8.437 , 137.24 , 134.37 , 2.87001
8.439 , 137.26 , 134.37 , 2.889999
8.441 , 137.19 , 134.36 , 2.830002
8.443 , 137.19 , 134.36 , 2.830002
8.445 , 137.19 , 134.35 , 2.839996
8.447 , 137.19 , 134.34 , 2.850006
8.448 , 137.17 , 134.34 , 2.830002
8.45 , 137.17 , 134.33 , 2.839996
8.452 , 137.17 , 134.33 , 2.839996
8.454 , 137.17 , 134.32 , 2.849991
8.456 , 137.1 , 134.32 , 2.779999
8.458 , 137.1 , 134.31 , 2.790009
8.459 , 137.1 , 134.31 , 2.790009
8.461 , 137.1 , 134.3 , 2.800003
8.463 , 137.1 , 134.3 , 2.800003
8.465 , 137.15 , 134.29 , 2.860001
8.466 , 137.1 , 134.29 , 2.810013
8.468 , 137.08 , 134.28 , 2.800003
8.47 , 137.08 , 134.27 , 2.809998
8.472 , 137.08 , 134.27 , 2.809998
8.474 , 137.1 , 134.26 , 2.840012
8.475 , 137.08 , 134.26 , 2.820007
8.477 , 137.08 , 134.25 , 2.830002
8.479 , 137.08 , 134.25 , 2.830002
8.481 , 137.08 , 134.24 , 2.839996
8.482 , 137.01 , 134.24 , 2.769989
8.484 , 137.08 , 134.23 , 2.850006
8.486 , 137.08 , 134.23 , 2.850006
8.488 , 137.08 , 134.22 , 2.860001
8.49 , 137.03 , 134.21 , 2.819992
8.491 , 137.03 , 134.21 , 2.819992
8.493 , 137.03 , 134.21 , 2.819992
8.495 , 137.08 , 134.2 , 2.880005
8.497 , 137.08 , 134.19 , 2.889999
8.499 , 137.01 , 134.19 , 2.819992
8.501 , 137.03 , 134.18 , 2.850006
8.502 , 137.01 , 134.18 , 2.830002
8.504 , 137.01 , 134.17 , 2.839996
8.506 , 137.01 , 134.17 , 2.839996
8.508 , 137.01 , 134.16 , 2.849991
8.51 , 136.99 , 134.16 , 2.830002
8.512 , 136.99 , 134.15 , 2.840012
8.513 , 137.01 , 134.15 , 2.860001
8.515 , 136.99 , 134.14 , 2.850006
8.517 , 136.99 , 134.13 , 2.860001
8.519 , 136.99 , 134.13 , 2.860001
8.52 , 136.99 , 134.13 , 2.860001
8.522 , 136.99 , 134.12 , 2.87001
8.524 , 136.99 , 134.11 , 2.880005
8.526 , 136.94 , 134.11 , 2.830002
8.527 , 136.94 , 134.1 , 2.839996
8.529 , 136.94 , 134.1 , 2.839996
8.531 , 136.99 , 134.09 , 2.900009
8.533 , 136.99 , 134.09 , 2.900009
8.535 , 136.99 , 134.08 , 2.910004
8.536 , 136.94 , 134.08 , 2.860001
8.538 , 136.92 , 134.07 , 2.849991
8.54 , 136.94 , 134.07 , 2.869995
8.542 , 136.92 , 134.06 , 2.860001
8.544 , 136.92 , 134.05 , 2.869995
8.546 , 136.87 , 134.05 , 2.819992
8.547 , 136.92 , 134.04 , 2.880005
8.549 , 136.92 , 134.04 , 2.880005
8.551 , 136.87 , 134.03 , 2.839996
8.553 , 136.87 , 134.03 , 2.839996
8.555 , 136.92 , 134.02 , 2.899994
8.557 , 136.85 , 134.01 , 2.840012
8.558 , 136.85 , 134.01 , 2.840012
8.56 , 136.85 , 134.01 , 2.840012
8.562 , 136.85 , 134.0 , 2.850006
8.564 , 136.87 , 133.99 , 2.87999
8.566 , 136.8 , 133.99 , 2.809998
8.568 , 136.87 , 133.98 , 2.889999
8.569 , 136.8 , 133.98 , 2.820007
8.571 , 136.8 , 133.97 , 2.830002
8.573 , 136.8 , 133.97 , 2.830002
8.575 , 136.85 , 133.96 , 2.889999
8.577 , 136.78 , 133.95 , 2.830002
8.579 , 136.78 , 133.95 , 2.830002
8.58 , 136.78 , 133.95 , 2.830002
8.582 , 136.78 , 133.94 , 2.839996
8.584 , 136.78 , 133.93 , 2.850006
8.586 , 136.76 , 133.93 , 2.830002
8.588 , 136.71 , 133.92 , 2.790009
8.59 , 136.76 , 133.92 , 2.839996
8.592 , 136.76 , 133.91 , 2.849991
8.593 , 136.76 , 133.91 , 2.849991
8.595 , 136.71 , 133.9 , 2.810013
8.597 , 136.71 , 133.89 , 2.820007
8.599 , 136.67 , 133.89 , 2.779999
8.601 , 136.67 , 133.88 , 2.789993
8.603 , 136.76 , 133.88 , 2.87999
8.605 , 136.67 , 133.87 , 2.800003
8.606 , 136.67 , 133.87 , 2.800003
8.608 , 136.67 , 133.86 , 2.809998
8.61 , 136.67 , 133.86 , 2.809998
8.612 , 136.67 , 133.85 , 2.819992
8.614 , 136.62 , 133.84 , 2.779999
8.616 , 136.67 , 133.84 , 2.830002
8.617 , 136.71 , 133.84 , 2.87001
8.619 , 136.62 , 133.83 , 2.789993
8.621 , 136.6 , 133.82 , 2.779999
8.623 , 136.62 , 133.82 , 2.799988
8.625 , 136.6 , 133.81 , 2.790009
8.627 , 136.58 , 133.81 , 2.770004
8.628 , 136.6 , 133.8 , 2.800003
8.63 , 136.6 , 133.8 , 2.800003
8.632 , 136.6 , 133.79 , 2.810013
8.634 , 136.53 , 133.78 , 2.75
8.636 , 136.6 , 133.78 , 2.820007
8.637 , 136.58 , 133.78 , 2.800003
8.639 , 136.53 , 133.77 , 2.759995
8.641 , 136.53 , 133.76 , 2.770004
8.643 , 136.53 , 133.76 , 2.770004
8.645 , 136.53 , 133.75 , 2.779999
8.647 , 136.51 , 133.75 , 2.759995
8.648 , 136.51 , 133.74 , 2.769989
8.65 , 136.53 , 133.74 , 2.789993
8.652 , 136.51 , 133.73 , 2.779999
8.654 , 136.46 , 133.72 , 2.740005
8.656 , 136.51 , 133.72 , 2.789993
8.658 , 136.51 , 133.71 , 2.799988
8.659 , 136.46 , 133.71 , 2.75
8.661 , 136.46 , 133.7 , 2.76001
8.663 , 136.46 , 133.7 , 2.76001
8.665 , 136.46 , 133.69 , 2.770004
8.667 , 136.44 , 133.69 , 2.75
8.668 , 136.44 , 133.68 , 2.76001
8.67 , 136.44 , 133.68 , 2.76001
8.672 , 136.44 , 133.67 , 2.770004
8.674 , 136.44 , 133.66 , 2.779999
8.676 , 136.42 , 133.66 , 2.759995
8.677 , 136.46 , 133.66 , 2.800003
8.679 , 136.42 , 133.65 , 2.770004
8.681 , 136.42 , 133.64 , 2.779999
8.683 , 136.37 , 133.64 , 2.729996
8.685 , 136.37 , 133.63 , 2.73999
8.687 , 136.37 , 133.63 , 2.73999
8.689 , 136.37 , 133.62 , 2.75
8.69 , 136.37 , 133.62 , 2.75
8.692 , 136.35 , 133.61 , 2.740005
8.694 , 136.35 , 133.6 , 2.75
8.696 , 136.3 , 133.6 , 2.699997
8.697 , 136.35 , 133.6 , 2.75
8.699 , 136.35 , 133.59 , 2.76001
8.701 , 136.35 , 133.58 , 2.770004
8.703 , 136.35 , 133.58 , 2.770004
8.704 , 136.35 , 133.58 , 2.770004
8.706 , 136.3 , 133.57 , 2.729996
8.708 , 136.35 , 133.56 , 2.790009
8.71 , 136.28 , 133.56 , 2.720001
8.712 , 136.28 , 133.55 , 2.729996
8.714 , 136.28 , 133.55 , 2.729996
8.715 , 136.3 , 133.54 , 2.76001
8.717 , 136.28 , 133.54 , 2.740005
8.719 , 136.23 , 133.53 , 2.699997
8.721 , 136.23 , 133.52 , 2.709991
8.723 , 136.23 , 133.52 , 2.709991
8.725 , 136.21 , 133.51 , 2.700012
8.726 , 136.23 , 133.51 , 2.720001
8.728 , 136.28 , 133.5 , 2.779999
8.73 , 136.23 , 133.5 , 2.729996
8.732 , 136.23 , 133.49 , 2.73999
8.734 , 136.28 , 133.49 , 2.789993
8.736 , 136.23 , 133.48 , 2.75
8.737 , 136.21 , 133.48 , 2.730011
8.739 , 136.21 , 133.47 , 2.740005
8.741 , 136.21 , 133.46 , 2.75
8.743 , 136.19 , 133.46 , 2.729996
8.744 , 136.19 , 133.46 , 2.729996
8.746 , 136.19 , 133.45 , 2.740005
8.748 , 136.19 , 133.44 , 2.75
8.75 , 136.19 , 133.44 , 2.75
8.751 , 136.21 , 133.43 , 2.780014
8.753 , 136.19 , 133.43 , 2.76001
8.755 , 136.19 , 133.42 , 2.770004
8.757 , 136.19 , 133.42 , 2.770004
8.759 , 136.19 , 133.41 , 2.779999
8.76 , 136.14 , 133.41 , 2.729996
8.762 , 136.19 , 133.4 , 2.790009
8.764 , 136.14 , 133.4 , 2.740005
8.766 , 136.14 , 133.39 , 2.75
8.768 , 136.12 , 133.38 , 2.73999
8.77 , 136.14 , 133.38 , 2.759995
8.771 , 136.12 , 133.37 , 2.75
8.773 , 136.14 , 133.37 , 2.770004
8.775 , 136.12 , 133.36 , 2.759995
8.777 , 136.12 , 133.36 , 2.759995
8.779 , 136.12 , 133.35 , 2.769989
8.781 , 136.12 , 133.34 , 2.779999
8.782 , 136.12 , 133.34 , 2.779999
8.784 , 136.07 , 133.34 , 2.730011
8.786 , 136.07 , 133.33 , 2.740005
8.788 , 136.07 , 133.32 , 2.75
8.79 , 136.05 , 133.32 , 2.729996
8.792 , 136.05 , 133.31 , 2.740005
8.793 , 136.07 , 133.31 , 2.76001
8.795 , 136.03 , 133.3 , 2.729996
8.797 , 136.03 , 133.3 , 2.729996
8.799 , 136.03 , 133.29 , 2.740005
8.801 , 136.05 , 133.29 , 2.76001
8.802 , 136.05 , 133.28 , 2.770004
8.804 , 136.05 , 133.28 , 2.770004
8.806 , 136.05 , 133.27 , 2.779999
8.808 , 135.91 , 133.26 , 2.650009
8.81 , 135.98 , 133.26 , 2.720001
8.811 , 135.91 , 133.26 , 2.650009
8.813 , 135.91 , 133.25 , 2.660004
8.815 , 135.91 , 133.24 , 2.669998
8.817 , 135.98 , 133.24 , 2.73999
8.819 , 135.91 , 133.23 , 2.680008
8.821 , 135.91 , 133.23 , 2.680008
8.822 , 135.91 , 133.22 , 2.690002
8.824 , 135.89 , 133.22 , 2.669998
8.826 , 135.89 , 133.21 , 2.679993
8.828 , 135.89 , 133.2 , 2.690002
8.829 , 135.91 , 133.2 , 2.710007
8.831 , 135.89 , 133.2 , 2.690002
8.833 , 135.89 , 133.19 , 2.699997
8.835 , 135.89 , 133.18 , 2.710007
8.837 , 135.91 , 133.18 , 2.730011
8.839 , 135.84 , 133.17 , 2.669998
8.841 , 135.84 , 133.17 , 2.669998
8.842 , 135.84 , 133.16 , 2.679993
8.844 , 135.84 , 133.16 , 2.679993
8.846 , 135.82 , 133.15 , 2.670013
8.848 , 135.84 , 133.14 , 2.699997
8.85 , 135.82 , 133.14 , 2.680008
8.852 , 135.84 , 133.13 , 2.709991
8.853 , 135.82 , 133.13 , 2.690002
8.855 , 135.82 , 133.12 , 2.700012
8.857 , 135.8 , 133.12 , 2.680008
8.859 , 135.84 , 133.11 , 2.729996
8.861 , 135.84 , 133.11 , 2.729996
8.862 , 135.82 , 133.1 , 2.720001
8.864 , 135.82 , 133.1 , 2.720001
8.866 , 135.82 , 133.09 , 2.730011
8.868 , 135.8 , 133.08 , 2.720001
8.869 , 135.82 , 133.08 , 2.740005
8.871 , 135.82 , 133.08 , 2.740005
8.873 , 135.8 , 133.07 , 2.729996
8.875 , 135.8 , 133.06 , 2.740005
8.876 , 135.8 , 133.06 , 2.740005
8.878 , 135.8 , 133.05 , 2.75
8.88 , 135.75 , 133.05 , 2.699997
8.882 , 135.8 , 133.04 , 2.76001
8.884 , 135.75 , 133.04 , 2.710007
8.885 , 135.75 , 133.03 , 2.720001
8.895 , 135.75 , 133.0 , 2.75
8.897 , 135.75 , 133.0 , 2.75
8.899 , 135.68 , 132.99 , 2.689987
8.901 , 135.68 , 132.99 , 2.689987
8.903 , 135.68 , 132.98 , 2.699997
8.905 , 135.68 , 132.97 , 2.709991
8.906 , 135.66 , 132.97 , 2.690002
8.908 , 135.66 , 132.97 , 2.690002
8.91 , 135.66 , 132.96 , 2.699997
8.912 , 135.64 , 132.95 , 2.690002
8.914 , 135.64 , 132.95 , 2.690002
8.916 , 135.64 , 132.94 , 2.699997
8.917 , 135.57 , 132.94 , 2.630005
8.919 , 135.57 , 132.93 , 2.640015
8.921 , 135.57 , 132.93 , 2.640015
8.923 , 135.52 , 132.92 , 2.600006
8.925 , 135.57 , 132.91 , 2.660004
8.926 , 135.52 , 132.91 , 2.610001
8.928 , 135.57 , 132.91 , 2.660004
8.93 , 135.52 , 132.9 , 2.62001
8.932 , 135.52 , 132.89 , 2.630005
8.934 , 135.52 , 132.89 , 2.630005
8.935 , 135.5 , 132.88 , 2.619995
8.937 , 135.5 , 132.88 , 2.619995
8.939 , 135.5 , 132.87 , 2.630005
8.941 , 135.52 , 132.87 , 2.650009
8.943 , 135.5 , 132.86 , 2.639999
8.944 , 135.48 , 132.86 , 2.619995
8.946 , 135.5 , 132.85 , 2.649994
8.948 , 135.48 , 132.85 , 2.62999
8.95 , 135.43 , 132.84 , 2.589996
8.952 , 135.48 , 132.83 , 2.649994
8.954 , 135.43 , 132.83 , 2.599991
8.956 , 135.48 , 132.82 , 2.659988
8.957 , 135.5 , 132.82 , 2.679993
8.959 , 135.43 , 132.81 , 2.619995
8.961 , 135.43 , 132.81 , 2.619995
8.963 , 135.41 , 132.8 , 2.610001
8.965 , 135.41 , 132.79 , 2.62001
8.966 , 135.41 , 132.79 , 2.62001
8.968 , 135.41 , 132.79 , 2.62001
8.97 , 135.43 , 132.78 , 2.649994
8.972 , 135.41 , 132.77 , 2.639999
8.974 , 135.43 , 132.77 , 2.659988
8.976 , 135.36 , 132.76 , 2.600006
8.977 , 135.36 , 132.76 , 2.600006
8.979 , 135.34 , 132.75 , 2.589996
8.981 , 135.36 , 132.75 , 2.610001
8.983 , 135.36 , 132.74 , 2.619995
8.985 , 135.36 , 132.73 , 2.630005
8.987 , 135.36 , 132.73 , 2.630005
8.988 , 135.36 , 132.73 , 2.630005
8.99 , 135.36 , 132.72 , 2.639999
8.992 , 135.36 , 132.71 , 2.649994
8.994 , 135.34 , 132.71 , 2.62999
8.996 , 135.34 , 132.7 , 2.639999
8.998 , 135.34 , 132.7 , 2.639999
8.999 , 135.34 , 132.69 , 2.649994
9.001 , 135.34 , 132.69 , 2.649994
9.003 , 135.34 , 132.68 , 2.660004
9.005 , 135.29 , 132.68 , 2.610001
9.007 , 135.34 , 132.67 , 2.669998
9.009 , 135.29 , 132.66 , 2.62999
9.011 , 135.34 , 132.66 , 2.679993
9.012 , 135.34 , 132.65 , 2.690002
9.014 , 135.29 , 132.65 , 2.639999
9.016 , 135.27 , 132.64 , 2.630005
9.018 , 135.29 , 132.64 , 2.649994
9.02 , 135.29 , 132.63 , 2.659988
9.022 , 135.27 , 132.62 , 2.650009
9.023 , 135.27 , 132.62 , 2.650009
9.025 , 135.27 , 132.62 , 2.650009
9.027 , 135.27 , 132.61 , 2.660004
9.029 , 135.29 , 132.6 , 2.689987
9.031 , 135.29 , 132.6 , 2.689987
9.032 , 135.27 , 132.59 , 2.680008
9.034 , 135.27 , 132.59 , 2.680008
9.036 , 135.27 , 132.58 , 2.690002
9.038 , 135.27 , 132.58 , 2.690002
9.039 , 135.27 , 132.57 , 2.699997
9.041 , 135.29 , 132.57 , 2.719986
9.043 , 135.27 , 132.56 , 2.710007
9.045 , 135.25 , 132.56 , 2.690002
9.047 , 135.27 , 132.55 , 2.720001
9.048 , 135.27 , 132.55 , 2.720001
9.05 , 135.29 , 132.54 , 2.75
9.052 , 135.34 , 132.53 , 2.809998
9.054 , 135.36 , 132.53 , 2.830002
9.056 , 135.34 , 132.52 , 2.819992
9.057 , 135.41 , 132.52 , 2.889999
9.059 , 135.41 , 132.51 , 2.900009
9.061 , 135.41 , 132.51 , 2.900009
9.063 , 135.41 , 132.5 , 2.910004
9.065 , 135.43 , 132.5 , 2.929993
9.066 , 135.48 , 132.49 , 2.98999
9.068 , 135.5 , 132.49 , 3.009995
9.07 , 135.52 , 132.48 , 3.040009
9.072 , 135.5 , 132.47 , 3.029999
9.074 , 135.52 , 132.47 , 3.050003
9.075 , 135.57 , 132.47 , 3.100006
9.077 , 135.59 , 132.46 , 3.12999
9.079 , 135.57 , 132.45 , 3.12001
9.081 , 135.66 , 132.45 , 3.210007
9.083 , 135.68 , 132.44 , 3.23999
9.084 , 135.68 , 132.44 , 3.23999
9.086 , 135.75 , 132.43 , 3.320007
9.088 , 135.8 , 132.43 , 3.37001
9.09 , 135.75 , 132.42 , 3.330002
9.092 , 135.8 , 132.41 , 3.389999
9.093 , 135.82 , 132.41 , 3.410004
9.095 , 135.84 , 132.41 , 3.429993
9.097 , 135.84 , 132.4 , 3.440002
9.099 , 135.89 , 132.39 , 3.5
9.101 , 135.91 , 132.39 , 3.520004
9.102 , 135.96 , 132.39 , 3.570007
9.104 , 135.91 , 132.38 , 3.529999
9.106 , 135.96 , 132.37 , 3.590012
9.108 , 135.96 , 132.37 , 3.590012
9.11 , 135.96 , 132.36 , 3.600006
9.111 , 135.96 , 132.36 , 3.600006
9.113 , 136.03 , 132.35 , 3.679993
9.115 , 136.03 , 132.35 , 3.679993
9.117 , 136.05 , 132.34 , 3.710007
9.119 , 136.03 , 132.33 , 3.699997
9.12 , 136.05 , 132.33 , 3.720001
9.122 , 136.07 , 132.33 , 3.740005
9.124 , 136.07 , 132.32 , 3.75
9.126 , 136.07 , 132.31 , 3.76001
9.127 , 136.05 , 132.31 , 3.740005
9.129 , 136.05 , 132.3 , 3.75
9.131 , 136.05 , 132.3 , 3.75
9.133 , 136.07 , 132.29 , 3.780014
9.134 , 136.07 , 132.29 , 3.780014
9.136 , 136.07 , 132.28 , 3.790009
9.138 , 136.05 , 132.28 , 3.770004
9.14 , 136.05 , 132.27 , 3.779999
9.142 , 136.03 , 132.27 , 3.759995
9.144 , 136.05 , 132.26 , 3.790009
9.145 , 136.03 , 132.26 , 3.770004
9.147 , 136.03 , 132.25 , 3.779999
9.149 , 135.98 , 132.24 , 3.73999
9.151 , 135.96 , 132.24 , 3.720001
9.152 , 135.96 , 132.24 , 3.720001
9.154 , 135.91 , 132.23 , 3.680008
9.156 , 135.96 , 132.22 , 3.740005
9.158 , 135.91 , 132.22 , 3.690002
9.159 , 135.89 , 132.21 , 3.679993
9.161 , 135.89 , 132.21 , 3.679993
9.163 , 135.82 , 132.2 , 3.62001
9.165 , 135.82 , 132.2 , 3.62001
9.167 , 135.8 , 132.19 , 3.610001
9.168 , 135.8 , 132.19 , 3.610001
9.17 , 135.75 , 132.18 , 3.570007
9.172 , 135.68 , 132.18 , 3.5
9.174 , 135.66 , 132.17 , 3.490005
9.176 , 135.66 , 132.16 , 3.5
9.177 , 135.64 , 132.16 , 3.479996
9.179 , 135.57 , 132.15 , 3.420013
9.181 , 135.57 , 132.15 , 3.420013
9.183 , 135.5 , 132.14 , 3.360001
9.185 , 135.52 , 132.14 , 3.380005
9.186 , 135.5 , 132.13 , 3.369995
9.188 , 135.43 , 132.13 , 3.299988
9.19 , 135.41 , 132.12 , 3.290009
9.192 , 135.36 , 132.12 , 3.240005
9.194 , 135.41 , 132.11 , 3.300003
9.195 , 135.29 , 132.11 , 3.179993
9.197 , 135.34 , 132.1 , 3.23999
9.199 , 135.29 , 132.1 , 3.189987
9.201 , 135.25 , 132.09 , 3.160004
9.203 , 135.27 , 132.08 , 3.190002
9.204 , 135.25 , 132.08 , 3.169998
9.206 , 135.18 , 132.07 , 3.109985
9.208 , 135.18 , 132.07 , 3.109985
9.21 , 135.18 , 132.06 , 3.119995
9.212 , 135.13 , 132.06 , 3.070007
9.213 , 135.18 , 132.05 , 3.12999
9.215 , 135.13 , 132.05 , 3.080002
9.217 , 135.11 , 132.04 , 3.070007
9.219 , 135.11 , 132.04 , 3.070007
9.22 , 135.04 , 132.03 , 3.009995
9.222 , 135.04 , 132.03 , 3.009995
9.224 , 135.04 , 132.02 , 3.019989
9.226 , 135.02 , 132.01 , 3.01001
9.228 , 135.02 , 132.01 , 3.01001
9.229 , 135.02 , 132.01 , 3.01001
9.231 , 134.97 , 132.0 , 2.970001
9.233 , 134.97 , 131.99 , 2.979996
9.235 , 134.97 , 131.99 , 2.979996
9.237 , 134.97 , 131.98 , 2.990005
9.238 , 134.97 , 131.98 , 2.990005
9.24 , 134.93 , 131.97 , 2.959991
9.242 , 134.97 , 131.97 , 3.0
9.244 , 134.95 , 131.96 , 2.98999
9.246 , 134.95 , 131.95 , 3.0
9.248 , 134.95 , 131.95 , 3.0
9.249 , 134.93 , 131.95 , 2.979996
9.251 , 134.95 , 131.94 , 3.009995
9.253 , 134.93 , 131.93 , 3.0
9.255 , 134.93 , 131.93 , 3.0
9.257 , 134.88 , 131.92 , 2.960007
9.258 , 134.88 , 131.92 , 2.960007
9.26 , 134.86 , 131.91 , 2.949997
9.262 , 134.86 , 131.91 , 2.949997
9.264 , 134.88 , 131.9 , 2.980011
9.266 , 134.86 , 131.89 , 2.970001
9.268 , 134.81 , 131.89 , 2.919998
9.269 , 134.81 , 131.89 , 2.919998
9.271 , 134.81 , 131.88 , 2.929993
9.273 , 134.79 , 131.87 , 2.919998
9.275 , 134.79 , 131.87 , 2.919998
9.277 , 134.79 , 131.86 , 2.929993
9.279 , 134.74 , 131.86 , 2.880005
9.281 , 134.74 , 131.85 , 2.889999
9.282 , 134.74 , 131.85 , 2.889999
9.284 , 134.72 , 131.84 , 2.880005
9.286 , 134.72 , 131.83 , 2.889999
9.288 , 134.72 , 131.83 , 2.889999
9.29 , 134.72 , 131.82 , 2.899994
9.291 , 134.7 , 131.82 , 2.87999
9.293 , 134.7 , 131.81 , 2.889999
9.295 , 134.65 , 131.81 , 2.839996
9.297 , 134.7 , 131.8 , 2.899994
9.299 , 134.7 , 131.8 , 2.899994
9.301 , 134.7 , 131.79 , 2.910004
9.303 , 134.65 , 131.78 , 2.869995
9.305 , 134.65 , 131.78 , 2.869995
9.306 , 134.65 , 131.78 , 2.869995
9.308 , 134.65 , 131.77 , 2.87999
9.31 , 134.63 , 131.76 , 2.87001
9.312 , 134.63 , 131.76 , 2.87001
9.314 , 134.65 , 131.75 , 2.899994
9.316 , 134.63 , 131.75 , 2.880005
9.317 , 134.65 , 131.74 , 2.909988
9.319 , 134.63 , 131.74 , 2.889999
9.321 , 134.63 , 131.73 , 2.900009
9.323 , 134.63 , 131.72 , 2.910004
9.324 , 134.7 , 131.72 , 2.979996
9.326 , 134.7 , 131.72 , 2.979996
9.328 , 134.65 , 131.71 , 2.939987
9.33 , 134.7 , 131.7 , 3.0
9.332 , 134.65 , 131.7 , 2.949997
9.334 , 134.63 , 131.69 , 2.940002
9.335 , 134.65 , 131.69 , 2.959991
9.337 , 134.63 , 131.68 , 2.950012
9.339 , 134.65 , 131.68 , 2.970001
9.341 , 134.58 , 131.67 , 2.910004
9.343 , 134.65 , 131.66 , 2.98999
9.345 , 134.63 , 131.66 , 2.970001
9.346 , 134.58 , 131.66 , 2.919998
9.348 , 134.63 , 131.65 , 2.980011
9.35 , 134.63 , 131.64 , 2.990005
9.352 , 134.63 , 131.64 , 2.990005
9.354 , 134.63 , 131.63 , 3.0
9.355 , 134.63 , 131.63 , 3.0
9.357 , 134.63 , 131.62 , 3.01001
9.359 , 134.58 , 131.62 , 2.960007
9.361 , 134.63 , 131.61 , 3.020004
9.362 , 134.58 , 131.61 , 2.970001
9.364 , 134.58 , 131.6 , 2.979996
9.366 , 134.58 , 131.6 , 2.979996
9.368 , 134.56 , 131.59 , 2.970001
9.369 , 134.56 , 131.59 , 2.970001
9.371 , 134.56 , 131.58 , 2.979996
9.373 , 134.56 , 131.57 , 2.98999
9.375 , 134.56 , 131.57 , 2.98999
9.377 , 134.54 , 131.56 , 2.979996
9.379 , 134.54 , 131.56 , 2.979996
9.381 , 134.54 , 131.55 , 2.98999
9.382 , 134.54 , 131.55 , 2.98999
9.384 , 134.49 , 131.54 , 2.950012
9.386 , 134.49 , 131.54 , 2.950012
9.388 , 134.49 , 131.53 , 2.960007
9.39 , 134.49 , 131.52 , 2.970001
9.391 , 134.49 , 131.52 , 2.970001
9.393 , 134.47 , 131.51 , 2.960007
9.395 , 134.47 , 131.51 , 2.960007
9.397 , 134.42 , 131.5 , 2.919998
9.399 , 134.47 , 131.5 , 2.970001
9.4 , 134.42 , 131.49 , 2.929993
9.402 , 134.42 , 131.49 , 2.929993
9.404 , 134.47 , 131.48 , 2.990005
9.406 , 134.42 , 131.48 , 2.940002
9.408 , 134.42 , 131.47 , 2.949997
9.41 , 134.4 , 131.46 , 2.939987
9.411 , 134.36 , 131.46 , 2.899994
9.413 , 134.4 , 131.46 , 2.939987
9.415 , 134.4 , 131.45 , 2.949997
9.417 , 134.4 , 131.44 , 2.959991
9.419 , 134.36 , 131.44 , 2.919998
9.421 , 134.36 , 131.43 , 2.930008
9.422 , 134.4 , 131.43 , 2.970001
9.424 , 134.36 , 131.42 , 2.940002
9.426 , 134.36 , 131.42 , 2.940002
9.428 , 134.33 , 131.41 , 2.919998
9.43 , 134.31 , 131.4 , 2.910004
9.431 , 134.33 , 131.4 , 2.930008
9.433 , 134.33 , 131.4 , 2.930008
9.435 , 134.26 , 131.39 , 2.869995
9.437 , 134.31 , 131.38 , 2.929993
9.439 , 134.26 , 131.38 , 2.87999
9.441 , 134.31 , 131.37 , 2.940002
9.442 , 134.31 , 131.37 , 2.940002
9.444 , 134.26 , 131.36 , 2.899994
9.446 , 134.24 , 131.36 , 2.880005
9.448 , 134.26 , 131.35 , 2.909988
9.45 , 134.26 , 131.34 , 2.919998
9.452 , 134.24 , 131.34 , 2.900009
9.453 , 134.24 , 131.34 , 2.900009
9.455 , 134.24 , 131.33 , 2.910004
9.457 , 134.2 , 131.32 , 2.87999
9.459 , 134.2 , 131.32 , 2.87999
9.461 , 134.24 , 131.31 , 2.930008
9.462 , 134.2 , 131.31 , 2.889999
9.464 , 134.17 , 131.3 , 2.869995
9.466 , 134.17 , 131.3 , 2.869995
9.468 , 134.17 , 131.29 , 2.880005
9.47 , 134.17 , 131.28 , 2.889999
9.472 , 134.17 , 131.28 , 2.889999
9.474 , 134.15 , 131.27 , 2.87999
9.476 , 134.15 , 131.27 , 2.87999
9.477 , 134.15 , 131.26 , 2.889999
9.479 , 134.08 , 131.26 , 2.820007
9.481 , 134.1 , 131.25 , 2.850006
9.483 , 134.1 , 131.25 , 2.850006
9.485 , 134.08 , 131.24 , 2.839996
9.486 , 134.08 , 131.24 , 2.839996
9.488 , 134.1 , 131.23 , 2.87001
9.49 , 134.08 , 131.22 , 2.860001
9.492 , 134.08 , 131.22 , 2.860001
9.494 , 134.08 , 131.21 , 2.869995
9.495 , 134.08 , 131.21 , 2.869995
9.497 , 134.08 , 131.2 , 2.880005
9.499 , 134.04 , 131.2 , 2.839996
9.501 , 134.01 , 131.19 , 2.819992
9.503 , 134.01 , 131.19 , 2.819992
9.504 , 134.01 , 131.18 , 2.830002
9.506 , 134.04 , 131.18 , 2.860001
9.508 , 134.04 , 131.17 , 2.869995
9.51 , 134.04 , 131.17 , 2.869995
9.512 , 134.01 , 131.16 , 2.849991
9.514 , 134.01 , 131.15 , 2.860001
9.515 , 133.99 , 131.15 , 2.840012
9.517 , 134.01 , 131.14 , 2.869995
9.519 , 133.99 , 131.14 , 2.850006
9.521 , 133.99 , 131.13 , 2.860001
9.523 , 133.92 , 131.13 , 2.789993
9.525 , 133.94 , 131.12 , 2.820007
9.526 , 133.94 , 131.12 , 2.820007
9.528 , 133.99 , 131.11 , 2.880005
9.53 , 133.94 , 131.11 , 2.830002
9.532 , 133.92 , 131.1 , 2.819992
9.534 , 133.92 , 131.09 , 2.830002
9.535 , 133.94 , 131.09 , 2.850006
9.537 , 133.94 , 131.08 , 2.860001
9.539 , 133.92 , 131.08 , 2.839996
9.541 , 133.92 , 131.07 , 2.849991
9.543 , 133.92 , 131.07 , 2.849991
9.544 , 133.92 , 131.06 , 2.860001
9.546 , 133.92 , 131.06 , 2.860001
9.548 , 133.92 , 131.05 , 2.869995
9.55 , 133.88 , 131.05 , 2.830002
9.552 , 133.88 , 131.04 , 2.840012
9.553 , 133.88 , 131.04 , 2.840012
9.555 , 133.88 , 131.03 , 2.850006
9.557 , 133.85 , 131.02 , 2.830002
9.559 , 133.85 , 131.02 , 2.830002
9.56 , 133.85 , 131.02 , 2.830002
9.562 , 133.85 , 131.01 , 2.840012
9.564 , 133.85 , 131.0 , 2.850006
9.566 , 133.85 , 131.0 , 2.850006
9.567 , 133.81 , 130.99 , 2.819992
9.569 , 133.81 , 130.99 , 2.819992
9.571 , 133.81 , 130.98 , 2.830002
9.573 , 133.78 , 130.98 , 2.800003
9.575 , 133.81 , 130.97 , 2.839996
9.577 , 133.81 , 130.96 , 2.849991
9.579 , 133.81 , 130.96 , 2.849991
9.58 , 133.78 , 130.96 , 2.819992
9.582 , 133.78 , 130.95 , 2.830002
9.584 , 133.78 , 130.94 , 2.839996
9.586 , 133.78 , 130.94 , 2.839996
9.588 , 133.78 , 130.93 , 2.850006
9.59 , 133.78 , 130.93 , 2.850006
9.592 , 133.76 , 130.92 , 2.839996
9.593 , 133.76 , 130.92 , 2.839996
9.595 , 133.76 , 130.91 , 2.849991
9.597 , 133.71 , 130.9 , 2.810013
9.599 , 133.71 , 130.9 , 2.810013
9.601 , 133.71 , 130.89 , 2.820007
9.603 , 133.76 , 130.89 , 2.869995
9.604 , 133.71 , 130.88 , 2.830002
9.606 , 133.71 , 130.88 , 2.830002
9.608 , 133.69 , 130.87 , 2.820007
9.61 , 133.71 , 130.87 , 2.840012
9.612 , 133.69 , 130.86 , 2.830002
9.613 , 133.71 , 130.86 , 2.850006
9.615 , 133.69 , 130.85 , 2.839996
9.617 , 133.69 , 130.85 , 2.839996
9.619 , 133.71 , 130.84 , 2.87001
9.621 , 133.65 , 130.83 , 2.819992
9.622 , 133.65 , 130.83 , 2.819992
9.624 , 133.65 , 130.82 , 2.829987
9.626 , 133.62 , 130.82 , 2.799988
9.628 , 133.65 , 130.81 , 2.839996
9.63 , 133.65 , 130.81 , 2.839996
9.632 , 133.65 , 130.8 , 2.849991
9.633 , 133.6 , 130.8 , 2.800003
9.635 , 133.62 , 130.79 , 2.830002
9.637 , 133.6 , 130.79 , 2.810013
9.639 , 133.62 , 130.78 , 2.839996
9.641 , 133.6 , 130.77 , 2.830002
9.643 , 133.6 , 130.77 , 2.830002
9.644 , 133.6 , 130.76 , 2.840012
9.646 , 133.55 , 130.76 , 2.790009
9.648 , 133.53 , 130.75 , 2.779999
9.65 , 133.55 , 130.75 , 2.800003
9.652 , 133.55 , 130.74 , 2.809998
9.653 , 133.49 , 130.74 , 2.75
9.655 , 133.53 , 130.73 , 2.800003
9.657 , 133.53 , 130.73 , 2.800003
9.659 , 133.55 , 130.72 , 2.830002
9.661 , 133.53 , 130.71 , 2.819992
9.662 , 133.49 , 130.71 , 2.779999
9.664 , 133.49 , 130.7 , 2.790009
9.666 , 133.49 , 130.7 , 2.790009
9.668 , 133.49 , 130.69 , 2.800003
9.67 , 133.49 , 130.69 , 2.800003
9.671 , 133.46 , 130.68 , 2.780014
9.673 , 133.46 , 130.68 , 2.780014
9.675 , 133.42 , 130.67 , 2.75
9.685 , 133.42 , 130.64 , 2.779999
9.687 , 133.37 , 130.64 , 2.729996
9.689 , 133.39 , 130.63 , 2.759995
9.691 , 133.39 , 130.62 , 2.770004
9.692 , 133.42 , 130.62 , 2.800003
9.694 , 133.39 , 130.61 , 2.779999
9.696 , 133.39 , 130.61 , 2.779999
9.698 , 133.39 , 130.6 , 2.789993
9.7 , 133.39 , 130.6 , 2.789993
9.702 , 133.39 , 130.59 , 2.800003
9.704 , 133.37 , 130.59 , 2.779999
9.705 , 133.37 , 130.58 , 2.789993
9.707 , 133.37 , 130.58 , 2.789993
9.709 , 133.37 , 130.57 , 2.799988
9.711 , 133.39 , 130.56 , 2.830002
9.713 , 133.33 , 130.56 , 2.770004
9.714 , 133.37 , 130.56 , 2.809998
9.716 , 133.33 , 130.55 , 2.779999
9.718 , 133.37 , 130.54 , 2.830002
9.72 , 133.33 , 130.54 , 2.790009
9.722 , 133.3 , 130.53 , 2.770004
9.724 , 133.3 , 130.53 , 2.770004
9.725 , 133.3 , 130.52 , 2.779999
9.727 , 133.3 , 130.52 , 2.779999
9.729 , 133.3 , 130.51 , 2.790009
9.731 , 133.3 , 130.5 , 2.800003
9.732 , 133.26 , 130.5 , 2.759995
9.734 , 133.3 , 130.5 , 2.800003
9.736 , 133.26 , 130.49 , 2.769989
9.738 , 133.26 , 130.48 , 2.779999
9.74 , 133.23 , 130.48 , 2.75
9.742 , 133.26 , 130.47 , 2.789993
9.743 , 133.26 , 130.47 , 2.789993
9.745 , 133.26 , 130.46 , 2.799988
9.747 , 133.23 , 130.46 , 2.769989
9.749 , 133.23 , 130.45 , 2.779999
9.751 , 133.23 , 130.44 , 2.789993
9.753 , 133.23 , 130.44 , 2.789993
9.755 , 133.23 , 130.43 , 2.800003
9.756 , 133.21 , 130.43 , 2.780014
9.758 , 133.21 , 130.42 , 2.790009
9.76 , 133.17 , 130.42 , 2.75
9.762 , 133.21 , 130.41 , 2.800003
9.763 , 133.17 , 130.41 , 2.759995
9.765 , 133.21 , 130.4 , 2.810013
9.767 , 133.17 , 130.4 , 2.770004
9.769 , 133.17 , 130.39 , 2.779999
9.771 , 133.17 , 130.38 , 2.789993
9.773 , 133.17 , 130.38 , 2.789993
9.774 , 133.14 , 130.38 , 2.759995
9.776 , 133.17 , 130.37 , 2.800003
9.778 , 133.17 , 130.36 , 2.809998
9.78 , 133.1 , 130.36 , 2.740005
9.782 , 133.14 , 130.35 , 2.789993
9.784 , 133.1 , 130.35 , 2.75
9.785 , 133.1 , 130.34 , 2.76001
9.787 , 133.1 , 130.34 , 2.76001
9.789 , 133.1 , 130.33 , 2.770004
9.791 , 133.1 , 130.32 , 2.779999
9.792 , 133.07 , 130.32 , 2.75
9.794 , 133.1 , 130.32 , 2.779999
9.796 , 133.1 , 130.31 , 2.790009
9.798 , 133.07 , 130.3 , 2.770004
9.8 , 133.07 , 130.3 , 2.770004
9.801 , 133.07 , 130.3 , 2.770004
9.803 , 133.1 , 130.29 , 2.810013
9.805 , 133.05 , 130.28 , 2.770004
9.807 , 133.01 , 130.28 , 2.729996
9.809 , 133.05 , 130.27 , 2.779999
9.81 , 133.01 , 130.27 , 2.73999
9.812 , 133.05 , 130.26 , 2.790009
9.814 , 133.05 , 130.26 , 2.790009
9.816 , 133.05 , 130.25 , 2.800003
9.817 , 133.05 , 130.25 , 2.800003
9.819 , 133.01 , 130.24 , 2.769989
9.821 , 133.01 , 130.24 , 2.769989
9.823 , 133.01 , 130.23 , 2.779999
9.825 , 133.01 , 130.22 , 2.789993
9.826 , 133.01 , 130.22 , 2.789993
9.828 , 133.01 , 130.21 , 2.799988
9.83 , 132.98 , 130.21 , 2.769989
9.832 , 132.98 , 130.2 , 2.779999
9.834 , 132.98 , 130.2 , 2.779999
9.836 , 132.98 , 130.19 , 2.789993
9.838 , 132.98 , 130.18 , 2.800003
9.839 , 133.05 , 130.18 , 2.87001
9.841 , 133.01 , 130.18 , 2.830002
9.843 , 133.01 , 130.17 , 2.839996
9.845 , 133.01 , 130.16 , 2.849991
9.847 , 133.01 , 130.16 , 2.849991
9.849 , 132.98 , 130.15 , 2.830002
9.85 , 132.98 , 130.15 , 2.830002
9.852 , 133.01 , 130.14 , 2.869995
9.854 , 132.98 , 130.14 , 2.839996
9.856 , 133.01 , 130.13 , 2.87999
9.858 , 133.01 , 130.12 , 2.889999
9.86 , 132.98 , 130.12 , 2.860001
9.862 , 132.98 , 130.11 , 2.869995
9.863 , 132.98 , 130.11 , 2.869995
9.865 , 132.98 , 130.1 , 2.87999
9.867 , 132.98 , 130.1 , 2.87999
9.869 , 132.98 , 130.09 , 2.889999
9.871 , 132.98 , 130.09 , 2.889999
9.873 , 133.01 , 130.08 , 2.929993
9.875 , 133.01 , 130.07 , 2.939987
9.876 , 132.98 , 130.07 , 2.909988
9.878 , 133.01 , 130.06 , 2.949997
9.88 , 133.01 , 130.06 , 2.949997
9.882 , 133.01 , 130.05 , 2.959991
9.884 , 133.01 , 130.05 , 2.959991
9.886 , 133.07 , 130.04 , 3.030014
9.887 , 133.05 , 130.04 , 3.01001
9.889 , 133.1 , 130.03 , 3.070007
9.891 , 133.1 , 130.03 , 3.070007
9.893 , 133.1 , 130.02 , 3.080002
9.894 , 133.17 , 130.02 , 3.149994
9.896 , 133.17 , 130.01 , 3.160004
9.898 , 133.14 , 130.0 , 3.139999
9.9 , 133.17 , 130.0 , 3.169998
9.902 , 133.21 , 129.99 , 3.220001
9.904 , 133.23 , 129.99 , 3.23999
9.905 , 133.26 , 129.98 , 3.279999
9.907 , 133.26 , 129.98 , 3.279999
9.909 , 133.33 , 129.97 , 3.360001
9.911 , 133.3 , 129.97 , 3.330002
9.913 , 133.33 , 129.96 , 3.369995
9.914 , 133.37 , 129.96 , 3.409988
9.916 , 133.39 , 129.95 , 3.440002
9.918 , 133.42 , 129.95 , 3.470001
9.92 , 133.46 , 129.94 , 3.520004
9.922 , 133.49 , 129.93 , 3.560013
9.924 , 133.46 , 129.93 , 3.530014
9.925 , 133.49 , 129.92 , 3.570007
9.927 , 133.49 , 129.92 , 3.570007
9.929 , 133.53 , 129.91 , 3.619995
9.931 , 133.62 , 129.91 , 3.709991
9.933 , 133.6 , 129.9 , 3.700012
9.935 , 133.6 , 129.89 , 3.710007
9.936 , 133.62 , 129.89 , 3.729996
9.938 , 133.65 , 129.89 , 3.759995
9.94 , 133.65 , 129.88 , 3.769989
9.942 , 133.65 , 129.87 , 3.779999
9.944 , 133.65 , 129.87 , 3.779999
9.946 , 133.69 , 129.86 , 3.830002
9.948 , 133.69 , 129.86 , 3.830002
9.95 , 133.71 , 129.85 , 3.860001
9.951 , 133.69 , 129.85 , 3.839996
9.953 , 133.76 , 129.84 , 3.919998
9.955 , 133.76 , 129.83 , 3.929993
9.957 , 133.71 , 129.83 , 3.880005
9.959 , 133.76 , 129.82 , 3.939987
9.961 , 133.71 , 129.82 , 3.889999
9.962 , 133.76 , 129.81 , 3.949997
9.964 , 133.71 , 129.81 , 3.900009
9.966 , 133.71 , 129.8 , 3.910004
9.968 , 133.76 , 129.8 , 3.959991
9.97 , 133.71 , 129.79 , 3.920013
9.972 , 133.71 , 129.78 , 3.930008
9.973 , 133.71 , 129.78 , 3.930008
9.975 , 133.76 , 129.77 , 3.98999
9.977 , 133.71 , 129.77 , 3.940002
9.979 , 133.71 , 129.76 , 3.950012
9.981 , 133.69 , 129.76 , 3.930008
9.983 , 133.69 , 129.75 , 3.940002
9.984 , 133.65 , 129.75 , 3.899994
9.986 , 133.62 , 129.74 , 3.87999
9.988 , 133.62 , 129.74 , 3.87999
9.99 , 133.62 , 129.73 , 3.889999
9.992 , 133.62 , 129.72 , 3.899994
9.994 , 133.55 , 129.72 , 3.830002
9.996 , 133.6 , 129.71 , 3.889999
9.997 , 133.55 , 129.71 , 3.839996
9.999 , 133.49 , 129.7 , 3.790009
10.001 , 133.46 , 129.7 , 3.76001
10.003 , 133.42 , 129.69 , 3.729996
10.005 , 133.42 , 129.69 , 3.729996
10.006 , 133.39 , 129.68 , 3.710007
10.008 , 133.37 , 129.68 , 3.690002
10.01 , 133.33 , 129.67 , 3.660004
10.012 , 133.33 , 129.66 , 3.669998
10.014 , 133.26 , 129.66 , 3.599991
10.016 , 133.26 , 129.65 , 3.610001
10.017 , 133.23 , 129.65 , 3.580002
10.019 , 133.23 , 129.64 , 3.589996
10.021 , 133.17 , 129.64 , 3.529999
10.023 , 133.1 , 129.63 , 3.470001
10.025 , 133.14 , 129.63 , 3.509995
10.026 , 133.1 , 129.62 , 3.480011
10.028 , 133.05 , 129.62 , 3.430008
10.03 , 133.01 , 129.61 , 3.399994
10.032 , 133.01 , 129.6 , 3.409988
10.034 , 132.98 , 129.6 , 3.37999
10.036 , 132.94 , 129.59 , 3.350006
10.037 , 132.91 , 129.59 , 3.320007
10.039 , 132.87 , 129.58 , 3.289993
10.041 , 132.87 , 129.58 , 3.289993
10.043 , 132.85 , 129.57 , 3.279999
10.045 , 132.85 , 129.57 , 3.279999
10.046 , 132.82 , 129.56 , 3.26001
10.048 , 132.82 , 129.56 , 3.26001
10.05 , 132.75 , 129.55 , 3.199997
10.052 , 132.78 , 129.54 , 3.240005
10.053 , 132.75 , 129.54 , 3.210007
10.055 , 132.71 , 129.54 , 3.170013
10.057 , 132.68 , 129.53 , 3.149994
10.059 , 132.75 , 129.52 , 3.229996
10.061 , 132.71 , 129.52 , 3.190002
10.062 , 132.68 , 129.51 , 3.169998
10.064 , 132.66 , 129.51 , 3.150009
10.066 , 132.66 , 129.5 , 3.160004
10.068 , 132.66 , 129.5 , 3.160004
10.069 , 132.66 , 129.49 , 3.169998
10.071 , 132.66 , 129.49 , 3.169998
10.073 , 132.66 , 129.48 , 3.180008
10.075 , 132.62 , 129.48 , 3.139999
10.077 , 132.62 , 129.47 , 3.149994
10.079 , 132.59 , 129.46 , 3.12999
10.08 , 132.66 , 129.46 , 3.199997
10.082 , 132.59 , 129.45 , 3.139999
10.084 , 132.59 , 129.45 , 3.139999
10.086 , 132.55 , 129.44 , 3.110001
10.088 , 132.55 , 129.44 , 3.110001
10.089 , 132.55 , 129.43 , 3.12001
10.091 , 132.55 , 129.43 , 3.12001
10.093 , 132.52 , 129.42 , 3.100006
10.095 , 132.52 , 129.42 , 3.100006
10.096 , 132.55 , 129.41 , 3.139999
10.098 , 132.5 , 129.41 , 3.089996
10.1 , 132.52 , 129.4 , 3.12001
10.102 , 132.46 , 129.4 , 3.060013
10.104 , 132.46 , 129.39 , 3.070007
10.105 , 132.46 , 129.39 , 3.070007
10.107 , 132.46 , 129.38 , 3.080002
10.109 , 132.46 , 129.37 , 3.090012
10.111 , 132.43 , 129.37 , 3.059998
10.112 , 132.39 , 129.37 , 3.020004
10.114 , 132.39 , 129.36 , 3.029999
10.116 , 132.43 , 129.35 , 3.079987
10.118 , 132.39 , 129.35 , 3.039993
10.12 , 132.39 , 129.34 , 3.050003
10.122 , 132.36 , 129.34 , 3.020004
10.123 , 132.36 , 129.33 , 3.029999
10.125 , 132.32 , 129.33 , 2.990005
10.127 , 132.32 , 129.32 , 3.0
10.128 , 132.32 , 129.32 , 3.0
10.13 , 132.32 , 129.31 , 3.01001
10.132 , 132.32 , 129.31 , 3.01001
10.134 , 132.3 , 129.3 , 3.0
10.135 , 132.32 , 129.3 , 3.020004
10.137 , 132.3 , 129.29 , 3.01001
10.139 , 132.3 , 129.28 , 3.020004
10.141 , 132.3 , 129.28 , 3.020004
10.142 , 132.3 , 129.28 , 3.020004
10.144 , 132.3 , 129.27 , 3.029999
10.146 , 132.3 , 129.26 , 3.040009
10.148 , 132.23 , 129.26 , 2.970001
10.15 , 132.3 , 129.25 , 3.050003
10.151 , 132.3 , 129.25 , 3.050003
10.153 , 132.23 , 129.24 , 2.98999
10.155 , 132.23 , 129.24 , 2.98999
10.157 , 132.3 , 129.23 , 3.070007
10.158 , 132.23 , 129.23 , 3.0
10.16 , 132.23 , 129.22 , 3.009995
10.162 , 132.23 , 129.22 , 3.009995
10.164 , 132.3 , 129.21 , 3.089996
10.166 , 132.3 , 129.2 , 3.100006
10.167 , 132.2 , 129.2 , 3.0
10.169 , 132.2 , 129.19 , 3.009995
10.171 , 132.2 , 129.19 , 3.009995
10.173 , 132.2 , 129.18 , 3.020004
10.175 , 132.3 , 129.18 , 3.12001
10.176 , 132.2 , 129.17 , 3.029999
10.178 , 132.2 , 129.17 , 3.029999
10.18 , 132.2 , 129.16 , 3.039993
10.182 , 132.2 , 129.16 , 3.039993
10.184 , 132.2 , 129.15 , 3.050003
10.186 , 132.16 , 129.14 , 3.020004
10.187 , 132.2 , 129.14 , 3.059998
10.189 , 132.23 , 129.13 , 3.099991
10.191 , 132.2 , 129.13 , 3.069992
10.193 , 132.2 , 129.12 , 3.080002
10.195 , 132.2 , 129.12 , 3.080002
10.197 , 132.16 , 129.11 , 3.050003
10.198 , 132.16 , 129.11 , 3.050003
10.2 , 132.2 , 129.1 , 3.099991
10.202 , 132.16 , 129.1 , 3.059998
10.204 , 132.2 , 129.09 , 3.110001
10.205 , 132.16 , 129.09 , 3.070007
10.207 , 132.14 , 129.08 , 3.059998
10.209 , 132.16 , 129.08 , 3.080002
10.211 , 132.14 , 129.07 , 3.069992
10.213 , 132.16 , 129.06 , 3.100006
10.214 , 132.16 , 129.06 , 3.100006
10.216 , 132.16 , 129.05 , 3.110001
10.218 , 132.14 , 129.05 , 3.089996
10.22 , 132.14 , 129.04 , 3.100006
10.221 , 132.14 , 129.04 , 3.100006
10.223 , 132.11 , 129.03 , 3.080002
10.225 , 132.14 , 129.03 , 3.110001
10.227 , 132.11 , 129.02 , 3.089996
10.229 , 132.14 , 129.02 , 3.119995
10.23 , 132.11 , 129.01 , 3.100006
10.232 , 132.11 , 129.01 , 3.100006
10.234 , 132.11 , 129.0 , 3.110001
10.236 , 132.11 , 128.99 , 3.119995
10.237 , 132.0 , 128.99 , 3.009995
10.239 , 132.07 , 128.99 , 3.080002
10.241 , 132.0 , 128.98 , 3.020004
10.243 , 132.0 , 128.97 , 3.029999
10.244 , 132.0 , 128.97 , 3.029999
10.246 , 132.0 , 128.96 , 3.039993
10.248 , 131.98 , 128.96 , 3.019989
10.25 , 132.0 , 128.95 , 3.050003
10.251 , 131.98 , 128.95 , 3.029999
10.253 , 131.98 , 128.94 , 3.039993
10.255 , 132.0 , 128.94 , 3.059998
10.257 , 131.98 , 128.93 , 3.050003
10.259 , 131.98 , 128.93 , 3.050003
10.261 , 131.93 , 128.92 , 3.009995
10.262 , 131.93 , 128.92 , 3.009995
10.264 , 131.93 , 128.91 , 3.019989
10.266 , 131.93 , 128.9 , 3.029999
10.268 , 131.91 , 128.9 , 3.01001
10.27 , 131.91 , 128.89 , 3.020004
10.272 , 131.91 , 128.89 , 3.020004
10.273 , 131.91 , 128.88 , 3.029999
10.275 , 131.91 , 128.88 , 3.029999
10.277 , 131.88 , 128.87 , 3.01001
10.279 , 131.88 , 128.87 , 3.01001
10.281 , 131.84 , 128.86 , 2.979996
10.282 , 131.84 , 128.86 , 2.979996
10.284 , 131.84 , 128.85 , 2.98999
10.286 , 131.82 , 128.84 , 2.980011
10.288 , 131.82 , 128.84 , 2.980011
10.29 , 131.84 , 128.83 , 3.009995
10.292 , 131.84 , 128.83 , 3.009995
10.293 , 131.75 , 128.82 , 2.929993
10.295 , 131.82 , 128.82 , 3.0
10.297 , 131.72 , 128.81 , 2.910004
10.299 , 131.75 , 128.81 , 2.940002
10.3 , 131.75 , 128.8 , 2.949997
10.302 , 131.75 , 128.8 , 2.949997
10.304 , 131.72 , 128.79 , 2.930008
10.306 , 131.72 , 128.79 , 2.930008
10.308 , 131.7 , 128.78 , 2.919998
10.31 , 131.7 , 128.77 , 2.929993
10.311 , 131.7 , 128.77 , 2.929993
10.313 , 131.65 , 128.76 , 2.889999
10.315 , 131.7 , 128.76 , 2.940002
10.317 , 131.7 , 128.75 , 2.949997
10.319 , 131.65 , 128.75 , 2.899994
10.321 , 131.65 , 128.74 , 2.909988
10.323 , 131.63 , 128.73 , 2.900009
10.324 , 131.63 , 128.73 , 2.900009
10.326 , 131.63 , 128.73 , 2.900009
10.328 , 131.59 , 128.72 , 2.869995
10.33 , 131.65 , 128.71 , 2.939987
10.331 , 131.63 , 128.71 , 2.919998
10.333 , 131.63 , 128.7 , 2.930008
10.335 , 131.59 , 128.7 , 2.889999
10.337 , 131.63 , 128.69 , 2.940002
10.339 , 131.59 , 128.69 , 2.899994
10.34 , 131.56 , 128.68 , 2.880005
10.342 , 131.56 , 128.68 , 2.880005
10.344 , 131.56 , 128.67 , 2.889999
10.346 , 131.56 , 128.67 , 2.889999
10.348 , 131.59 , 128.66 , 2.929993
10.35 , 131.56 , 128.65 , 2.910004
10.352 , 131.54 , 128.65 , 2.889999
10.353 , 131.54 , 128.64 , 2.899994
10.355 , 131.54 , 128.64 , 2.899994
10.357 , 131.54 , 128.63 , 2.909988
10.359 , 131.54 , 128.63 , 2.909988
10.361 , 131.54 , 128.62 , 2.919998
10.363 , 131.54 , 128.61 , 2.929993
10.364 , 131.47 , 128.61 , 2.860001
10.366 , 131.49 , 128.61 , 2.880005
10.368 , 131.47 , 128.6 , 2.869995
10.37 , 131.47 , 128.59 , 2.880005
10.372 , 131.47 , 128.59 , 2.880005
10.373 , 131.49 , 128.58 , 2.910004
10.375 , 131.49 , 128.58 , 2.910004
10.377 , 131.47 , 128.57 , 2.899994
10.379 , 131.43 , 128.57 , 2.859985
10.381 , 131.43 , 128.56 , 2.869995
10.382 , 131.4 , 128.56 , 2.839996
10.384 , 131.47 , 128.55 , 2.919998
10.386 , 131.43 , 128.55 , 2.87999
10.388 , 131.4 , 128.54 , 2.860001
10.39 , 131.4 , 128.53 , 2.869995
10.392 , 131.4 , 128.53 , 2.869995
10.394 , 131.4 , 128.52 , 2.87999
10.395 , 131.4 , 128.52 , 2.87999
10.397 , 131.36 , 128.51 , 2.850006
10.399 , 131.4 , 128.51 , 2.889999
10.401 , 131.36 , 128.5 , 2.860001
10.403 , 131.36 , 128.5 , 2.860001
10.404 , 131.36 , 128.49 , 2.869995
10.406 , 131.36 , 128.49 , 2.869995
10.408 , 131.33 , 128.48 , 2.850006
10.41 , 131.33 , 128.47 , 2.860001
10.411 , 131.33 , 128.47 , 2.860001
10.413 , 131.36 , 128.47 , 2.889999
10.415 , 131.33 , 128.46 , 2.869995
10.417 , 131.36 , 128.45 , 2.910004
10.419 , 131.33 , 128.45 , 2.880005
10.42 , 131.31 , 128.44 , 2.869995
10.422 , 131.31 , 128.44 , 2.869995
10.424 , 131.33 , 128.43 , 2.900009
10.426 , 131.27 , 128.43 , 2.840012
10.428 , 131.31 , 128.42 , 2.889999
10.429 , 131.27 , 128.42 , 2.850006
10.431 , 131.27 , 128.41 , 2.860001
10.433 , 131.27 , 128.41 , 2.860001
10.435 , 131.31 , 128.4 , 2.910004
10.437 , 131.31 , 128.39 , 2.919998
10.438 , 131.27 , 128.39 , 2.880005
10.44 , 131.27 , 128.38 , 2.889999
10.442 , 131.24 , 128.38 , 2.860001
10.444 , 131.2 , 128.37 , 2.830002
10.446 , 131.24 , 128.37 , 2.87001
10.447 , 131.24 , 128.36 , 2.880005
10.449 , 131.24 , 128.36 , 2.880005
10.451 , 131.2 , 128.35 , 2.849991
10.453 , 131.24 , 128.35 , 2.889999
10.454 , 131.24 , 128.34 , 2.900009
10.456 , 131.2 , 128.34 , 2.860001
10.458 , 131.17 , 128.33 , 2.839996
10.46 , 131.17 , 128.32 , 2.849991
10.462 , 131.17 , 128.32 , 2.849991
10.472 , 131.15 , 128.29 , 2.860001
10.474 , 131.11 , 128.28 , 2.830002
10.475 , 131.11 , 128.28 , 2.830002
10.477 , 131.11 , 128.27 , 2.839996
10.479 , 131.11 , 128.27 , 2.839996
10.481 , 131.08 , 128.26 , 2.820007
10.482 , 131.11 , 128.26 , 2.850006
10.484 , 131.08 , 128.25 , 2.830002
10.486 , 131.11 , 128.25 , 2.860001
10.488 , 131.11 , 128.24 , 2.869995
10.489 , 131.08 , 128.24 , 2.839996
10.491 , 131.08 , 128.23 , 2.850006
10.493 , 131.04 , 128.23 , 2.809998
10.495 , 131.11 , 128.22 , 2.889999
10.497 , 131.04 , 128.21 , 2.829987
10.498 , 131.08 , 128.21 , 2.869995
10.5 , 131.04 , 128.2 , 2.839996
10.502 , 131.04 , 128.2 , 2.839996
10.504 , 131.04 , 128.19 , 2.849991
10.506 , 131.01 , 128.19 , 2.819992
10.508 , 131.01 , 128.18 , 2.830002
10.509 , 131.01 , 128.18 , 2.830002
10.511 , 131.04 , 128.17 , 2.869995
10.513 , 131.01 , 128.17 , 2.839996
10.515 , 131.01 , 128.16 , 2.849991
10.517 , 130.99 , 128.15 , 2.840012
10.519 , 130.99 , 128.15 , 2.840012
10.52 , 131.01 , 128.15 , 2.860001
10.522 , 130.99 , 128.14 , 2.850006
10.524 , 130.95 , 128.13 , 2.819992
10.526 , 130.99 , 128.13 , 2.860001
10.527 , 130.99 , 128.12 , 2.87001
10.529 , 130.95 , 128.12 , 2.830002
10.531 , 130.99 , 128.11 , 2.880005
10.533 , 130.92 , 128.11 , 2.809998
10.535 , 130.95 , 128.1 , 2.849991
10.536 , 130.95 , 128.1 , 2.849991
10.538 , 130.95 , 128.09 , 2.860001
10.54 , 130.95 , 128.09 , 2.860001
10.542 , 130.95 , 128.08 , 2.869995
10.544 , 130.88 , 128.07 , 2.809998
10.546 , 130.88 , 128.07 , 2.809998
10.547 , 130.92 , 128.06 , 2.860001
10.549 , 130.92 , 128.06 , 2.860001
10.551 , 130.88 , 128.05 , 2.830002
10.553 , 130.88 , 128.05 , 2.830002
10.555 , 130.92 , 128.04 , 2.880005
10.556 , 130.88 , 128.04 , 2.840012
10.558 , 130.88 , 128.03 , 2.850006
10.56 , 130.88 , 128.03 , 2.850006
10.562 , 130.88 , 128.02 , 2.860001
10.563 , 130.88 , 128.02 , 2.860001
10.565 , 130.85 , 128.01 , 2.840012
10.567 , 130.85 , 128.0 , 2.850006
10.569 , 130.88 , 128.0 , 2.880005
10.571 , 130.85 , 127.99 , 2.860008
10.572 , 130.81 , 127.99 , 2.82
10.574 , 130.85 , 127.98 , 2.870003
10.576 , 130.81 , 127.98 , 2.829994
10.578 , 130.81 , 127.97 , 2.839996
10.58 , 130.81 , 127.97 , 2.839996
10.582 , 130.81 , 127.96 , 2.849998
10.583 , 130.81 , 127.96 , 2.849998
10.585 , 130.79 , 127.95 , 2.839996
10.587 , 130.79 , 127.94 , 2.849991
10.589 , 130.79 , 127.94 , 2.849991
10.591 , 130.79 , 127.93 , 2.859993
10.593 , 130.76 , 127.93 , 2.829994
10.594 , 130.79 , 127.92 , 2.869995
10.596 , 130.72 , 127.92 , 2.800003
10.598 , 130.76 , 127.91 , 2.849991
10.6 , 130.76 , 127.91 , 2.849991
10.602 , 130.72 , 127.9 , 2.82
10.604 , 130.76 , 127.89 , 2.869995
10.605 , 130.72 , 127.89 , 2.830002
10.607 , 130.69 , 127.89 , 2.800003
10.609 , 130.72 , 127.88 , 2.840004
10.611 , 130.69 , 127.87 , 2.82
10.613 , 130.69 , 127.87 , 2.82
10.614 , 130.69 , 127.86 , 2.830002
10.616 , 130.69 , 127.86 , 2.830002
10.618 , 130.65 , 127.85 , 2.799995
10.62 , 130.65 , 127.85 , 2.799995
10.622 , 130.69 , 127.84 , 2.850006
10.624 , 130.65 , 127.83 , 2.819992
10.625 , 130.65 , 127.83 , 2.819992
10.627 , 130.62 , 127.83 , 2.789993
10.629 , 130.65 , 127.82 , 2.829994
10.631 , 130.62 , 127.81 , 2.809998
10.633 , 130.62 , 127.81 , 2.809998
10.635 , 130.62 , 127.8 , 2.819992
10.636 , 130.62 , 127.8 , 2.819992
10.638 , 130.62 , 127.79 , 2.829994
10.64 , 130.62 , 127.79 , 2.829994
10.642 , 130.62 , 127.78 , 2.839996
10.644 , 130.6 , 127.77 , 2.830009
10.646 , 130.6 , 127.77 , 2.830009
10.647 , 130.62 , 127.77 , 2.849998
10.649 , 130.62 , 127.76 , 2.859993
10.651 , 130.56 , 127.75 , 2.809998
10.653 , 130.56 , 127.75 , 2.809998
10.655 , 130.56 , 127.74 , 2.82
10.657 , 130.6 , 127.74 , 2.860008
10.659 , 130.56 , 127.73 , 2.829994
10.66 , 130.56 , 127.73 , 2.829994
10.662 , 130.56 , 127.72 , 2.839996
10.664 , 130.6 , 127.71 , 2.890007
10.666 , 130.6 , 127.71 , 2.890007
10.668 , 130.6 , 127.7 , 2.900009
10.669 , 130.56 , 127.7 , 2.860001
10.671 , 130.6 , 127.69 , 2.910004
10.673 , 130.56 , 127.69 , 2.869995
10.675 , 130.56 , 127.68 , 2.879997
10.677 , 130.56 , 127.68 , 2.879997
10.679 , 130.56 , 127.67 , 2.889999
10.68 , 130.56 , 127.67 , 2.889999
10.682 , 130.56 , 127.66 , 2.899994
10.684 , 130.56 , 127.65 , 2.909996
10.686 , 130.53 , 127.65 , 2.879997
10.688 , 130.53 , 127.64 , 2.889999
10.69 , 130.56 , 127.64 , 2.919998
10.692 , 130.53 , 127.63 , 2.900002
10.693 , 130.56 , 127.63 , 2.93
10.695 , 130.53 , 127.62 , 2.909996
10.697 , 130.56 , 127.62 , 2.939995
10.699 , 130.56 , 127.61 , 2.949997
10.701 , 130.53 , 127.6 , 2.93
10.703 , 130.53 , 127.6 , 2.93
10.704 , 130.53 , 127.6 , 2.93
10.706 , 130.56 , 127.59 , 2.970001
10.708 , 130.56 , 127.58 , 2.979996
10.71 , 130.6 , 127.58 , 3.020004
10.712 , 130.6 , 127.57 , 3.030006
10.713 , 130.6 , 127.57 , 3.030006
10.715 , 130.6 , 127.56 , 3.040009
10.717 , 130.65 , 127.56 , 3.089996
10.719 , 130.62 , 127.55 , 3.069992
10.721 , 130.65 , 127.54 , 3.109993
10.722 , 130.69 , 127.54 , 3.150002
10.724 , 130.69 , 127.54 , 3.150002
10.726 , 130.72 , 127.53 , 3.190002
10.728 , 130.72 , 127.52 , 3.200005
10.729 , 130.79 , 127.52 , 3.269997
10.731 , 130.76 , 127.51 , 3.249992
10.733 , 130.81 , 127.51 , 3.299995
10.735 , 130.81 , 127.5 , 3.309998
10.737 , 130.85 , 127.5 , 3.350006
10.739 , 130.88 , 127.49 , 3.390007
10.74 , 130.88 , 127.49 , 3.390007
10.742 , 130.88 , 127.48 , 3.400002
10.744 , 130.95 , 127.48 , 3.469994
10.746 , 130.92 , 127.47 , 3.449997
10.747 , 130.99 , 127.47 , 3.520004
10.749 , 130.99 , 127.46 , 3.530006
10.751 , 131.01 , 127.45 , 3.559998
10.753 , 131.01 , 127.45 , 3.559998
10.755 , 131.04 , 127.44 , 3.599991
10.757 , 131.11 , 127.44 , 3.669998
10.758 , 131.11 , 127.43 , 3.68
10.76 , 131.15 , 127.43 , 3.719994
10.762 , 131.17 , 127.42 , 3.75
10.764 , 131.2 , 127.42 , 3.779999
10.766 , 131.2 , 127.41 , 3.789993
10.767 , 131.2 , 127.41 , 3.789993
10.769 , 131.24 , 127.4 , 3.840004
10.771 , 131.24 , 127.39 , 3.850006
10.773 , 131.27 , 127.39 , 3.880005
10.775 , 131.27 , 127.38 , 3.890007
10.776 , 131.31 , 127.38 , 3.93
10.778 , 131.31 , 127.37 , 3.939995
10.78 , 131.33 , 127.37 , 3.959999
10.782 , 131.33 , 127.36 , 3.970001
10.784 , 131.33 , 127.36 , 3.970001
10.786 , 131.33 , 127.35 , 3.980003
10.787 , 131.36 , 127.35 , 4.010002
10.789 , 131.33 , 127.34 , 3.990005
10.791 , 131.33 , 127.33 , 4.0
10.793 , 131.33 , 127.33 , 4.0
10.794 , 131.36 , 127.33 , 4.029999
10.796 , 131.31 , 127.32 , 3.989998
10.798 , 131.33 , 127.31 , 4.020004
10.8 , 131.36 , 127.31 , 4.050003
10.802 , 131.33 , 127.3 , 4.029999
10.803 , 131.36 , 127.3 , 4.059998
10.805 , 131.33 , 127.29 , 4.040001
10.807 , 131.31 , 127.29 , 4.019997
10.809 , 131.33 , 127.28 , 4.050003
10.81 , 131.31 , 127.28 , 4.029999
10.812 , 131.27 , 127.27 , 4.000008
10.814 , 131.31 , 127.27 , 4.040001
10.816 , 131.27 , 127.26 , 4.010002
10.818 , 131.24 , 127.25 , 3.990005
10.819 , 131.2 , 127.25 , 3.949997
10.821 , 131.24 , 127.25 , 3.990005
10.823 , 131.2 , 127.24 , 3.959999
10.825 , 131.17 , 127.23 , 3.939995
10.827 , 131.15 , 127.23 , 3.919991
10.828 , 131.15 , 127.22 , 3.929993
10.83 , 131.11 , 127.22 , 3.889999
10.832 , 131.08 , 127.21 , 3.870003
10.834 , 131.11 , 127.21 , 3.900002
10.836 , 131.01 , 127.2 , 3.809998
10.837 , 131.01 , 127.2 , 3.809998
10.839 , 130.99 , 127.19 , 3.800003
10.841 , 130.95 , 127.19 , 3.759995
10.843 , 130.92 , 127.18 , 3.739998
10.845 , 130.88 , 127.17 , 3.710007
10.847 , 130.88 , 127.17 , 3.710007
10.848 , 130.85 , 127.16 , 3.690002
10.85 , 130.81 , 127.16 , 3.649994
10.852 , 130.79 , 127.15 , 3.639992
10.854 , 130.79 , 127.15 , 3.639992
10.856 , 130.72 , 127.14 , 3.580002
10.857 , 130.69 , 127.14 , 3.550003
10.859 , 130.65 , 127.13 , 3.519997
10.861 , 130.65 , 127.13 , 3.519997
10.863 , 130.62 , 127.12 , 3.499992
10.865 , 130.6 , 127.11 , 3.490005
10.866 , 130.6 , 127.11 , 3.490005
10.868 , 130.53 , 127.1 , 3.43
10.87 , 130.6 , 127.1 , 3.500008
10.872 , 130.53 , 127.09 , 3.440002
10.874 , 130.49 , 127.09 , 3.400009
10.875 , 130.46 , 127.08 , 3.380005
10.877 , 130.46 , 127.08 , 3.380005
10.879 , 130.42 , 127.07 , 3.349998
10.881 , 130.4 , 127.07 , 3.329994
10.883 , 130.37 , 127.06 , 3.309998
10.885 , 130.37 , 127.05 , 3.319992
10.886 , 130.33 , 127.05 , 3.279999
10.888 , 130.33 , 127.04 , 3.290001
10.89 , 130.3 , 127.04 , 3.260002
10.892 , 130.3 , 127.03 , 3.270004
10.894 , 130.33 , 127.03 , 3.300003
10.895 , 130.3 , 127.02 , 3.280006
10.897 , 130.3 , 127.02 , 3.280006
10.899 , 130.26 , 127.01 , 3.249992
10.901 , 130.26 , 127.01 , 3.249992
10.902 , 130.24 , 127.0 , 3.240005
10.904 , 130.24 , 127.0 , 3.240005
10.906 , 130.26 , 126.99 , 3.269997
10.908 , 130.24 , 126.99 , 3.250008
10.91 , 130.21 , 126.98 , 3.230003
10.911 , 130.17 , 126.98 , 3.189995
10.913 , 130.17 , 126.97 , 3.199997
10.915 , 130.21 , 126.96 , 3.250008
10.917 , 130.17 , 126.96 , 3.209999
10.919 , 130.17 , 126.95 , 3.220001
10.92 , 130.14 , 126.95 , 3.190002
10.922 , 130.1 , 126.94 , 3.160004
10.924 , 130.1 , 126.94 , 3.160004
10.926 , 130.1 , 126.93 , 3.170006
10.928 , 130.08 , 126.93 , 3.150002
10.929 , 130.08 , 126.92 , 3.160004
10.931 , 130.08 , 126.92 , 3.160004
10.933 , 130.1 , 126.91 , 3.190002
10.935 , 130.08 , 126.9 , 3.18
10.936 , 130.08 , 126.9 , 3.18
10.938 , 130.05 , 126.9 , 3.150002
10.94 , 130.01 , 126.89 , 3.119995
10.942 , 130.01 , 126.88 , 3.129997
10.944 , 129.98 , 126.88 , 3.099998
10.946 , 129.98 , 126.87 , 3.109993
10.947 , 130.01 , 126.87 , 3.139992
10.949 , 130.01 , 126.86 , 3.149994
10.951 , 130.01 , 126.86 , 3.149994
10.953 , 129.98 , 126.85 , 3.129997
10.955 , 129.94 , 126.84 , 3.100006
10.956 , 129.98 , 126.84 , 3.139999
10.958 , 129.98 , 126.84 , 3.139999
10.96 , 129.98 , 126.83 , 3.149994
10.962 , 129.94 , 126.82 , 3.120003
10.964 , 129.92 , 126.82 , 3.099998
10.966 , 129.92 , 126.81 , 3.110001
10.968 , 129.92 , 126.81 , 3.110001
10.969 , 129.87 , 126.8 , 3.069992
10.971 , 129.92 , 126.8 , 3.119995
10.973 , 129.85 , 126.79 , 3.060005
10.975 , 129.87 , 126.78 , 3.089996
10.977 , 129.87 , 126.78 , 3.089996
10.979 , 129.85 , 126.77 , 3.080009
10.98 , 129.87 , 126.77 , 3.099998
10.982 , 129.85 , 126.76 , 3.090004
10.984 , 129.85 , 126.76 , 3.090004
10.986 , 129.87 , 126.75 , 3.119995
10.988 , 129.85 , 126.75 , 3.100006
10.99 , 129.85 , 126.74 , 3.110008
10.991 , 129.85 , 126.74 , 3.110008
10.993 , 129.85 , 126.73 , 3.120003
10.995 , 129.85 , 126.72 , 3.130005
10.997 , 129.85 , 126.72 , 3.130005
10.998 , 129.82 , 126.72 , 3.100006
11.0 , 129.82 , 126.71 , 3.110008
11.002 , 129.85 , 126.7 , 3.150009
11.004 , 129.82 , 126.7 , 3.12001
11.006 , 129.82 , 126.69 , 3.130005
11.007 , 129.82 , 126.69 , 3.130005
11.009 , 129.85 , 126.68 , 3.170006
11.011 , 129.78 , 126.68 , 3.099998
11.013 , 129.82 , 126.67 , 3.150009
11.015 , 129.82 , 126.67 , 3.150009
11.016 , 129.78 , 126.66 , 3.119995
11.018 , 129.78 , 126.66 , 3.119995
11.02 , 129.78 , 126.65 , 3.129997
11.022 , 129.78 , 126.64 , 3.139999
11.024 , 129.82 , 126.64 , 3.180008
11.025 , 129.78 , 126.64 , 3.139999
11.027 , 129.78 , 126.63 , 3.150002
11.029 , 129.82 , 126.62 , 3.200005
11.031 , 129.76 , 126.62 , 3.139992
11.033 , 129.78 , 126.61 , 3.169998
11.035 , 129.76 , 126.61 , 3.149994
11.036 , 129.78 , 126.6 , 3.18
11.038 , 129.78 , 126.6 , 3.18
11.04 , 129.76 , 126.59 , 3.169998
11.042 , 129.76 , 126.58 , 3.179993
11.044 , 129.76 , 126.58 , 3.179993
11.046 , 129.76 , 126.57 , 3.189995
11.048 , 129.71 , 126.57 , 3.140007
11.049 , 129.69 , 126.56 , 3.130005
11.051 , 129.71 , 126.56 , 3.150009
11.053 , 129.71 , 126.55 , 3.160004
11.055 , 129.71 , 126.55 , 3.160004
11.056 , 129.69 , 126.54 , 3.150002
11.058 , 129.71 , 126.54 , 3.170006
11.06 , 129.71 , 126.53 , 3.180008
11.062 , 129.69 , 126.52 , 3.170006
11.063 , 129.69 , 126.52 , 3.170006
11.065 , 129.69 , 126.52 , 3.170006
11.067 , 129.69 , 126.51 , 3.18
11.069 , 129.62 , 126.5 , 3.119995
11.071 , 129.69 , 126.5 , 3.190002
11.072 , 129.66 , 126.49 , 3.170006
11.074 , 129.66 , 126.49 , 3.170006
11.076 , 129.62 , 126.48 , 3.139992
11.078 , 129.62 , 126.48 , 3.139992
11.08 , 129.59 , 126.47 , 3.119995
11.081 , 129.59 , 126.47 , 3.119995
11.083 , 129.59 , 126.46 , 3.129997
11.085 , 129.59 , 126.46 , 3.129997
11.087 , 129.55 , 126.45 , 3.100006
11.089 , 129.55 , 126.44 , 3.110001
11.091 , 129.59 , 126.44 , 3.149994
11.092 , 129.59 , 126.43 , 3.159996
11.094 , 129.53 , 126.43 , 3.099998
11.096 , 129.53 , 126.42 , 3.110001
11.098 , 129.55 , 126.42 , 3.130005
11.1 , 129.55 , 126.41 , 3.139999
11.101 , 129.53 , 126.41 , 3.119995
11.103 , 129.5 , 126.4 , 3.099998
11.105 , 129.46 , 126.4 , 3.060005
11.107 , 129.5 , 126.39 , 3.110001
11.109 , 129.5 , 126.38 , 3.120003
11.11 , 129.5 , 126.38 , 3.120003
11.112 , 129.46 , 126.38 , 3.080009
11.114 , 129.46 , 126.37 , 3.090004
11.116 , 129.46 , 126.36 , 3.100006
11.117 , 129.46 , 126.36 , 3.100006
11.119 , 129.39 , 126.35 , 3.040001
11.121 , 129.39 , 126.35 , 3.040001
11.123 , 129.46 , 126.34 , 3.12001
11.125 , 129.43 , 126.34 , 3.089996
11.126 , 129.43 , 126.33 , 3.099991
11.128 , 129.39 , 126.33 , 3.059998
11.13 , 129.43 , 126.32 , 3.109993
11.132 , 129.37 , 126.32 , 3.049995
11.134 , 129.32 , 126.31 , 3.01001
11.135 , 129.39 , 126.31 , 3.080002
11.137 , 129.32 , 126.3 , 3.020004
11.139 , 129.32 , 126.29 , 3.030006
11.141 , 129.37 , 126.29 , 3.079994
11.143 , 129.32 , 126.28 , 3.040009
11.144 , 129.3 , 126.28 , 3.020004
11.146 , 129.27 , 126.27 , 3.000008
11.148 , 129.27 , 126.27 , 3.000008
11.15 , 129.27 , 126.26 , 3.010002
11.151 , 129.27 , 126.26 , 3.010002
11.153 , 129.27 , 126.25 , 3.020004
11.155 , 129.3 , 126.25 , 3.050003
11.157 , 129.3 , 126.24 , 3.060005
11.158 , 129.27 , 126.24 , 3.030006
11.16 , 129.23 , 126.23 , 2.999992
11.162 , 129.23 , 126.23 , 2.999992
11.164 , 129.21 , 126.22 , 2.990005
11.166 , 129.27 , 126.21 , 3.060005
11.168 , 129.16 , 126.21 , 2.950005
11.169 , 129.21 , 126.2 , 3.01001
11.171 , 129.16 , 126.2 , 2.960007
11.173 , 129.21 , 126.19 , 3.020004
11.175 , 129.21 , 126.19 , 3.020004
11.176 , 129.21 , 126.18 , 3.030006
11.178 , 129.23 , 126.18 , 3.049995
11.18 , 129.23 , 126.17 , 3.059998
11.182 , 129.21 , 126.17 , 3.040009
11.183 , 129.21 , 126.16 , 3.050003
11.185 , 129.21 , 126.16 , 3.050003
11.187 , 129.14 , 126.15 , 2.989998
11.189 , 129.16 , 126.14 , 3.020004
11.191 , 129.16 , 126.14 , 3.020004
11.192 , 129.16 , 126.14 , 3.020004
11.194 , 129.16 , 126.13 , 3.030006
11.196 , 129.16 , 126.12 , 3.040001
11.198 , 129.14 , 126.12 , 3.019997
11.199 , 129.14 , 126.11 , 3.029999
11.201 , 129.16 , 126.11 , 3.050003
11.203 , 129.14 , 126.1 , 3.040001
11.205 , 129.14 , 126.1 , 3.040001
11.206 , 129.11 , 126.09 , 3.020004
11.208 , 129.16 , 126.09 , 3.070007
11.21 , 129.11 , 126.08 , 3.029999
11.212 , 129.11 , 126.08 , 3.029999
11.214 , 129.11 , 126.07 , 3.040001
11.215 , 129.11 , 126.07 , 3.040001
11.217 , 129.07 , 126.06 , 3.01001
11.219 , 129.11 , 126.06 , 3.050003
11.221 , 129.14 , 126.05 , 3.089996
11.222 , 129.14 , 126.05 , 3.089996
11.224 , 129.11 , 126.04 , 3.07
11.226 , 129.07 , 126.03 , 3.040009
11.228 , 129.07 , 126.03 , 3.040009
11.23 , 129.11 , 126.02 , 3.090004
11.231 , 129.11 , 126.02 , 3.090004
11.233 , 129.07 , 126.01 , 3.060005
11.235 , 129.07 , 126.01 , 3.060005
11.237 , 129.05 , 126.0 , 3.050003
11.238 , 129.05 , 126.0 , 3.050003
11.24 , 129.07 , 125.99 , 3.080009
11.242 , 129.05 , 125.99 , 3.060005
11.244 , 129.05 , 125.98 , 3.07
11.246 , 128.98 , 125.97 , 3.009995
11.247 , 129.05 , 125.97 , 3.080002
11.258 , 129.0 , 125.94 , 3.059998
11.259 , 128.98 , 125.94 , 3.039993
11.261 , 128.98 , 125.93 , 3.049995
11.263 , 128.98 , 125.92 , 3.059998
11.265 , 128.91 , 125.92 , 2.990005
11.267 , 128.93 , 125.91 , 3.019989
11.269 , 128.93 , 125.91 , 3.019989
11.27 , 128.98 , 125.9 , 3.079994
11.272 , 128.93 , 125.9 , 3.029991
11.274 , 128.93 , 125.89 , 3.039993
11.276 , 128.93 , 125.88 , 3.049995
11.278 , 128.93 , 125.88 , 3.049995
11.28 , 128.93 , 125.87 , 3.05999
11.281 , 128.91 , 125.87 , 3.040001
11.283 , 128.91 , 125.86 , 3.050003
11.285 , 128.82 , 125.86 , 2.960007
11.287 , 128.82 , 125.85 , 2.970009
11.289 , 128.86 , 125.85 , 3.010002
11.29 , 128.82 , 125.84 , 2.980011
11.292 , 128.82 , 125.84 , 2.980011
11.294 , 128.86 , 125.83 , 3.029999
11.296 , 128.82 , 125.82 , 3.000008
11.298 , 128.86 , 125.82 , 3.040001
11.3 , 128.86 , 125.81 , 3.050003
11.301 , 128.79 , 125.81 , 2.979996
11.303 , 128.79 , 125.8 , 2.98999
11.305 , 128.82 , 125.8 , 3.020004
11.307 , 128.82 , 125.79 , 3.030006
11.308 , 128.79 , 125.79 , 2.999992
11.31 , 128.79 , 125.78 , 3.009995
11.312 , 128.79 , 125.78 , 3.009995
11.314 , 128.79 , 125.77 , 3.019997
11.316 , 128.82 , 125.77 , 3.050011
11.318 , 128.75 , 125.76 , 2.989998
11.32 , 128.73 , 125.75 , 2.979996
11.321 , 128.75 , 125.75 , 3.0
11.323 , 128.75 , 125.74 , 3.010002
11.325 , 128.73 , 125.74 , 2.989998
11.327 , 128.73 , 125.73 , 2.999992
11.329 , 128.73 , 125.73 , 2.999992
11.331 , 128.73 , 125.72 , 3.009995
11.332 , 128.7 , 125.72 , 2.979996
11.334 , 128.75 , 125.71 , 3.040001
11.336 , 128.73 , 125.71 , 3.019997
11.338 , 128.7 , 125.7 , 3.0
11.34 , 128.7 , 125.69 , 3.009995
11.341 , 128.73 , 125.69 , 3.039993
11.343 , 128.7 , 125.68 , 3.019997
11.345 , 128.66 , 125.68 , 2.980003
11.347 , 128.73 , 125.67 , 3.059998
11.349 , 128.7 , 125.67 , 3.029999
11.351 , 128.7 , 125.66 , 3.039993
11.352 , 128.66 , 125.66 , 3.0
11.354 , 128.66 , 125.65 , 3.010002
11.356 , 128.66 , 125.65 , 3.010002
11.358 , 128.66 , 125.64 , 3.020004
11.359 , 128.66 , 125.64 , 3.020004
11.361 , 128.66 , 125.63 , 3.030006
11.363 , 128.66 , 125.62 , 3.040001
11.365 , 128.66 , 125.62 , 3.040001
11.367 , 128.63 , 125.61 , 3.020004
11.368 , 128.63 , 125.61 , 3.020004
11.37 , 128.63 , 125.6 , 3.030006
11.372 , 128.63 , 125.6 , 3.030006
11.374 , 128.63 , 125.59 , 3.040009
11.376 , 128.63 , 125.59 , 3.040009
11.377 , 128.59 , 125.58 , 3.009995
11.379 , 128.59 , 125.58 , 3.009995
11.381 , 128.59 , 125.57 , 3.019997
11.383 , 128.54 , 125.56 , 2.979996
11.385 , 128.59 , 125.56 , 3.029999
11.387 , 128.59 , 125.55 , 3.039993
11.388 , 128.59 , 125.55 , 3.039993
11.39 , 128.54 , 125.54 , 2.999992
11.392 , 128.54 , 125.54 , 2.999992
11.394 , 128.5 , 125.53 , 2.970001
11.396 , 128.5 , 125.53 , 2.970001
11.398 , 128.5 , 125.52 , 2.980003
11.399 , 128.47 , 125.52 , 2.950005
11.401 , 128.47 , 125.51 , 2.959999
11.403 , 128.5 , 125.51 , 2.989998
11.405 , 128.47 , 125.5 , 2.970001
11.406 , 128.47 , 125.5 , 2.970001
11.408 , 128.5 , 125.49 , 3.010002
11.41 , 128.47 , 125.48 , 2.989998
11.412 , 128.47 , 125.48 , 2.989998
11.414 , 128.43 , 125.47 , 2.959991
11.415 , 128.47 , 125.47 , 3.0
11.417 , 128.47 , 125.46 , 3.010002
11.419 , 128.43 , 125.46 , 2.969994
11.421 , 128.43 , 125.45 , 2.979996
11.423 , 128.4 , 125.45 , 2.949997
11.425 , 128.4 , 125.44 , 2.959991
11.427 , 128.36 , 125.43 , 2.93
11.428 , 128.4 , 125.43 , 2.969994
11.43 , 128.4 , 125.42 , 2.979996
11.432 , 128.4 , 125.42 , 2.979996
11.434 , 128.4 , 125.41 , 2.98999
11.436 , 128.36 , 125.41 , 2.949997
11.437 , 128.36 , 125.4 , 2.959999
11.439 , 128.34 , 125.4 , 2.939995
11.441 , 128.36 , 125.39 , 2.970001
11.443 , 128.36 , 125.39 , 2.970001
11.445 , 128.34 , 125.38 , 2.959999
11.446 , 128.34 , 125.38 , 2.959999
11.448 , 128.31 , 125.37 , 2.939995
11.45 , 128.31 , 125.36 , 2.949997
11.452 , 128.31 , 125.36 , 2.949997
11.454 , 128.31 , 125.35 , 2.959999
11.456 , 128.31 , 125.35 , 2.959999
11.458 , 128.31 , 125.34 , 2.970001
11.459 , 128.31 , 125.34 , 2.970001
11.461 , 128.31 , 125.33 , 2.979996
11.463 , 128.31 , 125.33 , 2.979996
11.465 , 128.27 , 125.32 , 2.950005
11.467 , 128.27 , 125.31 , 2.960007
11.468 , 128.24 , 125.31 , 2.930008
11.47 , 128.31 , 125.3 , 3.009995
11.472 , 128.24 , 125.3 , 2.940002
11.474 , 128.27 , 125.29 , 2.980003
11.476 , 128.24 , 125.29 , 2.950005
11.477 , 128.24 , 125.28 , 2.960007
11.479 , 128.24 , 125.28 , 2.960007
11.481 , 128.24 , 125.27 , 2.970009
11.483 , 128.2 , 125.27 , 2.93
11.485 , 128.2 , 125.26 , 2.939995
11.486 , 128.18 , 125.26 , 2.919991
11.488 , 128.18 , 125.25 , 2.929993
11.49 , 128.2 , 125.24 , 2.959999
11.492 , 128.2 , 125.24 , 2.959999
11.494 , 128.2 , 125.23 , 2.969994
11.496 , 128.18 , 125.23 , 2.949989
11.498 , 128.18 , 125.22 , 2.959991
11.499 , 128.18 , 125.22 , 2.959991
11.501 , 128.18 , 125.21 , 2.969994
11.503 , 128.15 , 125.21 , 2.939995
11.505 , 128.18 , 125.2 , 2.979996
11.507 , 128.15 , 125.19 , 2.959991
11.509 , 128.15 , 125.19 , 2.959991
11.511 , 128.15 , 125.18 , 2.969994
11.512 , 128.15 , 125.18 , 2.969994
11.514 , 128.15 , 125.17 , 2.979996
11.516 , 128.11 , 125.17 , 2.940002
11.518 , 128.15 , 125.16 , 2.98999
11.52 , 128.15 , 125.16 , 2.98999
11.521 , 128.15 , 125.15 , 2.999992
11.523 , 128.15 , 125.15 , 2.999992
11.525 , 128.15 , 125.14 , 3.009995
11.527 , 128.11 , 125.13 , 2.980003
11.529 , 128.11 , 125.13 , 2.980003
11.531 , 128.15 , 125.12 , 3.029991
11.532 , 128.15 , 125.12 , 3.029991
11.534 , 128.18 , 125.11 , 3.069992
11.536 , 128.18 , 125.11 , 3.069992
11.538 , 128.18 , 125.1 , 3.079994
11.54 , 128.18 , 125.1 , 3.079994
11.541 , 128.2 , 125.09 , 3.110001
11.543 , 128.2 , 125.09 , 3.110001
11.545 , 128.24 , 125.08 , 3.160004
11.547 , 128.27 , 125.07 , 3.200005
11.549 , 128.27 , 125.07 , 3.200005
11.55 , 128.31 , 125.07 , 3.239998
11.552 , 128.31 , 125.06 , 3.25
11.554 , 128.36 , 125.05 , 3.309998
11.556 , 128.36 , 125.05 , 3.309998
11.558 , 128.4 , 125.04 , 3.359993
11.559 , 128.4 , 125.04 , 3.359993
11.561 , 128.4 , 125.03 , 3.369995
11.563 , 128.43 , 125.03 , 3.399994
11.565 , 128.54 , 125.02 , 3.519997
11.567 , 128.5 , 125.01 , 3.489998
11.569 , 128.54 , 125.01 , 3.529991
11.571 , 128.54 , 125.0 , 3.539993
11.572 , 128.59 , 125.0 , 3.589996
11.574 , 128.63 , 124.99 , 3.640007
11.576 , 128.66 , 124.99 , 3.670006
11.578 , 128.7 , 124.98 , 3.719994
11.58 , 128.73 , 124.98 , 3.749992
11.582 , 128.75 , 124.97 , 3.779999
11.583 , 128.79 , 124.97 , 3.819992
11.585 , 128.79 , 124.96 , 3.829994
11.587 , 128.82 , 124.95 , 3.87001
11.589 , 128.86 , 124.95 , 3.910004
11.591 , 128.91 , 124.94 , 3.970001
11.592 , 128.86 , 124.94 , 3.919998
11.594 , 128.91 , 124.93 , 3.980003
11.596 , 128.91 , 124.93 , 3.980003
11.598 , 128.91 , 124.92 , 3.990005
11.6 , 128.98 , 124.92 , 4.059998
11.602 , 128.98 , 124.91 , 4.069992
11.603 , 128.98 , 124.91 , 4.069992
11.605 , 129.0 , 124.9 , 4.099998
11.607 , 129.0 , 124.9 , 4.099998
11.609 , 129.05 , 124.89 , 4.160004
11.611 , 129.0 , 124.88 , 4.120003
11.612 , 129.05 , 124.88 , 4.170006
11.614 , 129.07 , 124.87 , 4.200005
11.616 , 129.05 , 124.87 , 4.18
11.618 , 129.07 , 124.86 , 4.210007
11.619 , 129.07 , 124.86 , 4.210007
11.621 , 129.07 , 124.85 , 4.220009
11.623 , 129.07 , 124.85 , 4.220009
11.625 , 129.07 , 124.84 , 4.230011
11.627 , 129.05 , 124.84 , 4.210007
11.628 , 129.05 , 124.83 , 4.220001
11.63 , 129.05 , 124.83 , 4.220001
11.632 , 129.05 , 124.82 , 4.230003
11.634 , 129.07 , 124.81 , 4.26001
11.635 , 129.0 , 124.81 , 4.190002
11.637 , 129.05 , 124.81 , 4.240005
11.639 , 129.0 , 124.8 , 4.199997
11.641 , 128.98 , 124.79 , 4.189995
11.642 , 128.98 , 124.79 , 4.189995
11.644 , 128.98 , 124.78 , 4.199997
11.646 , 128.93 , 124.78 , 4.149994
11.648 , 128.91 , 124.77 , 4.140007
11.65 , 128.91 , 124.77 , 4.140007
11.652 , 128.86 , 124.76 , 4.099998
11.654 , 128.82 , 124.75 , 4.070007
11.655 , 128.79 , 124.75 , 4.039993
11.657 , 128.75 , 124.75 , 4.0
11.659 , 128.79 , 124.74 , 4.049995
11.661 , 128.73 , 124.73 , 3.999992
11.663 , 128.7 , 124.73 , 3.969994
11.664 , 128.7 , 124.72 , 3.979996
11.666 , 128.66 , 124.72 , 3.940002
11.668 , 128.63 , 124.71 , 3.920006
11.67 , 128.59 , 124.71 , 3.879997
11.672 , 128.56 , 124.7 , 3.860001
11.674 , 128.56 , 124.69 , 3.869995
11.675 , 128.5 , 124.69 , 3.809998
11.677 , 128.47 , 124.69 , 3.779999
11.679 , 128.47 , 124.68 , 3.790001
11.681 , 128.43 , 124.67 , 3.759995
11.683 , 128.4 , 124.67 , 3.729996
11.685 , 128.36 , 124.66 , 3.699997
11.687 , 128.34 , 124.66 , 3.679993
11.688 , 128.24 , 124.65 , 3.590004
11.69 , 128.24 , 124.65 , 3.590004
11.692 , 128.2 , 124.64 , 3.559998
11.694 , 128.15 , 124.63 , 3.519997
11.696 , 128.11 , 124.63 , 3.480003
11.697 , 128.11 , 124.63 , 3.480003
11.699 , 128.08 , 124.62 , 3.459999
11.701 , 128.04 , 124.61 , 3.429993
11.703 , 128.02 , 124.61 , 3.410004
11.705 , 128.02 , 124.6 , 3.420006
11.706 , 127.97 , 124.6 , 3.370003
11.708 , 127.95 , 124.59 , 3.360001
11.71 , 127.92 , 124.59 , 3.330002
11.712 , 127.95 , 124.58 , 3.369995
11.714 , 127.92 , 124.58 , 3.339996
11.715 , 127.92 , 124.57 , 3.349998
11.717 , 127.88 , 124.57 , 3.309998
11.719 , 127.86 , 124.56 , 3.300003
11.721 , 127.81 , 124.55 , 3.259995
11.723 , 127.81 , 124.55 , 3.259995
11.725 , 127.79 , 124.54 , 3.25
11.726 , 127.79 , 124.54 , 3.25
11.728 , 127.76 , 124.53 , 3.230003
11.73 , 127.79 , 124.53 , 3.260002
11.732 , 127.76 , 124.52 , 3.240005
11.734 , 127.76 , 124.52 , 3.240005
11.735 , 127.76 , 124.51 , 3.25
11.737 , 127.72 , 124.51 , 3.209999
11.739 , 127.76 , 124.5 , 3.260002
11.741 , 127.7 , 124.49 , 3.209999
11.743 , 127.72 , 124.49 , 3.230003
11.744 , 127.7 , 124.49 , 3.209999
11.746 , 127.7 , 124.48 , 3.219994
11.748 , 127.7 , 124.47 , 3.229996
11.75 , 127.65 , 124.47 , 3.18
11.752 , 127.65 , 124.46 , 3.190002
11.753 , 127.63 , 124.46 , 3.169998
11.755 , 127.65 , 124.45 , 3.200005
11.757 , 127.65 , 124.45 , 3.200005
11.759 , 127.6 , 124.44 , 3.159996
11.761 , 127.6 , 124.43 , 3.169998
11.763 , 127.56 , 124.43 , 3.129997
11.764 , 127.6 , 124.43 , 3.169998
11.766 , 127.53 , 124.42 , 3.110001
11.768 , 127.56 , 124.41 , 3.149994
11.77 , 127.53 , 124.41 , 3.119995
11.772 , 127.53 , 124.4 , 3.129997
11.773 , 127.53 , 124.4 , 3.129997
11.775 , 127.49 , 124.39 , 3.099998
11.777 , 127.47 , 124.39 , 3.080002
11.779 , 127.49 , 124.38 , 3.110001
11.781 , 127.47 , 124.37 , 3.099998
11.783 , 127.47 , 124.37 , 3.099998
11.784 , 127.47 , 124.37 , 3.099998
11.786 , 127.47 , 124.36 , 3.110001
11.788 , 127.47 , 124.35 , 3.120003
11.79 , 127.47 , 124.35 , 3.120003
11.792 , 127.42 , 124.34 , 3.080002
11.793 , 127.4 , 124.34 , 3.060005
11.795 , 127.47 , 124.33 , 3.139999
11.797 , 127.42 , 124.33 , 3.089996
11.799 , 127.42 , 124.32 , 3.099998
11.801 , 127.37 , 124.32 , 3.050003
11.803 , 127.4 , 124.31 , 3.090004
11.804 , 127.4 , 124.31 , 3.090004
11.806 , 127.4 , 124.3 , 3.099998
11.808 , 127.37 , 124.29 , 3.080002
11.81 , 127.4 , 124.29 , 3.110001
11.811 , 127.4 , 124.29 , 3.110001
11.813 , 127.37 , 124.28 , 3.090004
11.815 , 127.37 , 124.27 , 3.100006
11.817 , 127.37 , 124.27 , 3.100006
11.819 , 127.37 , 124.26 , 3.110001
11.82 , 127.33 , 124.26 , 3.07
11.822 , 127.37 , 124.25 , 3.120003
11.824 , 127.37 , 124.25 , 3.120003
11.826 , 127.37 , 124.24 , 3.130005
11.827 , 127.37 , 124.24 , 3.130005
11.829 , 127.37 , 124.23 , 3.139999
11.831 , 127.37 , 124.23 , 3.139999
11.833 , 127.33 , 124.22 , 3.110001
11.834 , 127.4 , 124.22 , 3.18
11.836 , 127.37 , 124.21 , 3.160004
11.838 , 127.37 , 124.2 , 3.170006
11.84 , 127.33 , 124.2 , 3.130005
11.841 , 127.33 , 124.2 , 3.130005
11.843 , 127.37 , 124.19 , 3.18
11.845 , 127.31 , 124.18 , 3.129997
11.847 , 127.33 , 124.18 , 3.150002
11.848 , 127.33 , 124.17 , 3.160004
11.85 , 127.31 , 124.17 , 3.139999
11.852 , 127.33 , 124.16 , 3.169998
11.854 , 127.31 , 124.16 , 3.149994
11.856 , 127.33 , 124.15 , 3.18
11.858 , 127.33 , 124.14 , 3.190002
11.859 , 127.31 , 124.14 , 3.169998
11.861 , 127.31 , 124.14 , 3.169998
11.863 , 127.31 , 124.13 , 3.18
11.865 , 127.31 , 124.12 , 3.189995
11.867 , 127.31 , 124.12 , 3.189995
11.869 , 127.24 , 124.11 , 3.129997
11.87 , 127.26 , 124.11 , 3.150002
11.872 , 127.24 , 124.1 , 3.139999
11.874 , 127.24 , 124.1 , 3.139999
11.876 , 127.26 , 124.09 , 3.170006
11.878 , 127.26 , 124.08 , 3.18
11.879 , 127.24 , 124.08 , 3.159996
11.881 , 127.21 , 124.08 , 3.129997
11.883 , 127.21 , 124.07 , 3.139999
11.885 , 127.21 , 124.06 , 3.150002
11.887 , 127.17 , 124.06 , 3.110001
11.889 , 127.21 , 124.05 , 3.159996
11.89 , 127.17 , 124.05 , 3.119995
11.892 , 127.17 , 124.04 , 3.129997
11.894 , 127.17 , 124.04 , 3.129997
11.896 , 127.15 , 124.03 , 3.120003
11.898 , 127.15 , 124.02 , 3.130005
11.899 , 127.17 , 124.02 , 3.150002
11.901 , 127.15 , 124.02 , 3.130005
11.903 , 127.1 , 124.01 , 3.089996
11.905 , 127.1 , 124.0 , 3.099998
11.907 , 127.15 , 124.0 , 3.150002
11.909 , 127.1 , 123.99 , 3.110001
11.91 , 127.1 , 123.99 , 3.110001
11.912 , 127.1 , 123.98 , 3.119995
11.914 , 127.08 , 123.98 , 3.099998
11.916 , 127.05 , 123.97 , 3.080002
11.918 , 127.08 , 123.97 , 3.110001
11.919 , 127.08 , 123.96 , 3.120003
11.921 , 127.08 , 123.96 , 3.120003
11.923 , 127.05 , 123.95 , 3.100006
11.925 , 127.05 , 123.94 , 3.110001
11.926 , 127.01 , 123.94 , 3.07
11.928 , 127.05 , 123.94 , 3.110001
11.93 , 127.01 , 123.93 , 3.080002
11.932 , 127.01 , 123.92 , 3.090004
11.934 , 126.99 , 123.92 , 3.07
11.935 , 126.99 , 123.91 , 3.079994
11.937 , 126.99 , 123.91 , 3.079994
11.939 , 126.99 , 123.9 , 3.089996
11.941 , 126.99 , 123.9 , 3.089996
11.943 , 126.94 , 123.89 , 3.050003
11.945 , 126.94 , 123.88 , 3.060005
11.946 , 126.94 , 123.88 , 3.060005
11.948 , 126.94 , 123.88 , 3.060005
11.95 , 126.92 , 123.87 , 3.049995
11.952 , 126.92 , 123.86 , 3.059998
11.954 , 126.92 , 123.86 , 3.059998
11.956 , 126.92 , 123.85 , 3.07
11.957 , 126.87 , 123.85 , 3.020004
11.959 , 126.87 , 123.84 , 3.030006
11.961 , 126.85 , 123.84 , 3.010002
11.963 , 126.87 , 123.83 , 3.040001
11.965 , 126.87 , 123.82 , 3.050003
11.966 , 126.83 , 123.82 , 3.010002
11.968 , 126.83 , 123.82 , 3.010002
11.97 , 126.83 , 123.81 , 3.020004
11.972 , 126.83 , 123.8 , 3.029999
11.974 , 126.83 , 123.8 , 3.029999
11.975 , 126.85 , 123.79 , 3.059998
11.977 , 126.78 , 123.79 , 2.989998
11.979 , 126.78 , 123.78 , 3.0
11.981 , 126.78 , 123.78 , 3.0
11.983 , 126.76 , 123.77 , 2.990005
11.985 , 126.78 , 123.76 , 3.019997
11.986 , 126.78 , 123.76 , 3.019997
11.988 , 126.78 , 123.76 , 3.019997
11.99 , 126.76 , 123.75 , 3.010002
11.992 , 126.76 , 123.74 , 3.020004
11.994 , 126.76 , 123.74 , 3.020004
11.995 , 126.71 , 123.73 , 2.979996
11.997 , 126.71 , 123.73 , 2.979996
11.999 , 126.71 , 123.72 , 2.989998
12.001 , 126.69 , 123.72 , 2.970001
12.003 , 126.71 , 123.71 , 3.0
12.005 , 126.69 , 123.71 , 2.980003
12.006 , 126.69 , 123.7 , 2.990005
12.008 , 126.69 , 123.7 , 2.990005
12.01 , 126.69 , 123.69 , 3.0
12.012 , 126.67 , 123.68 , 2.989998
12.014 , 126.67 , 123.68 , 2.989998
12.015 , 126.69 , 123.68 , 3.010002
12.017 , 126.69 , 123.67 , 3.020004
12.019 , 126.67 , 123.66 , 3.009995
12.021 , 126.62 , 123.66 , 2.959999
12.023 , 126.62 , 123.65 , 2.970001
12.024 , 126.62 , 123.65 , 2.970001
12.026 , 126.62 , 123.64 , 2.980003
12.028 , 126.62 , 123.64 , 2.980003
12.03 , 126.67 , 123.63 , 3.040001
12.032 , 126.62 , 123.62 , 3.0
12.033 , 126.6 , 123.62 , 2.979996
12.035 , 126.62 , 123.62 , 3.0
12.045 , 126.55 , 123.59 , 2.960007
12.047 , 126.55 , 123.58 , 2.970001
12.049 , 126.53 , 123.57 , 2.959999
12.051 , 126.55 , 123.57 , 2.980003
12.052 , 126.55 , 123.56 , 2.990005
12.054 , 126.53 , 123.56 , 2.970001
12.056 , 126.55 , 123.55 , 3.0
12.058 , 126.55 , 123.55 , 3.0
12.06 , 126.53 , 123.54 , 2.989998
12.061 , 126.53 , 123.54 , 2.989998
12.063 , 126.53 , 123.53 , 3.0
12.065 , 126.48 , 123.53 , 2.950005
12.067 , 126.53 , 123.52 , 3.010002
12.069 , 126.53 , 123.51 , 3.019997
12.07 , 126.48 , 123.51 , 2.970001
12.072 , 126.46 , 123.5 , 2.959999
12.074 , 126.48 , 123.5 , 2.980003
12.076 , 126.53 , 123.49 , 3.040001
12.078 , 126.46 , 123.49 , 2.970001
12.079 , 126.48 , 123.48 , 3.0
12.081 , 126.48 , 123.48 , 3.0
12.083 , 126.46 , 123.47 , 2.989998
12.085 , 126.46 , 123.47 , 2.989998
12.086 , 126.44 , 123.46 , 2.980003
12.088 , 126.44 , 123.46 , 2.980003
12.09 , 126.44 , 123.45 , 2.990005
12.092 , 126.44 , 123.44 , 3.0
12.094 , 126.44 , 123.44 , 3.0
12.095 , 126.44 , 123.44 , 3.0
12.097 , 126.44 , 123.43 , 3.010002
12.099 , 126.39 , 123.42 , 2.970001
12.101 , 126.44 , 123.42 , 3.020004
12.102 , 126.44 , 123.42 , 3.020004
12.104 , 126.44 , 123.41 , 3.029999
12.106 , 126.39 , 123.4 , 2.989998
12.108 , 126.39 , 123.4 , 2.989998
12.11 , 126.37 , 123.39 , 2.980003
12.111 , 126.39 , 123.39 , 3.0
12.113 , 126.37 , 123.38 , 2.990005
12.115 , 126.39 , 123.38 , 3.010002
12.117 , 126.37 , 123.37 , 3.0
12.119 , 126.37 , 123.36 , 3.010002
12.12 , 126.37 , 123.36 , 3.010002
12.122 , 126.37 , 123.36 , 3.010002
12.124 , 126.37 , 123.35 , 3.020004
12.126 , 126.32 , 123.34 , 2.980003
12.127 , 126.37 , 123.34 , 3.030006
12.129 , 126.32 , 123.33 , 2.989998
12.131 , 126.32 , 123.33 , 2.989998
12.133 , 126.32 , 123.32 , 3.0
12.135 , 126.28 , 123.32 , 2.959999
12.136 , 126.32 , 123.31 , 3.010002
12.138 , 126.28 , 123.31 , 2.970001
12.14 , 126.32 , 123.3 , 3.019997
12.142 , 126.3 , 123.3 , 3.0
12.144 , 126.28 , 123.29 , 2.989998
12.145 , 126.28 , 123.29 , 2.989998
12.147 , 126.28 , 123.28 , 3.0
12.149 , 126.28 , 123.27 , 3.010002
12.151 , 126.3 , 123.27 , 3.030006
12.153 , 126.28 , 123.26 , 3.019997
12.154 , 126.23 , 123.26 , 2.970001
12.156 , 126.3 , 123.25 , 3.050003
12.158 , 126.23 , 123.25 , 2.980003
12.16 , 126.23 , 123.24 , 2.990005
12.161 , 126.21 , 123.24 , 2.970001
12.163 , 126.21 , 123.23 , 2.979996
12.165 , 126.21 , 123.23 , 2.979996
12.167 , 126.21 , 123.22 , 2.989998
12.169 , 126.21 , 123.21 , 3.0
12.17 , 126.16 , 123.21 , 2.950005
12.172 , 126.16 , 123.21 , 2.950005
12.174 , 126.16 , 123.2 , 2.960007
12.176 , 126.16 , 123.19 , 2.970001
12.178 , 126.16 , 123.19 , 2.970001
12.179 , 126.14 , 123.18 , 2.959999
12.181 , 126.14 , 123.18 , 2.959999
12.183 , 126.16 , 123.17 , 2.990005
12.185 , 126.14 , 123.17 , 2.970001
12.187 , 126.12 , 123.16 , 2.959999
12.188 , 126.14 , 123.16 , 2.979996
12.19 , 126.07 , 123.15 , 2.919998
12.192 , 126.12 , 123.15 , 2.970001
12.194 , 126.12 , 123.14 , 2.980003
12.196 , 126.05 , 123.13 , 2.920006
12.197 , 126.12 , 123.13 , 2.990005
12.199 , 126.12 , 123.12 , 3.0
12.201 , 126.07 , 123.12 , 2.949997
12.203 , 126.05 , 123.11 , 2.940002
12.204 , 126.07 , 123.11 , 2.959999
12.206 , 126.05 , 123.1 , 2.950005
12.208 , 126.07 , 123.1 , 2.970001
12.21 , 125.98 , 123.09 , 2.890007
12.211 , 125.98 , 123.09 , 2.890007
12.213 , 125.98 , 123.08 , 2.900002
12.215 , 125.93 , 123.08 , 2.849998
12.217 , 125.93 , 123.07 , 2.860001
12.218 , 125.93 , 123.07 , 2.860001
12.22 , 125.91 , 123.06 , 2.850006
12.222 , 125.93 , 123.06 , 2.870003
12.224 , 125.91 , 123.05 , 2.860001
12.226 , 125.93 , 123.04 , 2.889999
12.227 , 125.93 , 123.04 , 2.889999
12.229 , 125.91 , 123.04 , 2.870003
12.231 , 125.91 , 123.03 , 2.880005
12.233 , 125.91 , 123.02 , 2.890007
12.234 , 125.91 , 123.02 , 2.890007
12.236 , 125.91 , 123.01 , 2.900002
12.238 , 125.89 , 123.01 , 2.879997
12.24 , 125.84 , 123.0 , 2.839996
12.242 , 125.89 , 123.0 , 2.889999
12.243 , 125.84 , 122.99 , 2.849998
12.245 , 125.84 , 122.99 , 2.849998
12.247 , 125.84 , 122.98 , 2.859993
12.249 , 125.84 , 122.98 , 2.859993
12.251 , 125.84 , 122.97 , 2.869995
12.253 , 125.84 , 122.96 , 2.879997
12.255 , 125.84 , 122.96 , 2.879997
12.257 , 125.82 , 122.95 , 2.870003
12.258 , 125.82 , 122.95 , 2.870003
12.26 , 125.82 , 122.94 , 2.879997
12.262 , 125.77 , 122.94 , 2.829994
12.264 , 125.82 , 122.93 , 2.889999
12.266 , 125.75 , 122.92 , 2.830002
12.267 , 125.77 , 122.92 , 2.849998
12.269 , 125.77 , 122.92 , 2.849998
12.271 , 125.75 , 122.91 , 2.839996
12.273 , 125.77 , 122.9 , 2.869995
12.275 , 125.77 , 122.9 , 2.869995
12.277 , 125.75 , 122.89 , 2.860001
12.279 , 125.75 , 122.89 , 2.860001
12.28 , 125.75 , 122.88 , 2.870003
12.282 , 125.68 , 122.88 , 2.800003
12.284 , 125.75 , 122.87 , 2.879997
12.286 , 125.73 , 122.86 , 2.870003
12.287 , 125.73 , 122.86 , 2.870003
12.289 , 125.75 , 122.86 , 2.889999
12.291 , 125.66 , 122.85 , 2.810005
12.293 , 125.73 , 122.84 , 2.890007
12.295 , 125.73 , 122.84 , 2.890007
12.296 , 125.68 , 122.83 , 2.849998
12.298 , 125.68 , 122.83 , 2.849998
12.3 , 125.73 , 122.82 , 2.910004
12.302 , 125.73 , 122.82 , 2.910004
12.304 , 125.68 , 122.81 , 2.870003
12.305 , 125.68 , 122.81 , 2.870003
12.307 , 125.68 , 122.8 , 2.879997
12.309 , 125.66 , 122.8 , 2.860001
12.311 , 125.66 , 122.79 , 2.870003
12.312 , 125.66 , 122.79 , 2.870003
12.314 , 125.73 , 122.78 , 2.950005
12.316 , 125.66 , 122.78 , 2.880005
12.318 , 125.66 , 122.77 , 2.890007
12.32 , 125.66 , 122.76 , 2.900002
12.321 , 125.66 , 122.76 , 2.900002
12.323 , 125.66 , 122.75 , 2.910004
12.325 , 125.61 , 122.75 , 2.860001
12.327 , 125.66 , 122.74 , 2.920006
12.329 , 125.66 , 122.74 , 2.920006
12.33 , 125.66 , 122.73 , 2.93
12.332 , 125.61 , 122.73 , 2.879997
12.334 , 125.66 , 122.72 , 2.940002
12.336 , 125.66 , 122.72 , 2.940002
12.337 , 125.61 , 122.71 , 2.900002
12.339 , 125.61 , 122.71 , 2.900002
12.341 , 125.61 , 122.7 , 2.910004
12.343 , 125.61 , 122.69 , 2.919998
12.345 , 125.61 , 122.69 , 2.919998
12.346 , 125.61 , 122.69 , 2.919998
12.348 , 125.61 , 122.68 , 2.93
12.35 , 125.59 , 122.67 , 2.919998
12.352 , 125.59 , 122.67 , 2.919998
12.354 , 125.57 , 122.66 , 2.909996
12.355 , 125.61 , 122.66 , 2.949997
12.357 , 125.61 , 122.65 , 2.959999
12.359 , 125.61 , 122.65 , 2.959999
12.361 , 125.61 , 122.64 , 2.970001
12.363 , 125.61 , 122.63 , 2.980003
12.364 , 125.66 , 122.63 , 3.030006
12.366 , 125.61 , 122.63 , 2.980003
12.368 , 125.66 , 122.62 , 3.040001
12.37 , 125.68 , 122.61 , 3.07
12.371 , 125.66 , 122.61 , 3.050003
12.373 , 125.68 , 122.6 , 3.080002
12.375 , 125.73 , 122.6 , 3.130005
12.377 , 125.68 , 122.59 , 3.090004
12.379 , 125.68 , 122.59 , 3.090004
12.38 , 125.75 , 122.58 , 3.169998
12.382 , 125.75 , 122.58 , 3.169998
12.384 , 125.77 , 122.57 , 3.199997
12.386 , 125.82 , 122.57 , 3.25
12.388 , 125.82 , 122.56 , 3.260002
12.39 , 125.84 , 122.55 , 3.289993
12.391 , 125.84 , 122.55 , 3.289993
12.393 , 125.89 , 122.54 , 3.349998
12.395 , 125.91 , 122.54 , 3.370003
12.397 , 125.93 , 122.53 , 3.400002
12.399 , 125.93 , 122.53 , 3.400002
12.4 , 125.98 , 122.52 , 3.460007
12.402 , 126.0 , 122.52 , 3.480003
12.404 , 126.05 , 122.51 , 3.540001
12.406 , 126.12 , 122.51 , 3.610001
12.407 , 126.12 , 122.5 , 3.620003
12.409 , 126.07 , 122.5 , 3.57
12.411 , 126.14 , 122.49 , 3.650002
12.413 , 126.21 , 122.49 , 3.720001
12.415 , 126.21 , 122.48 , 3.729996
12.416 , 126.23 , 122.48 , 3.75
12.418 , 126.28 , 122.47 , 3.809998
12.42 , 126.32 , 122.46 , 3.860001
12.422 , 126.32 , 122.46 , 3.860001
12.424 , 126.32 , 122.45 , 3.870003
12.425 , 126.37 , 122.45 , 3.920006
12.427 , 126.39 , 122.44 , 3.949997
12.429 , 126.44 , 122.44 , 4.0
12.431 , 126.39 , 122.43 , 3.959999
12.433 , 126.44 , 122.43 , 4.010002
12.434 , 126.46 , 122.42 , 4.040001
12.436 , 126.46 , 122.42 , 4.040001
12.438 , 126.48 , 122.41 , 4.07
12.44 , 126.53 , 122.4 , 4.129997
12.442 , 126.53 , 122.4 , 4.129997
12.443 , 126.53 , 122.4 , 4.129997
12.445 , 126.53 , 122.39 , 4.139999
12.447 , 126.55 , 122.38 , 4.170006
12.449 , 126.53 , 122.38 , 4.150002
12.451 , 126.55 , 122.37 , 4.18
12.453 , 126.55 , 122.37 , 4.18
12.454 , 126.6 , 122.36 , 4.239998
12.456 , 126.55 , 122.36 , 4.190002
12.458 , 126.6 , 122.35 , 4.25
12.46 , 126.6 , 122.34 , 4.260002
12.461 , 126.55 , 122.34 , 4.210007
12.463 , 126.6 , 122.34 , 4.260002
12.465 , 126.6 , 122.33 , 4.269997
12.467 , 126.6 , 122.32 , 4.279999
12.469 , 126.55 , 122.32 , 4.230003
12.47 , 126.55 , 122.31 , 4.240005
12.472 , 126.55 , 122.31 , 4.240005
12.474 , 126.53 , 122.3 , 4.229996
12.476 , 126.53 , 122.3 , 4.229996
12.478 , 126.53 , 122.29 , 4.239998
12.48 , 126.53 , 122.28 , 4.25
12.481 , 126.48 , 122.28 , 4.200005
12.483 , 126.46 , 122.28 , 4.18
12.485 , 126.53 , 122.27 , 4.260002
12.487 , 126.44 , 122.26 , 4.18
12.489 , 126.44 , 122.26 , 4.18
12.49 , 126.39 , 122.25 , 4.139999
12.492 , 126.39 , 122.25 , 4.139999
12.494 , 126.32 , 122.24 , 4.080002
12.496 , 126.37 , 122.24 , 4.130005
12.498 , 126.32 , 122.23 , 4.089996
12.499 , 126.28 , 122.23 , 4.049995
12.501 , 126.23 , 122.22 , 4.010002
12.503 , 126.28 , 122.22 , 4.059998
12.505 , 126.28 , 122.21 , 4.07
12.507 , 126.21 , 122.2 , 4.010002
12.508 , 126.16 , 122.2 , 3.960007
12.51 , 126.14 , 122.2 , 3.940002
12.512 , 126.07 , 122.19 , 3.879997
12.514 , 126.07 , 122.18 , 3.889999
12.516 , 126.07 , 122.18 , 3.889999
12.517 , 126.05 , 122.17 , 3.880005
12.519 , 125.98 , 122.17 , 3.810005
12.521 , 125.93 , 122.16 , 3.769997
12.523 , 125.91 , 122.16 , 3.75
12.525 , 125.89 , 122.15 , 3.739998
12.527 , 125.89 , 122.14 , 3.75
12.528 , 125.84 , 122.14 , 3.699997
12.53 , 125.77 , 122.14 , 3.629997
12.532 , 125.77 , 122.13 , 3.639999
12.534 , 125.75 , 122.12 , 3.629997
12.536 , 125.73 , 122.12 , 3.610001
12.537 , 125.68 , 122.11 , 3.57
12.539 , 125.73 , 122.11 , 3.620003
12.541 , 125.66 , 122.1 , 3.560005
12.543 , 125.61 , 122.1 , 3.510002
12.545 , 125.59 , 122.09 , 3.5
12.546 , 125.57 , 122.09 , 3.480003
12.548 , 125.57 , 122.08 , 3.489998
12.55 , 125.47 , 122.08 , 3.389999
12.552 , 125.47 , 122.07 , 3.400002
12.554 , 125.47 , 122.06 , 3.410004
12.555 , 125.43 , 122.06 , 3.370003
12.557 , 125.47 , 122.05 , 3.419998
12.559 , 125.43 , 122.05 , 3.379997
12.561 , 125.41 , 122.04 , 3.370003
12.562 , 125.41 , 122.04 , 3.370003
12.564 , 125.36 , 122.03 , 3.330002
12.566 , 125.34 , 122.03 , 3.309998
12.568 , 125.34 , 122.02 , 3.32
12.57 , 125.31 , 122.02 , 3.290001
12.572 , 125.34 , 122.01 , 3.329994
12.573 , 125.25 , 122.01 , 3.239998
12.575 , 125.27 , 122.0 , 3.269997
12.577 , 125.27 , 121.99 , 3.279999
12.579 , 125.25 , 121.99 , 3.260002
12.581 , 125.25 , 121.98 , 3.269997
12.583 , 125.2 , 121.98 , 3.219994
12.584 , 125.25 , 121.97 , 3.279999
12.586 , 125.25 , 121.97 , 3.279999
12.588 , 125.18 , 121.96 , 3.220001
12.59 , 125.18 , 121.96 , 3.220001
12.592 , 125.15 , 121.95 , 3.200005
12.593 , 125.15 , 121.95 , 3.200005
12.595 , 125.11 , 121.94 , 3.169998
12.597 , 125.15 , 121.93 , 3.220001
12.599 , 125.11 , 121.93 , 3.18
12.6 , 125.11 , 121.93 , 3.18
12.602 , 125.11 , 121.92 , 3.190002
12.604 , 125.04 , 121.91 , 3.129997
12.606 , 125.09 , 121.91 , 3.179993
12.607 , 125.02 , 121.91 , 3.109993
12.609 , 125.02 , 121.9 , 3.119995
12.611 , 125.02 , 121.89 , 3.129997
12.613 , 124.97 , 121.89 , 3.080002
12.615 , 124.97 , 121.88 , 3.090004
12.616 , 124.97 , 121.88 , 3.090004
12.618 , 124.97 , 121.87 , 3.099998
12.62 , 124.97 , 121.87 , 3.099998
12.622 , 124.95 , 121.86 , 3.089996
12.624 , 124.95 , 121.85 , 3.099998
12.626 , 124.95 , 121.85 , 3.099998
12.627 , 124.93 , 121.85 , 3.080002
12.629 , 124.95 , 121.84 , 3.110001
12.631 , 124.93 , 121.83 , 3.099998
12.633 , 124.93 , 121.83 , 3.099998
12.635 , 124.93 , 121.82 , 3.110001
12.636 , 124.86 , 121.82 , 3.040001
12.638 , 124.86 , 121.81 , 3.050003
12.64 , 124.86 , 121.81 , 3.050003
12.642 , 124.86 , 121.8 , 3.059998
12.644 , 124.86 , 121.79 , 3.07
12.645 , 124.81 , 121.79 , 3.019997
12.647 , 124.79 , 121.79 , 3.0
12.649 , 124.93 , 121.78 , 3.150002
12.651 , 124.81 , 121.77 , 3.040001
12.652 , 124.81 , 121.77 , 3.040001
12.654 , 124.81 , 121.76 , 3.049995
12.656 , 124.81 , 121.76 , 3.049995
12.658 , 124.81 , 121.75 , 3.059998
12.66 , 124.79 , 121.75 , 3.040001
12.662 , 124.81 , 121.74 , 3.07
12.663 , 124.81 , 121.74 , 3.07
12.665 , 124.81 , 121.73 , 3.079994
12.667 , 124.81 , 121.73 , 3.079994
12.669 , 124.79 , 121.72 , 3.07
12.671 , 124.79 , 121.71 , 3.080002
12.673 , 124.81 , 121.71 , 3.099998
12.675 , 124.79 , 121.7 , 3.090004
12.676 , 124.81 , 121.7 , 3.110001
12.678 , 124.79 , 121.69 , 3.099998
12.68 , 124.81 , 121.69 , 3.119995
12.682 , 124.79 , 121.68 , 3.110001
12.684 , 124.77 , 121.67 , 3.099998
12.686 , 124.79 , 121.67 , 3.120003
12.687 , 124.79 , 121.67 , 3.120003
12.689 , 124.79 , 121.66 , 3.129997
12.691 , 124.79 , 121.65 , 3.139999
12.693 , 124.79 , 121.65 , 3.139999
12.695 , 124.79 , 121.64 , 3.150002
12.696 , 124.77 , 121.64 , 3.129997
12.698 , 124.79 , 121.63 , 3.160004
12.7 , 124.79 , 121.63 , 3.160004
12.702 , 124.79 , 121.62 , 3.169998
12.704 , 124.72 , 121.62 , 3.099998
12.706 , 124.77 , 121.61 , 3.159996
12.707 , 124.72 , 121.61 , 3.110001
12.709 , 124.77 , 121.6 , 3.169998
12.711 , 124.72 , 121.59 , 3.130005
12.713 , 124.72 , 121.59 , 3.130005
12.714 , 124.72 , 121.59 , 3.130005
12.716 , 124.72 , 121.58 , 3.139999
12.718 , 124.72 , 121.57 , 3.150002
12.72 , 124.7 , 121.57 , 3.129997
12.722 , 124.7 , 121.56 , 3.139999
12.724 , 124.7 , 121.56 , 3.139999
12.725 , 124.77 , 121.55 , 3.219994
12.727 , 124.77 , 121.55 , 3.219994
12.729 , 124.72 , 121.54 , 3.18
12.731 , 124.77 , 121.53 , 3.239998
12.733 , 124.77 , 121.53 , 3.239998
12.735 , 124.72 , 121.52 , 3.200005
12.736 , 124.77 , 121.52 , 3.25
12.738 , 124.7 , 121.51 , 3.189995
12.74 , 124.7 , 121.51 , 3.189995
12.742 , 124.7 , 121.5 , 3.199997
12.744 , 124.7 , 121.5 , 3.199997
12.746 , 124.65 , 121.49 , 3.160004
12.747 , 124.65 , 121.49 , 3.160004
12.749 , 124.65 , 121.48 , 3.169998
12.751 , 124.7 , 121.47 , 3.229996
12.753 , 124.65 , 121.47 , 3.18
12.755 , 124.63 , 121.46 , 3.169998
12.756 , 124.63 , 121.46 , 3.169998
12.758 , 124.63 , 121.45 , 3.18
12.76 , 124.61 , 121.45 , 3.160004
12.762 , 124.61 , 121.44 , 3.169998
12.764 , 124.56 , 121.44 , 3.119995
12.765 , 124.56 , 121.43 , 3.129997
12.767 , 124.49 , 121.43 , 3.059998
12.769 , 124.56 , 121.42 , 3.139999
12.771 , 124.56 , 121.41 , 3.149994
12.773 , 124.49 , 121.41 , 3.079994
12.775 , 124.49 , 121.4 , 3.089996
12.776 , 124.47 , 121.4 , 3.07
12.778 , 124.49 , 121.39 , 3.099998
12.78 , 124.49 , 121.39 , 3.099998
12.782 , 124.47 , 121.38 , 3.090004
12.784 , 124.47 , 121.38 , 3.090004
12.786 , 124.47 , 121.37 , 3.099998
12.787 , 124.47 , 121.37 , 3.099998
12.789 , 124.47 , 121.36 , 3.110001
12.791 , 124.42 , 121.35 , 3.07
12.793 , 124.42 , 121.35 , 3.07
12.795 , 124.4 , 121.34 , 3.060005
12.796 , 124.4 , 121.34 , 3.060005
12.798 , 124.4 , 121.33 , 3.07
12.8 , 124.4 , 121.33 , 3.07
12.802 , 124.38 , 121.32 , 3.059998
12.804 , 124.38 , 121.32 , 3.059998
12.805 , 124.38 , 121.31 , 3.07
12.807 , 124.33 , 121.31 , 3.020004
12.809 , 124.33 , 121.3 , 3.029999
12.811 , 124.33 , 121.3 , 3.029999
12.813 , 124.33 , 121.29 , 3.040001
12.814 , 124.33 , 121.29 , 3.040001
12.816 , 124.31 , 121.28 , 3.029999
12.818 , 124.31 , 121.27 , 3.040001
12.82 , 124.31 , 121.27 , 3.040001
12.83 , 124.24 , 121.24 , 3.0
12.832 , 124.24 , 121.23 , 3.009995
12.834 , 124.24 , 121.23 , 3.009995
12.835 , 124.22 , 121.22 , 3.0
12.837 , 124.17 , 121.22 , 2.949997
12.839 , 124.17 , 121.21 , 2.959999
12.841 , 124.22 , 121.21 , 3.010002
12.843 , 124.17 , 121.2 , 2.970001
12.844 , 124.15 , 121.2 , 2.950005
12.846 , 124.15 , 121.19 , 2.959999
12.848 , 124.15 , 121.18 , 2.970001
12.85 , 124.15 , 121.18 , 2.970001
12.851 , 124.15 , 121.18 , 2.970001
12.853 , 124.15 , 121.17 , 2.980003
12.855 , 124.1 , 121.16 , 2.939995
12.857 , 124.15 , 121.16 , 2.989998
12.859 , 124.15 , 121.15 , 3.0
12.86 , 124.08 , 121.15 , 2.93
12.862 , 124.1 , 121.14 , 2.959999
12.864 , 124.1 , 121.14 , 2.959999
12.866 , 124.1 , 121.13 , 2.970001
12.868 , 124.08 , 121.12 , 2.959999
12.869 , 124.08 , 121.12 , 2.959999
12.871 , 124.01 , 121.12 , 2.889999
12.873 , 124.08 , 121.11 , 2.970001
12.875 , 124.08 , 121.1 , 2.980003
12.876 , 124.03 , 121.1 , 2.93
12.878 , 124.03 , 121.09 , 2.940002
12.88 , 124.03 , 121.09 , 2.940002
12.882 , 124.03 , 121.08 , 2.949997
12.884 , 124.03 , 121.08 , 2.949997
12.886 , 124.01 , 121.07 , 2.940002
12.887 , 124.01 , 121.07 , 2.940002
12.889 , 124.01 , 121.06 , 2.950005
12.891 , 123.99 , 121.06 , 2.93
12.893 , 123.99 , 121.05 , 2.939995
12.895 , 124.01 , 121.04 , 2.970001
12.897 , 123.99 , 121.04 , 2.949997
12.898 , 123.99 , 121.03 , 2.959999
12.9 , 123.99 , 121.03 , 2.959999
12.902 , 123.99 , 121.02 , 2.970001
12.904 , 123.94 , 121.02 , 2.920006
12.906 , 123.94 , 121.01 , 2.93
12.907 , 123.94 , 121.01 , 2.93
12.909 , 123.94 , 121.0 , 2.940002
12.911 , 123.94 , 121.0 , 2.940002
12.913 , 123.94 , 120.99 , 2.950005
12.914 , 123.94 , 120.99 , 2.950005
12.916 , 123.94 , 120.98 , 2.959999
12.918 , 123.94 , 120.98 , 2.959999
12.92 , 123.87 , 120.97 , 2.900002
12.922 , 123.92 , 120.96 , 2.959999
12.923 , 123.92 , 120.96 , 2.959999
12.925 , 123.87 , 120.95 , 2.920006
12.927 , 123.87 , 120.95 , 2.920006
12.929 , 123.92 , 120.94 , 2.979996
12.931 , 123.85 , 120.94 , 2.909996
12.933 , 123.87 , 120.93 , 2.940002
12.934 , 123.85 , 120.93 , 2.919998
12.936 , 123.87 , 120.92 , 2.950005
12.938 , 123.83 , 120.92 , 2.910004
12.94 , 123.83 , 120.91 , 2.919998
12.942 , 123.87 , 120.9 , 2.970001
12.943 , 123.85 , 120.9 , 2.949997
12.945 , 123.85 , 120.89 , 2.959999
12.947 , 123.85 , 120.89 , 2.959999
12.949 , 123.85 , 120.88 , 2.970001
12.951 , 123.85 , 120.88 , 2.970001
12.953 , 123.83 , 120.87 , 2.959999
12.955 , 123.85 , 120.86 , 2.989998
12.956 , 123.83 , 120.86 , 2.970001
12.958 , 123.78 , 120.86 , 2.919998
12.96 , 123.78 , 120.85 , 2.93
12.962 , 123.83 , 120.84 , 2.990005
12.964 , 123.83 , 120.84 , 2.990005
12.965 , 123.78 , 120.83 , 2.949997
12.967 , 123.78 , 120.83 , 2.949997
12.969 , 123.83 , 120.82 , 3.010002
12.971 , 123.71 , 120.82 , 2.889999
12.973 , 123.71 , 120.81 , 2.900002
12.975 , 123.71 , 120.8 , 2.909996
12.976 , 123.76 , 120.8 , 2.959999
12.978 , 123.78 , 120.8 , 2.979996
12.98 , 123.76 , 120.79 , 2.970001
12.982 , 123.76 , 120.78 , 2.980003
12.984 , 123.76 , 120.78 , 2.980003
12.985 , 123.71 , 120.77 , 2.940002
12.987 , 123.76 , 120.77 , 2.990005
12.989 , 123.71 , 120.76 , 2.949997
12.991 , 123.69 , 120.76 , 2.93
12.993 , 123.71 , 120.75 , 2.959999
12.995 , 123.69 , 120.74 , 2.950005
12.996 , 123.69 , 120.74 , 2.950005
12.998 , 123.69 , 120.74 , 2.950005
13.0 , 123.69 , 120.73 , 2.959999
13.002 , 123.69 , 120.72 , 2.970001
13.004 , 123.69 , 120.72 , 2.970001
13.005 , 123.67 , 120.72 , 2.949997
13.007 , 123.67 , 120.71 , 2.959999
13.009 , 123.67 , 120.7 , 2.970001
13.011 , 123.62 , 120.7 , 2.920006
13.013 , 123.62 , 120.69 , 2.93
13.014 , 123.62 , 120.69 , 2.93
13.016 , 123.67 , 120.68 , 2.989998
13.018 , 123.67 , 120.68 , 2.989998
13.02 , 123.62 , 120.67 , 2.950005
13.022 , 123.6 , 120.66 , 2.939995
13.023 , 123.6 , 120.66 , 2.939995
13.025 , 123.55 , 120.66 , 2.889999
13.027 , 123.6 , 120.65 , 2.949997
13.029 , 123.6 , 120.64 , 2.959999
13.031 , 123.6 , 120.64 , 2.959999
13.033 , 123.6 , 120.63 , 2.970001
13.034 , 123.55 , 120.63 , 2.920006
13.036 , 123.6 , 120.62 , 2.979996
13.038 , 123.55 , 120.62 , 2.93
13.04 , 123.53 , 120.61 , 2.919998
13.042 , 123.6 , 120.6 , 3.0
13.043 , 123.55 , 120.6 , 2.950005
13.045 , 123.55 , 120.6 , 2.950005
13.047 , 123.53 , 120.59 , 2.940002
13.049 , 123.53 , 120.58 , 2.949997
13.051 , 123.53 , 120.58 , 2.949997
13.053 , 123.53 , 120.57 , 2.959999
13.054 , 123.53 , 120.57 , 2.959999
13.056 , 123.48 , 120.56 , 2.920006
13.058 , 123.48 , 120.56 , 2.920006
13.06 , 123.48 , 120.55 , 2.93
13.062 , 123.46 , 120.54 , 2.919998
13.063 , 123.46 , 120.54 , 2.919998
13.065 , 123.46 , 120.54 , 2.919998
13.067 , 123.46 , 120.53 , 2.93
13.069 , 123.46 , 120.52 , 2.940002
13.071 , 123.44 , 120.52 , 2.920006
13.073 , 123.46 , 120.51 , 2.949997
13.074 , 123.44 , 120.51 , 2.93
13.076 , 123.46 , 120.5 , 2.959999
13.078 , 123.44 , 120.5 , 2.940002
13.08 , 123.46 , 120.49 , 2.970001
13.081 , 123.44 , 120.49 , 2.950005
13.083 , 123.39 , 120.48 , 2.909996
13.085 , 123.37 , 120.48 , 2.889999
13.087 , 123.44 , 120.47 , 2.970001
13.088 , 123.39 , 120.47 , 2.919998
13.09 , 123.39 , 120.46 , 2.93
13.092 , 123.39 , 120.45 , 2.940002
13.094 , 123.39 , 120.45 , 2.940002
13.096 , 123.37 , 120.44 , 2.93
13.097 , 123.39 , 120.44 , 2.949997
13.099 , 123.39 , 120.43 , 2.959999
13.101 , 123.37 , 120.43 , 2.940002
13.103 , 123.37 , 120.42 , 2.950005
13.105 , 123.37 , 120.42 , 2.950005
13.107 , 123.32 , 120.41 , 2.909996
13.108 , 123.32 , 120.41 , 2.909996
13.11 , 123.32 , 120.4 , 2.919998
13.112 , 123.3 , 120.4 , 2.900002
13.114 , 123.32 , 120.39 , 2.93
13.115 , 123.32 , 120.39 , 2.93
13.117 , 123.3 , 120.38 , 2.920006
13.119 , 123.3 , 120.37 , 2.93
13.121 , 123.28 , 120.37 , 2.909996
13.123 , 123.28 , 120.36 , 2.919998
13.124 , 123.3 , 120.36 , 2.940002
13.126 , 123.28 , 120.35 , 2.93
13.128 , 123.28 , 120.35 , 2.93
13.13 , 123.23 , 120.34 , 2.890007
13.131 , 123.28 , 120.34 , 2.940002
13.133 , 123.28 , 120.33 , 2.949997
13.135 , 123.23 , 120.33 , 2.900002
13.137 , 123.23 , 120.32 , 2.910004
13.138 , 123.23 , 120.32 , 2.910004
13.14 , 123.23 , 120.31 , 2.920006
13.142 , 123.16 , 120.31 , 2.850006
13.144 , 123.21 , 120.3 , 2.909996
13.146 , 123.21 , 120.29 , 2.919998
13.147 , 123.23 , 120.29 , 2.940002
13.149 , 123.21 , 120.28 , 2.93
13.151 , 123.21 , 120.28 , 2.93
13.153 , 123.21 , 120.27 , 2.940002
13.155 , 123.21 , 120.27 , 2.940002
13.156 , 123.16 , 120.26 , 2.900002
13.158 , 123.21 , 120.26 , 2.949997
13.16 , 123.16 , 120.25 , 2.910004
13.162 , 123.16 , 120.25 , 2.910004
13.163 , 123.14 , 120.24 , 2.900002
13.165 , 123.12 , 120.24 , 2.880005
13.167 , 123.14 , 120.23 , 2.909996
13.169 , 123.16 , 120.22 , 2.940002
13.171 , 123.14 , 120.22 , 2.919998
13.172 , 123.14 , 120.22 , 2.919998
13.174 , 123.12 , 120.21 , 2.910004
13.176 , 123.14 , 120.2 , 2.940002
13.178 , 123.14 , 120.2 , 2.940002
13.18 , 123.12 , 120.19 , 2.93
13.181 , 123.12 , 120.19 , 2.93
13.183 , 123.14 , 120.18 , 2.959999
13.185 , 123.07 , 120.18 , 2.889999
13.187 , 123.12 , 120.17 , 2.950005
13.188 , 123.07 , 120.17 , 2.900002
13.19 , 123.07 , 120.16 , 2.909996
13.192 , 123.07 , 120.16 , 2.909996
13.194 , 123.07 , 120.15 , 2.919998
13.196 , 123.12 , 120.14 , 2.980003
13.197 , 123.07 , 120.14 , 2.93
13.199 , 123.12 , 120.13 , 2.990005
13.201 , 123.12 , 120.13 , 2.990005
13.203 , 123.12 , 120.12 , 3.0
13.204 , 123.12 , 120.12 , 3.0
13.206 , 123.12 , 120.11 , 3.010002
13.208 , 123.12 , 120.11 , 3.010002
13.209 , 123.12 , 120.11 , 3.010002
13.211 , 123.14 , 120.1 , 3.040001
13.213 , 123.16 , 120.09 , 3.070007
13.215 , 123.16 , 120.09 , 3.070007
13.216 , 123.21 , 120.08 , 3.129997
13.218 , 123.21 , 120.08 , 3.129997
13.22 , 123.23 , 120.07 , 3.160004
13.222 , 123.28 , 120.07 , 3.209999
13.224 , 123.28 , 120.06 , 3.220001
13.225 , 123.28 , 120.06 , 3.220001
13.227 , 123.3 , 120.05 , 3.25
13.229 , 123.32 , 120.05 , 3.269997
13.231 , 123.32 , 120.04 , 3.279999
13.233 , 123.39 , 120.03 , 3.360001
13.234 , 123.39 , 120.03 , 3.360001
13.236 , 123.44 , 120.02 , 3.420006
13.238 , 123.46 , 120.02 , 3.440002
13.24 , 123.55 , 120.01 , 3.540001
13.241 , 123.55 , 120.01 , 3.540001
13.243 , 123.6 , 120.0 , 3.599998
13.245 , 123.62 , 120.0 , 3.620003
13.247 , 123.67 , 119.99 , 3.68
13.249 , 123.69 , 119.99 , 3.700005
13.251 , 123.71 , 119.98 , 3.729996
13.252 , 123.71 , 119.98 , 3.729996
13.254 , 123.78 , 119.97 , 3.809998
13.256 , 123.78 , 119.96 , 3.82
13.258 , 123.85 , 119.96 , 3.889999
13.26 , 123.83 , 119.95 , 3.880005
13.262 , 123.85 , 119.95 , 3.900002
13.263 , 123.87 , 119.94 , 3.93
13.265 , 123.92 , 119.94 , 3.979996
13.267 , 123.94 , 119.93 , 4.010002
13.269 , 123.94 , 119.93 , 4.010002
13.271 , 124.01 , 119.92 , 4.090004
13.272 , 123.99 , 119.92 , 4.07
13.274 , 124.03 , 119.91 , 4.119995
13.276 , 124.01 , 119.9 , 4.110001
13.278 , 124.08 , 119.9 , 4.18
13.28 , 124.08 , 119.89 , 4.190002
13.281 , 124.1 , 119.89 , 4.209999
13.283 , 124.15 , 119.88 , 4.270004
13.285 , 124.15 , 119.88 , 4.270004
13.287 , 124.15 , 119.87 , 4.279999
13.289 , 124.17 , 119.87 , 4.299995
13.291 , 124.22 , 119.86 , 4.360001
13.292 , 124.17 , 119.86 , 4.309998
13.294 , 124.17 , 119.85 , 4.32
13.296 , 124.17 , 119.84 , 4.330002
13.298 , 124.17 , 119.84 , 4.330002
13.3 , 124.22 , 119.83 , 4.389999
13.302 , 124.22 , 119.83 , 4.389999
13.303 , 124.17 , 119.82 , 4.349998
13.305 , 124.22 , 119.82 , 4.400002
13.307 , 124.17 , 119.81 , 4.360001
13.309 , 124.17 , 119.81 , 4.360001
13.311 , 124.17 , 119.8 , 4.369995
13.312 , 124.17 , 119.8 , 4.369995
13.314 , 124.17 , 119.79 , 4.379997
13.316 , 124.15 , 119.79 , 4.360001
13.318 , 124.15 , 119.78 , 4.370003
13.32 , 124.15 , 119.77 , 4.380005
13.321 , 124.15 , 119.77 , 4.380005
13.323 , 124.1 , 119.76 , 4.339996
13.325 , 124.03 , 119.76 , 4.269997
13.327 , 124.03 , 119.75 , 4.279999
13.329 , 124.03 , 119.75 , 4.279999
13.331 , 123.99 , 119.74 , 4.25
13.332 , 124.01 , 119.74 , 4.270004
13.334 , 123.94 , 119.73 , 4.209999
13.336 , 123.92 , 119.73 , 4.189995
13.338 , 123.92 , 119.72 , 4.199997
13.34 , 123.87 , 119.71 , 4.160004
13.341 , 123.87 , 119.71 , 4.160004
13.343 , 123.83 , 119.7 , 4.130005
13.345 , 123.83 , 119.7 , 4.130005
13.347 , 123.83 , 119.69 , 4.139999
13.349 , 123.83 , 119.69 , 4.139999
13.351 , 123.71 , 119.68 , 4.029999
13.352 , 123.76 , 119.68 , 4.080002
13.354 , 123.76 , 119.67 , 4.090004
13.356 , 123.67 , 119.67 , 4.0
13.358 , 123.62 , 119.66 , 3.959999
13.36 , 123.62 , 119.65 , 3.970001
13.361 , 123.55 , 119.65 , 3.900002
13.363 , 123.55 , 119.64 , 3.910004
13.365 , 123.53 , 119.64 , 3.889999
13.367 , 123.53 , 119.63 , 3.900002
13.369 , 123.46 , 119.63 , 3.830002
13.37 , 123.39 , 119.62 , 3.769997
13.372 , 123.39 , 119.62 , 3.769997
13.374 , 123.39 , 119.61 , 3.779999
13.376 , 123.37 , 119.61 , 3.760002
13.378 , 123.3 , 119.6 , 3.700005
13.38 , 123.3 , 119.59 , 3.710007
13.381 , 123.23 , 119.59 , 3.640007
13.383 , 123.23 , 119.58 , 3.650002
13.385 , 123.21 , 119.58 , 3.629997
13.387 , 123.16 , 119.57 , 3.590004
13.389 , 123.14 , 119.57 , 3.57
13.391 , 123.14 , 119.56 , 3.580002
13.392 , 123.12 , 119.56 , 3.560005
13.394 , 123.07 , 119.55 , 3.519997
13.396 , 123.0 , 119.55 , 3.449997
13.398 , 123.05 , 119.54 , 3.510002
13.4 , 122.98 , 119.53 , 3.450005
13.401 , 122.98 , 119.53 , 3.450005
13.403 , 122.91 , 119.53 , 3.380005
13.405 , 122.91 , 119.52 , 3.390007
13.407 , 122.89 , 119.51 , 3.379997
13.409 , 122.84 , 119.51 , 3.329994
13.41 , 122.84 , 119.5 , 3.339996
13.412 , 122.82 , 119.5 , 3.32
13.414 , 122.82 , 119.49 , 3.330002
13.416 , 122.77 , 119.49 , 3.279999
13.418 , 122.77 , 119.48 , 3.289993
13.42 , 122.75 , 119.47 , 3.279999
13.421 , 122.73 , 119.47 , 3.260002
13.423 , 122.75 , 119.47 , 3.279999
13.425 , 122.73 , 119.46 , 3.270004
13.427 , 122.73 , 119.45 , 3.280006
13.429 , 122.68 , 119.45 , 3.230003
13.43 , 122.68 , 119.44 , 3.239998
13.432 , 122.61 , 119.44 , 3.169998
13.434 , 122.61 , 119.43 , 3.18
13.436 , 122.66 , 119.43 , 3.230003
13.437 , 122.61 , 119.42 , 3.190002
13.439 , 122.55 , 119.42 , 3.130005
13.441 , 122.59 , 119.41 , 3.179993
13.443 , 122.59 , 119.41 , 3.179993
13.445 , 122.52 , 119.4 , 3.119995
13.446 , 122.52 , 119.4 , 3.119995
13.448 , 122.5 , 119.39 , 3.110001
13.45 , 122.5 , 119.38 , 3.120003
13.452 , 122.45 , 119.38 , 3.07
13.454 , 122.5 , 119.37 , 3.129997
13.456 , 122.45 , 119.37 , 3.079994
13.457 , 122.45 , 119.36 , 3.089996
13.459 , 122.38 , 119.36 , 3.019997
13.461 , 122.43 , 119.35 , 3.080002
13.463 , 122.38 , 119.35 , 3.029999
13.465 , 122.38 , 119.34 , 3.040001
13.467 , 122.43 , 119.33 , 3.099998
13.468 , 122.38 , 119.33 , 3.049995
13.47 , 122.38 , 119.32 , 3.059998
13.472 , 122.38 , 119.32 , 3.059998
13.474 , 122.38 , 119.31 , 3.07
13.476 , 122.36 , 119.31 , 3.050003
13.478 , 122.38 , 119.3 , 3.079994
13.479 , 122.36 , 119.3 , 3.059998
13.481 , 122.36 , 119.29 , 3.07
13.483 , 122.36 , 119.29 , 3.07
13.485 , 122.36 , 119.28 , 3.080002
13.487 , 122.36 , 119.27 , 3.090004
13.488 , 122.34 , 119.27 , 3.07
13.49 , 122.36 , 119.26 , 3.099998
13.492 , 122.34 , 119.26 , 3.079994
13.494 , 122.34 , 119.25 , 3.089996
13.496 , 122.36 , 119.25 , 3.110001
13.498 , 122.34 , 119.24 , 3.099998
13.499 , 122.34 , 119.24 , 3.099998
13.501 , 122.34 , 119.23 , 3.109993
13.503 , 122.34 , 119.23 , 3.109993
13.505 , 122.34 , 119.22 , 3.119995
13.507 , 122.29 , 119.21 , 3.080002
13.508 , 122.34 , 119.21 , 3.129997
13.51 , 122.29 , 119.21 , 3.080002
13.512 , 122.29 , 119.2 , 3.090004
13.514 , 122.34 , 119.19 , 3.149994
13.516 , 122.34 , 119.19 , 3.149994
13.518 , 122.29 , 119.18 , 3.110001
13.519 , 122.29 , 119.18 , 3.110001
13.521 , 122.27 , 119.17 , 3.099998
13.523 , 122.27 , 119.17 , 3.099998
13.525 , 122.29 , 119.16 , 3.129997
13.527 , 122.27 , 119.15 , 3.119995
13.528 , 122.22 , 119.15 , 3.07
13.53 , 122.29 , 119.15 , 3.139999
13.532 , 122.27 , 119.14 , 3.129997
13.534 , 122.27 , 119.13 , 3.139999
13.536 , 122.27 , 119.13 , 3.139999
13.538 , 122.27 , 119.12 , 3.149994
13.539 , 122.27 , 119.12 , 3.149994
13.541 , 122.22 , 119.11 , 3.110001
13.543 , 122.22 , 119.11 , 3.110001
13.545 , 122.22 , 119.1 , 3.120003
13.546 , 122.22 , 119.1 , 3.120003
13.548 , 122.22 , 119.09 , 3.130005
13.55 , 122.22 , 119.09 , 3.130005
13.552 , 122.27 , 119.08 , 3.189995
13.554 , 122.22 , 119.07 , 3.150002
13.555 , 122.27 , 119.07 , 3.199997
13.557 , 122.22 , 119.06 , 3.160004
13.559 , 122.27 , 119.06 , 3.209999
13.561 , 122.22 , 119.05 , 3.169998
13.563 , 122.22 , 119.05 , 3.169998
13.564 , 122.2 , 119.04 , 3.159996
13.566 , 122.2 , 119.04 , 3.159996
13.568 , 122.2 , 119.03 , 3.169998
13.57 , 122.2 , 119.03 , 3.169998
13.572 , 122.2 , 119.02 , 3.18
13.574 , 122.2 , 119.01 , 3.189995
13.576 , 122.18 , 119.01 , 3.169998
13.577 , 122.18 , 119.0 , 3.18
13.579 , 122.18 , 119.0 , 3.18
13.581 , 122.11 , 118.99 , 3.120003
13.583 , 122.13 , 118.99 , 3.139999
13.584 , 122.11 , 118.98 , 3.129997
13.586 , 122.13 , 118.98 , 3.149994
13.588 , 122.11 , 118.97 , 3.139999
13.59 , 122.11 , 118.97 , 3.139999
13.592 , 122.13 , 118.96 , 3.169998
13.593 , 122.11 , 118.96 , 3.150002
13.595 , 122.11 , 118.95 , 3.160004
13.597 , 122.06 , 118.94 , 3.119995
13.599 , 122.06 , 118.94 , 3.119995
13.601 , 122.06 , 118.93 , 3.129997
13.602 , 122.06 , 118.93 , 3.129997
13.604 , 122.04 , 118.92 , 3.120003
13.614 , 122.0 , 118.89 , 3.110001
13.616 , 121.97 , 118.89 , 3.080002
13.618 , 122.0 , 118.88 , 3.120003
13.62 , 121.95 , 118.88 , 3.07
13.622 , 121.95 , 118.87 , 3.079994
13.623 , 121.9 , 118.87 , 3.029999
13.625 , 121.9 , 118.86 , 3.040001
13.627 , 121.9 , 118.86 , 3.040001
13.629 , 121.9 , 118.85 , 3.050003
13.631 , 121.88 , 118.84 , 3.040001
13.632 , 121.88 , 118.84 , 3.040001
13.634 , 121.9 , 118.83 , 3.07
13.636 , 121.9 , 118.83 , 3.07
13.638 , 121.84 , 118.82 , 3.019997
13.64 , 121.84 , 118.82 , 3.019997
13.642 , 121.88 , 118.81 , 3.07
13.644 , 121.81 , 118.8 , 3.009995
13.645 , 121.84 , 118.8 , 3.039993
13.647 , 121.84 , 118.8 , 3.039993
13.649 , 121.81 , 118.79 , 3.019997
13.651 , 121.81 , 118.78 , 3.029999
13.653 , 121.79 , 118.78 , 3.010002
13.654 , 121.79 , 118.77 , 3.020004
13.656 , 121.79 , 118.77 , 3.020004
13.658 , 121.74 , 118.76 , 2.979996
13.66 , 121.74 , 118.76 , 2.979996
13.662 , 121.74 , 118.75 , 2.989998
13.664 , 121.74 , 118.74 , 3.0
13.665 , 121.72 , 118.74 , 2.980003
13.667 , 121.72 , 118.74 , 2.980003
13.669 , 121.72 , 118.73 , 2.989998
13.671 , 121.68 , 118.72 , 2.959999
13.673 , 121.68 , 118.72 , 2.959999
13.675 , 121.72 , 118.71 , 3.010002
13.676 , 121.72 , 118.71 , 3.010002
13.678 , 121.68 , 118.7 , 2.980003
13.68 , 121.68 , 118.7 , 2.980003
13.682 , 121.65 , 118.69 , 2.959999
13.684 , 121.68 , 118.68 , 3.0
13.685 , 121.68 , 118.68 , 3.0
13.687 , 121.65 , 118.68 , 2.970001
13.689 , 121.63 , 118.67 , 2.959999
13.691 , 121.65 , 118.66 , 2.989998
13.693 , 121.65 , 118.66 , 2.989998
13.694 , 121.65 , 118.65 , 3.0
13.696 , 121.63 , 118.65 , 2.979996
13.698 , 121.63 , 118.64 , 2.989998
13.7 , 121.65 , 118.64 , 3.010002
13.702 , 121.58 , 118.63 , 2.950005
13.703 , 121.63 , 118.63 , 3.0
13.705 , 121.58 , 118.62 , 2.959999
13.707 , 121.58 , 118.62 , 2.959999
13.709 , 121.56 , 118.61 , 2.949997
13.711 , 121.58 , 118.6 , 2.980003
13.713 , 121.56 , 118.6 , 2.959999
13.714 , 121.56 , 118.6 , 2.959999
13.716 , 121.58 , 118.59 , 2.990005
13.718 , 121.56 , 118.58 , 2.979996
13.72 , 121.56 , 118.58 , 2.979996
13.722 , 121.56 , 118.57 , 2.989998
13.724 , 121.56 , 118.57 , 2.989998
13.726 , 121.52 , 118.56 , 2.959999
13.728 , 121.56 , 118.55 , 3.009995
13.729 , 121.56 , 118.55 , 3.009995
13.731 , 121.52 , 118.54 , 2.979996
13.733 , 121.52 , 118.54 , 2.979996
13.735 , 121.49 , 118.53 , 2.959999
13.737 , 121.52 , 118.53 , 2.989998
13.739 , 121.49 , 118.52 , 2.970001
13.741 , 121.49 , 118.51 , 2.979996
13.742 , 121.52 , 118.51 , 3.009995
13.744 , 121.52 , 118.51 , 3.009995
13.746 , 121.45 , 118.5 , 2.949997
13.748 , 121.49 , 118.49 , 3.0
13.75 , 121.45 , 118.49 , 2.959999
13.751 , 121.45 , 118.48 , 2.969994
13.753 , 121.45 , 118.48 , 2.969994
13.755 , 121.49 , 118.47 , 3.019997
13.757 , 121.45 , 118.47 , 2.979996
13.759 , 121.42 , 118.46 , 2.959999
13.761 , 121.42 , 118.45 , 2.970001
13.762 , 121.42 , 118.45 , 2.970001
13.764 , 121.42 , 118.45 , 2.970001
13.766 , 121.42 , 118.44 , 2.979996
13.768 , 121.42 , 118.43 , 2.989998
13.77 , 121.4 , 118.43 , 2.970001
13.772 , 121.4 , 118.42 , 2.980003
13.773 , 121.42 , 118.42 , 3.0
13.775 , 121.36 , 118.41 , 2.949997
13.777 , 121.4 , 118.41 , 2.989998
13.779 , 121.4 , 118.4 , 3.0
13.781 , 121.36 , 118.39 , 2.970001
13.782 , 121.36 , 118.39 , 2.970001
13.784 , 121.4 , 118.39 , 3.010002
13.786 , 121.4 , 118.38 , 3.020004
13.788 , 121.36 , 118.37 , 2.989998
13.79 , 121.36 , 118.37 , 2.989998
13.791 , 121.36 , 118.36 , 3.0
13.793 , 121.36 , 118.36 , 3.0
13.795 , 121.33 , 118.35 , 2.980003
13.797 , 121.33 , 118.35 , 2.980003
13.798 , 121.29 , 118.34 , 2.950005
13.8 , 121.36 , 118.34 , 3.020004
13.802 , 121.33 , 118.33 , 3.0
13.804 , 121.33 , 118.33 , 3.0
13.805 , 121.26 , 118.32 , 2.940002
13.807 , 121.26 , 118.32 , 2.940002
13.809 , 121.29 , 118.31 , 2.980003
13.811 , 121.29 , 118.31 , 2.980003
13.812 , 121.29 , 118.3 , 2.989998
13.814 , 121.29 , 118.3 , 2.989998
13.816 , 121.29 , 118.29 , 3.0
13.818 , 121.26 , 118.28 , 2.980003
13.82 , 121.26 , 118.28 , 2.980003
13.821 , 121.29 , 118.28 , 3.010002
13.823 , 121.24 , 118.27 , 2.970001
13.825 , 121.26 , 118.26 , 3.0
13.827 , 121.26 , 118.26 , 3.0
13.829 , 121.24 , 118.25 , 2.989998
13.83 , 121.24 , 118.25 , 2.989998
13.832 , 121.26 , 118.24 , 3.020004
13.834 , 121.26 , 118.24 , 3.020004
13.836 , 121.24 , 118.23 , 3.009995
13.838 , 121.19 , 118.22 , 2.970001
13.839 , 121.24 , 118.22 , 3.019997
13.841 , 121.24 , 118.22 , 3.019997
13.843 , 121.19 , 118.21 , 2.980003
13.845 , 121.19 , 118.2 , 2.990005
13.847 , 121.19 , 118.2 , 2.990005
13.848 , 121.19 , 118.19 , 3.0
13.85 , 121.17 , 118.19 , 2.979996
13.852 , 121.17 , 118.18 , 2.989998
13.854 , 121.17 , 118.18 , 2.989998
13.856 , 121.17 , 118.17 , 3.0
13.858 , 121.17 , 118.16 , 3.009995
13.859 , 121.17 , 118.16 , 3.009995
13.861 , 121.13 , 118.16 , 2.969994
13.863 , 121.13 , 118.15 , 2.979996
13.865 , 121.17 , 118.14 , 3.029999
13.867 , 121.13 , 118.14 , 2.989998
13.869 , 121.13 , 118.13 , 3.0
13.87 , 121.1 , 118.13 , 2.970001
13.872 , 121.1 , 118.12 , 2.979996
13.874 , 121.1 , 118.12 , 2.979996
13.876 , 121.13 , 118.11 , 3.019997
13.878 , 121.1 , 118.1 , 3.0
13.88 , 121.1 , 118.1 , 3.0
13.881 , 121.1 , 118.1 , 3.0
13.883 , 121.1 , 118.09 , 3.010002
13.885 , 121.1 , 118.08 , 3.019997
13.887 , 121.03 , 118.08 , 2.949997
13.889 , 121.06 , 118.07 , 2.989998
13.891 , 121.06 , 118.07 , 2.989998
13.892 , 121.06 , 118.06 , 3.0
13.894 , 121.03 , 118.06 , 2.970001
13.896 , 121.06 , 118.05 , 3.009995
13.898 , 121.03 , 118.04 , 2.989998
13.9 , 121.03 , 118.04 , 2.989998
13.902 , 121.03 , 118.03 , 3.0
13.904 , 121.01 , 118.03 , 2.980003
13.905 , 121.06 , 118.02 , 3.040001
13.907 , 121.03 , 118.02 , 3.010002
13.909 , 121.01 , 118.01 , 3.0
13.911 , 121.01 , 118.01 , 3.0
13.912 , 121.01 , 118.0 , 3.010002
13.914 , 121.01 , 118.0 , 3.010002
13.916 , 121.01 , 117.99 , 3.020004
13.918 , 121.01 , 117.99 , 3.020004
13.919 , 120.97 , 117.98 , 2.989998
13.921 , 120.94 , 117.98 , 2.959999
13.923 , 120.94 , 117.97 , 2.970001
13.925 , 120.97 , 117.96 , 3.010002
13.927 , 120.97 , 117.96 , 3.010002
13.928 , 120.9 , 117.96 , 2.940002
13.93 , 120.9 , 117.95 , 2.950005
13.932 , 120.9 , 117.94 , 2.959999
13.934 , 120.9 , 117.94 , 2.959999
13.936 , 120.9 , 117.93 , 2.970001
13.937 , 120.87 , 117.93 , 2.940002
13.939 , 120.9 , 117.92 , 2.980003
13.941 , 120.87 , 117.92 , 2.950005
13.943 , 120.87 , 117.91 , 2.959999
13.944 , 120.85 , 117.91 , 2.939995
13.946 , 120.87 , 117.9 , 2.970001
13.948 , 120.85 , 117.9 , 2.949997
13.95 , 120.85 , 117.89 , 2.959999
13.952 , 120.78 , 117.88 , 2.900002
13.954 , 120.85 , 117.88 , 2.970001
13.956 , 120.85 , 117.87 , 2.979996
13.957 , 120.85 , 117.87 , 2.979996
13.959 , 120.78 , 117.86 , 2.919998
13.961 , 120.85 , 117.86 , 2.989998
13.963 , 120.85 , 117.85 , 3.0
13.965 , 120.78 , 117.84 , 2.940002
13.967 , 120.78 , 117.84 , 2.940002
13.969 , 120.78 , 117.83 , 2.949997
13.97 , 120.78 , 117.83 , 2.949997
13.972 , 120.74 , 117.82 , 2.919998
13.974 , 120.74 , 117.82 , 2.919998
13.976 , 120.74 , 117.81 , 2.93
13.978 , 120.71 , 117.81 , 2.900002
13.98 , 120.71 , 117.8 , 2.909996
13.982 , 120.71 , 117.79 , 2.919998
13.984 , 120.71 , 117.79 , 2.919998
13.985 , 120.71 , 117.78 , 2.93
13.987 , 120.71 , 117.78 , 2.93
13.989 , 120.71 , 117.77 , 2.940002
13.991 , 120.71 , 117.77 , 2.940002
13.993 , 120.71 , 117.76 , 2.949997
13.995 , 120.71 , 117.75 , 2.959999
13.996 , 120.71 , 117.75 , 2.959999
13.998 , 120.69 , 117.75 , 2.940002
14.0 , 120.71 , 117.74 , 2.970001
14.002 , 120.69 , 117.73 , 2.959999
14.004 , 120.69 , 117.73 , 2.959999
14.005 , 120.69 , 117.73 , 2.959999
14.007 , 120.69 , 117.72 , 2.970001
14.009 , 120.65 , 117.71 , 2.940002
14.011 , 120.65 , 117.71 , 2.940002
14.013 , 120.69 , 117.7 , 2.990005
14.014 , 120.65 , 117.7 , 2.950005
14.016 , 120.65 , 117.69 , 2.959999
14.018 , 120.69 , 117.69 , 3.0
14.02 , 120.65 , 117.68 , 2.970001
14.021 , 120.62 , 117.68 , 2.940002
14.023 , 120.62 , 117.67 , 2.950005
14.025 , 120.65 , 117.67 , 2.980003
14.027 , 120.62 , 117.66 , 2.959999
14.029 , 120.62 , 117.65 , 2.970001
14.03 , 120.58 , 117.65 , 2.93
14.032 , 120.62 , 117.64 , 2.980003
14.034 , 120.58 , 117.64 , 2.940002
14.036 , 120.62 , 117.63 , 2.990005
14.038 , 120.62 , 117.63 , 2.990005
14.039 , 120.58 , 117.62 , 2.959999
14.041 , 120.58 , 117.62 , 2.959999
14.043 , 120.62 , 117.61 , 3.010002
14.045 , 120.62 , 117.61 , 3.010002
14.046 , 120.65 , 117.6 , 3.050003
14.048 , 120.62 , 117.6 , 3.020004
14.05 , 120.62 , 117.59 , 3.030006
14.052 , 120.65 , 117.58 , 3.07
14.053 , 120.65 , 117.58 , 3.07
14.055 , 120.65 , 117.58 , 3.07
14.057 , 120.69 , 117.57 , 3.120003
14.059 , 120.69 , 117.56 , 3.130005
14.061 , 120.71 , 117.56 , 3.150002
14.062 , 120.74 , 117.55 , 3.189995
14.064 , 120.74 , 117.55 , 3.189995
14.066 , 120.78 , 117.54 , 3.239998
14.068 , 120.85 , 117.54 , 3.309998
14.07 , 120.78 , 117.53 , 3.25
14.072 , 120.87 , 117.52 , 3.350006
14.073 , 120.94 , 117.52 , 3.420006
14.075 , 120.94 , 117.52 , 3.420006
14.077 , 120.97 , 117.51 , 3.459999
14.079 , 121.01 , 117.5 , 3.510002
14.081 , 121.03 , 117.5 , 3.529999
14.082 , 121.03 , 117.49 , 3.540001
14.084 , 121.06 , 117.49 , 3.57
14.086 , 121.13 , 117.48 , 3.649994
14.088 , 121.13 , 117.48 , 3.649994
14.09 , 121.19 , 117.47 , 3.720001
14.091 , 121.24 , 117.47 , 3.769997
14.093 , 121.26 , 117.46 , 3.800003
14.095 , 121.26 , 117.46 , 3.800003
14.097 , 121.29 , 117.45 , 3.840004
14.099 , 121.33 , 117.44 , 3.889999
14.1 , 121.33 , 117.44 , 3.889999
14.102 , 121.4 , 117.44 , 3.959999
14.104 , 121.4 , 117.43 , 3.970001
14.106 , 121.42 , 117.42 , 4.0
14.107 , 121.45 , 117.42 , 4.029999
14.109 , 121.49 , 117.41 , 4.079994
14.111 , 121.52 , 117.41 , 4.109993
14.113 , 121.52 , 117.4 , 4.119995
14.115 , 121.52 , 117.4 , 4.119995
14.117 , 121.56 , 117.39 , 4.169998
14.118 , 121.63 , 117.39 , 4.239998
14.12 , 121.63 , 117.38 , 4.25
14.122 , 121.65 , 117.38 , 4.270004
14.124 , 121.65 , 117.37 , 4.279999
14.126 , 121.68 , 117.36 , 4.32
14.127 , 121.65 , 117.36 , 4.290001
14.129 , 121.72 , 117.35 , 4.370003
14.131 , 121.68 , 117.35 , 4.330002
14.133 , 121.72 , 117.34 , 4.380005
14.135 , 121.72 , 117.34 , 4.380005
14.136 , 121.74 , 117.33 , 4.409996
14.138 , 121.79 , 117.33 , 4.459999
14.14 , 121.74 , 117.32 , 4.419998
14.142 , 121.79 , 117.32 , 4.470001
14.144 , 121.81 , 117.31 , 4.5
14.145 , 121.79 , 117.31 , 4.480003
14.147 , 121.79 , 117.3 , 4.489998
14.149 , 121.74 , 117.29 , 4.449997
14.151 , 121.79 , 117.29 , 4.5
14.153 , 121.79 , 117.28 , 4.510002
14.154 , 121.74 , 117.28 , 4.459999
14.156 , 121.74 , 117.27 , 4.470001
14.158 , 121.74 , 117.27 , 4.470001
14.16 , 121.74 , 117.26 , 4.479996
14.162 , 121.72 , 117.26 , 4.459999
14.164 , 121.72 , 117.25 , 4.470001
14.165 , 121.68 , 117.25 , 4.43
14.167 , 121.68 , 117.24 , 4.440002
14.169 , 121.65 , 117.23 , 4.419998
14.171 , 121.68 , 117.23 , 4.449997
14.173 , 121.63 , 117.22 , 4.409996
14.174 , 121.65 , 117.22 , 4.43
14.176 , 121.63 , 117.21 , 4.419998
14.178 , 121.58 , 117.21 , 4.370003
14.18 , 121.56 , 117.2 , 4.360001
14.182 , 121.52 , 117.2 , 4.32
14.183 , 121.52 , 117.19 , 4.329994
14.185 , 121.45 , 117.19 , 4.259995
14.187 , 121.45 , 117.18 , 4.269997
14.189 , 121.45 , 117.17 , 4.279999
14.191 , 121.4 , 117.17 , 4.230003
14.193 , 121.4 , 117.16 , 4.239998
14.194 , 121.4 , 117.16 , 4.239998
14.196 , 121.33 , 117.15 , 4.18
14.198 , 121.33 , 117.15 , 4.18
14.2 , 121.24 , 117.14 , 4.099998
14.202 , 121.24 , 117.14 , 4.099998
14.203 , 121.19 , 117.13 , 4.060005
14.205 , 121.13 , 117.13 , 4.0
14.207 , 121.17 , 117.12 , 4.049995
14.209 , 121.1 , 117.12 , 3.979996
14.211 , 121.03 , 117.11 , 3.919998
14.213 , 121.01 , 117.1 , 3.910004
14.214 , 121.01 , 117.1 , 3.910004
14.216 , 120.97 , 117.09 , 3.880005
14.218 , 120.94 , 117.09 , 3.850006
14.22 , 120.87 , 117.08 , 3.790001
14.221 , 120.85 , 117.08 , 3.769997
14.223 , 120.81 , 117.07 , 3.739998
14.225 , 120.74 , 117.07 , 3.669998
14.227 , 120.78 , 117.06 , 3.720001
14.229 , 120.71 , 117.06 , 3.650002
14.231 , 120.69 , 117.05 , 3.639999
14.232 , 120.65 , 117.05 , 3.599998
14.234 , 120.58 , 117.04 , 3.540001
14.236 , 120.62 , 117.03 , 3.590004
14.238 , 120.58 , 117.03 , 3.550003
14.24 , 120.58 , 117.02 , 3.560005
14.241 , 120.55 , 117.02 , 3.530006
14.243 , 120.46 , 117.01 , 3.449997
14.245 , 120.46 , 117.01 , 3.449997
14.247 , 120.44 , 117.0 , 3.440002
14.249 , 120.39 , 117.0 , 3.389999
14.25 , 120.37 , 116.99 , 3.380005
14.252 , 120.37 , 116.99 , 3.380005
14.254 , 120.37 , 116.98 , 3.389999
14.256 , 120.33 , 116.97 , 3.360001
14.258 , 120.3 , 116.97 , 3.330002
14.259 , 120.3 , 116.97 , 3.330002
14.261 , 120.28 , 116.96 , 3.32
14.263 , 120.23 , 116.95 , 3.280006
14.265 , 120.21 , 116.95 , 3.260002
14.267 , 120.21 , 116.94 , 3.269997
14.268 , 120.16 , 116.94 , 3.220001
14.27 , 120.16 , 116.93 , 3.230003
14.272 , 120.16 , 116.93 , 3.230003
14.274 , 120.14 , 116.92 , 3.220001
14.275 , 120.07 , 116.92 , 3.150002
14.277 , 120.14 , 116.91 , 3.229996
14.279 , 120.1 , 116.91 , 3.189995
14.281 , 120.07 , 116.9 , 3.169998
14.283 , 120.05 , 116.89 , 3.160004
14.285 , 120.0 , 116.89 , 3.110001
14.286 , 120.0 , 116.88 , 3.120003
14.288 , 119.98 , 116.88 , 3.100006
14.29 , 120.0 , 116.87 , 3.129997
14.292 , 119.94 , 116.87 , 3.07
14.294 , 119.94 , 116.86 , 3.080002
14.295 , 119.91 , 116.86 , 3.050003
14.297 , 119.94 , 116.85 , 3.090004
14.299 , 119.94 , 116.85 , 3.090004
14.301 , 119.94 , 116.84 , 3.100006
14.303 , 119.91 , 116.83 , 3.080002
14.304 , 119.91 , 116.83 , 3.080002
14.306 , 119.91 , 116.83 , 3.080002
14.308 , 119.91 , 116.82 , 3.090004
14.31 , 119.89 , 116.81 , 3.080002
14.312 , 119.82 , 116.81 , 3.010002
14.314 , 119.84 , 116.8 , 3.039993
14.315 , 119.84 , 116.8 , 3.039993
14.317 , 119.84 , 116.79 , 3.049995
14.319 , 119.82 , 116.79 , 3.029999
14.321 , 119.84 , 116.78 , 3.059998
14.323 , 119.89 , 116.77 , 3.120003
14.324 , 119.82 , 116.77 , 3.050003
14.326 , 119.78 , 116.77 , 3.010002
14.328 , 119.84 , 116.76 , 3.079994
14.33 , 119.78 , 116.75 , 3.029999
14.332 , 119.78 , 116.75 , 3.029999
14.334 , 119.82 , 116.74 , 3.080002
14.336 , 119.78 , 116.74 , 3.040001
14.337 , 119.82 , 116.73 , 3.089996
14.339 , 119.82 , 116.73 , 3.089996
14.341 , 119.78 , 116.72 , 3.059998
14.343 , 119.78 , 116.71 , 3.07
14.345 , 119.78 , 116.71 , 3.07
14.347 , 119.75 , 116.7 , 3.050003
14.349 , 119.75 , 116.7 , 3.050003
14.35 , 119.75 , 116.69 , 3.059998
14.352 , 119.75 , 116.69 , 3.059998
14.354 , 119.78 , 116.68 , 3.099998
14.356 , 119.78 , 116.68 , 3.099998
14.358 , 119.75 , 116.67 , 3.080002
14.36 , 119.78 , 116.66 , 3.119995
14.361 , 119.78 , 116.66 , 3.119995
14.363 , 119.75 , 116.65 , 3.099998
14.365 , 119.73 , 116.65 , 3.080002
14.367 , 119.75 , 116.64 , 3.110001
14.369 , 119.75 , 116.64 , 3.110001
14.37 , 119.73 , 116.63 , 3.100006
14.372 , 119.73 , 116.63 , 3.100006
14.374 , 119.68 , 116.62 , 3.059998
14.376 , 119.66 , 116.62 , 3.040001
14.378 , 119.68 , 116.61 , 3.07
14.379 , 119.68 , 116.61 , 3.07
14.381 , 119.66 , 116.6 , 3.060005
14.383 , 119.68 , 116.59 , 3.090004
14.385 , 119.68 , 116.59 , 3.090004
14.387 , 119.68 , 116.58 , 3.099998
14.388 , 119.66 , 116.58 , 3.080002
14.39 , 119.62 , 116.57 , 3.050003
14.392 , 119.62 , 116.57 , 3.050003
14.394 , 119.66 , 116.56 , 3.100006
14.404 , 119.62 , 116.53 , 3.090004
14.406 , 119.62 , 116.53 , 3.090004
14.407 , 119.62 , 116.52 , 3.100006
14.409 , 119.62 , 116.52 , 3.100006
14.411 , 119.62 , 116.51 , 3.110001
14.413 , 119.62 , 116.51 , 3.110001
14.414 , 119.62 , 116.5 , 3.120003
14.416 , 119.62 , 116.5 , 3.120003
14.418 , 119.59 , 116.49 , 3.099998
14.42 , 119.55 , 116.48 , 3.07
14.422 , 119.59 , 116.48 , 3.109993
14.423 , 119.59 , 116.48 , 3.109993
14.425 , 119.55 , 116.47 , 3.080002
14.427 , 119.55 , 116.46 , 3.090004
14.429 , 119.59 , 116.46 , 3.129997
14.431 , 119.55 , 116.45 , 3.100006
14.433 , 119.52 , 116.45 , 3.07
14.434 , 119.52 , 116.44 , 3.079994
14.436 , 119.5 , 116.44 , 3.059998
14.438 , 119.52 , 116.43 , 3.089996
14.44 , 119.52 , 116.42 , 3.099998
14.442 , 119.55 , 116.42 , 3.130005
14.444 , 119.46 , 116.41 , 3.049995
14.445 , 119.46 , 116.41 , 3.049995
14.447 , 119.5 , 116.4 , 3.099998
14.449 , 119.46 , 116.4 , 3.059998
14.451 , 119.46 , 116.39 , 3.07
14.453 , 119.46 , 116.39 , 3.07
14.455 , 119.46 , 116.38 , 3.080002
14.457 , 119.43 , 116.37 , 3.059998
14.458 , 119.46 , 116.37 , 3.089996
14.46 , 119.43 , 116.36 , 3.07
14.462 , 119.43 , 116.36 , 3.07
14.464 , 119.39 , 116.35 , 3.040001
14.466 , 119.39 , 116.35 , 3.040001
14.467 , 119.36 , 116.34 , 3.020004
14.469 , 119.36 , 116.34 , 3.020004
14.471 , 119.36 , 116.33 , 3.029999
14.473 , 119.34 , 116.33 , 3.009995
14.475 , 119.36 , 116.32 , 3.040001
14.477 , 119.36 , 116.31 , 3.050003
14.478 , 119.39 , 116.31 , 3.080002
14.48 , 119.36 , 116.3 , 3.059998
14.482 , 119.36 , 116.3 , 3.059998
14.484 , 119.34 , 116.29 , 3.049995
14.485 , 119.34 , 116.29 , 3.049995
14.487 , 119.34 , 116.28 , 3.059998
14.489 , 119.3 , 116.28 , 3.020004
14.491 , 119.3 , 116.27 , 3.030006
14.493 , 119.34 , 116.27 , 3.07
14.495 , 119.3 , 116.26 , 3.040001
14.496 , 119.27 , 116.26 , 3.009995
14.498 , 119.27 , 116.25 , 3.019997
14.5 , 119.27 , 116.24 , 3.029999
14.502 , 119.23 , 116.24 , 2.990005
14.504 , 119.23 , 116.23 , 3.0
14.505 , 119.27 , 116.23 , 3.039993
14.507 , 119.23 , 116.22 , 3.010002
14.509 , 119.18 , 116.22 , 2.959999
14.511 , 119.23 , 116.21 , 3.020004
14.513 , 119.23 , 116.21 , 3.020004
14.514 , 119.16 , 116.2 , 2.960007
14.516 , 119.18 , 116.2 , 2.980003
14.518 , 119.18 , 116.19 , 2.989998
14.52 , 119.16 , 116.19 , 2.970001
14.522 , 119.18 , 116.18 , 3.0
14.523 , 119.16 , 116.18 , 2.980003
14.525 , 119.11 , 116.17 , 2.940002
14.527 , 119.16 , 116.16 , 3.0
14.529 , 119.11 , 116.16 , 2.949997
14.53 , 119.16 , 116.16 , 3.0
14.532 , 119.09 , 116.15 , 2.939995
14.534 , 119.11 , 116.14 , 2.970001
14.536 , 119.11 , 116.14 , 2.970001
14.538 , 119.09 , 116.13 , 2.959999
14.539 , 119.09 , 116.13 , 2.959999
14.541 , 119.09 , 116.12 , 2.969994
14.543 , 119.09 , 116.12 , 2.969994
14.545 , 119.09 , 116.11 , 2.979996
14.547 , 119.04 , 116.1 , 2.940002
14.549 , 119.09 , 116.1 , 2.989998
14.551 , 119.04 , 116.09 , 2.950005
14.552 , 119.04 , 116.09 , 2.950005
14.554 , 119.04 , 116.08 , 2.959999
14.556 , 119.02 , 116.08 , 2.939995
14.558 , 119.04 , 116.07 , 2.970001
14.56 , 119.09 , 116.07 , 3.019997
14.562 , 119.02 , 116.06 , 2.959999
14.563 , 119.04 , 116.06 , 2.980003
14.565 , 119.04 , 116.05 , 2.989998
14.567 , 119.02 , 116.04 , 2.979996
14.569 , 119.02 , 116.04 , 2.979996
14.571 , 119.02 , 116.03 , 2.989998
14.573 , 118.97 , 116.03 , 2.940002
14.574 , 118.97 , 116.02 , 2.950005
14.576 , 118.97 , 116.02 , 2.950005
14.578 , 118.97 , 116.01 , 2.959999
14.58 , 118.95 , 116.01 , 2.939995
14.582 , 118.95 , 116.0 , 2.949997
14.584 , 118.97 , 115.99 , 2.980003
14.585 , 118.95 , 115.99 , 2.959999
14.587 , 118.95 , 115.98 , 2.969994
14.589 , 118.93 , 115.98 , 2.949997
14.591 , 118.93 , 115.97 , 2.959999
14.593 , 118.93 , 115.97 , 2.959999
14.595 , 118.88 , 115.96 , 2.919998
14.597 , 118.95 , 115.95 , 3.0
14.598 , 118.93 , 115.95 , 2.980003
14.6 , 118.88 , 115.95 , 2.93
14.602 , 118.93 , 115.94 , 2.989998
14.604 , 118.88 , 115.93 , 2.949997
14.606 , 118.88 , 115.93 , 2.949997
14.608 , 118.93 , 115.92 , 3.010002
14.609 , 118.88 , 115.92 , 2.959999
14.611 , 118.88 , 115.91 , 2.969994
14.613 , 118.88 , 115.91 , 2.969994
14.615 , 118.86 , 115.9 , 2.959999
14.617 , 118.86 , 115.9 , 2.959999
14.619 , 118.86 , 115.89 , 2.970001
14.62 , 118.86 , 115.89 , 2.970001
14.622 , 118.81 , 115.88 , 2.93
14.624 , 118.81 , 115.87 , 2.939995
14.626 , 118.86 , 115.87 , 2.989998
14.628 , 118.81 , 115.86 , 2.949997
14.63 , 118.86 , 115.86 , 3.0
14.631 , 118.81 , 115.85 , 2.959999
14.633 , 118.81 , 115.85 , 2.959999
14.635 , 118.81 , 115.84 , 2.970001
14.637 , 118.77 , 115.84 , 2.93
14.639 , 118.79 , 115.83 , 2.959999
14.641 , 118.81 , 115.82 , 2.989998
14.643 , 118.81 , 115.82 , 2.989998
14.645 , 118.79 , 115.81 , 2.980003
14.646 , 118.77 , 115.81 , 2.959999
14.648 , 118.77 , 115.8 , 2.969994
14.65 , 118.77 , 115.8 , 2.969994
14.652 , 118.77 , 115.79 , 2.979996
14.654 , 118.77 , 115.78 , 2.989998
14.656 , 118.77 , 115.78 , 2.989998
14.658 , 118.77 , 115.77 , 3.0
14.66 , 118.77 , 115.77 , 3.0
14.661 , 118.72 , 115.76 , 2.959999
14.663 , 118.77 , 115.76 , 3.009995
14.665 , 118.72 , 115.75 , 2.970001
14.667 , 118.72 , 115.75 , 2.970001
14.669 , 118.77 , 115.74 , 3.029999
14.671 , 118.72 , 115.73 , 2.989998
14.672 , 118.72 , 115.73 , 2.989998
14.674 , 118.7 , 115.72 , 2.979996
14.676 , 118.72 , 115.72 , 3.0
14.678 , 118.7 , 115.71 , 2.989998
14.68 , 118.72 , 115.71 , 3.010002
14.682 , 118.7 , 115.7 , 3.0
14.683 , 118.7 , 115.7 , 3.0
14.685 , 118.65 , 115.69 , 2.959999
14.687 , 118.7 , 115.69 , 3.009995
14.689 , 118.65 , 115.68 , 2.970001
14.691 , 118.65 , 115.67 , 2.980003
14.693 , 118.65 , 115.67 , 2.980003
14.694 , 118.63 , 115.66 , 2.969994
14.696 , 118.65 , 115.66 , 2.989998
14.698 , 118.65 , 115.65 , 3.0
14.7 , 118.65 , 115.65 , 3.0
14.702 , 118.63 , 115.64 , 2.989998
14.704 , 118.63 , 115.64 , 2.989998
14.705 , 118.65 , 115.63 , 3.020004
14.707 , 118.63 , 115.63 , 3.0
14.709 , 118.63 , 115.62 , 3.009995
14.711 , 118.63 , 115.61 , 3.019997
14.713 , 118.63 , 115.61 , 3.019997
14.715 , 118.63 , 115.6 , 3.029999
14.716 , 118.59 , 115.6 , 2.989998
14.718 , 118.59 , 115.59 , 3.0
14.72 , 118.59 , 115.59 , 3.0
14.722 , 118.59 , 115.58 , 3.009995
14.724 , 118.59 , 115.58 , 3.009995
14.726 , 118.56 , 115.57 , 2.989998
14.728 , 118.56 , 115.56 , 3.0
14.73 , 118.56 , 115.56 , 3.0
14.731 , 118.54 , 115.55 , 2.989998
14.733 , 118.56 , 115.55 , 3.009995
14.735 , 118.56 , 115.54 , 3.019997
14.737 , 118.56 , 115.54 , 3.019997
14.739 , 118.56 , 115.53 , 3.029999
14.741 , 118.54 , 115.52 , 3.020004
14.742 , 118.54 , 115.52 , 3.020004
14.744 , 118.54 , 115.52 , 3.020004
14.746 , 118.49 , 115.51 , 2.979996
14.748 , 118.49 , 115.5 , 2.989998
14.75 , 118.49 , 115.5 , 2.989998
14.751 , 118.49 , 115.49 , 3.0
14.753 , 118.49 , 115.49 , 3.0
14.755 , 118.47 , 115.48 , 2.989998
14.757 , 118.47 , 115.48 , 2.989998
14.759 , 118.49 , 115.47 , 3.019997
14.761 , 118.47 , 115.46 , 3.010002
14.762 , 118.47 , 115.46 , 3.010002
14.764 , 118.47 , 115.46 , 3.010002
14.766 , 118.47 , 115.45 , 3.020004
14.768 , 118.43 , 115.44 , 2.989998
14.77 , 118.43 , 115.44 , 2.989998
14.771 , 118.43 , 115.43 , 3.0
14.773 , 118.43 , 115.43 , 3.0
14.775 , 118.4 , 115.42 , 2.980003
14.777 , 118.4 , 115.42 , 2.980003
14.779 , 118.43 , 115.41 , 3.019997
14.78 , 118.4 , 115.41 , 2.989998
14.782 , 118.4 , 115.4 , 3.0
14.784 , 118.4 , 115.4 , 3.0
14.786 , 118.4 , 115.39 , 3.010002
14.787 , 118.33 , 115.39 , 2.940002
14.789 , 118.38 , 115.38 , 3.0
14.791 , 118.33 , 115.37 , 2.959999
14.793 , 118.33 , 115.37 , 2.959999
14.795 , 118.33 , 115.36 , 2.970001
14.796 , 118.31 , 115.36 , 2.949997
14.798 , 118.33 , 115.35 , 2.980003
14.8 , 118.31 , 115.35 , 2.959999
14.802 , 118.31 , 115.34 , 2.970001
14.804 , 118.33 , 115.34 , 2.990005
14.806 , 118.33 , 115.33 , 3.0
14.807 , 118.27 , 115.33 , 2.939995
14.809 , 118.31 , 115.32 , 2.989998
14.811 , 118.31 , 115.32 , 2.989998
14.813 , 118.31 , 115.31 , 3.0
14.815 , 118.31 , 115.3 , 3.009995
14.817 , 118.31 , 115.3 , 3.009995
14.818 , 118.27 , 115.29 , 2.979996
14.82 , 118.27 , 115.29 , 2.979996
14.822 , 118.27 , 115.28 , 2.989998
14.824 , 118.24 , 115.28 , 2.959999
14.826 , 118.24 , 115.27 , 2.970001
14.828 , 118.27 , 115.26 , 3.009995
14.83 , 118.22 , 115.26 , 2.959999
14.831 , 118.22 , 115.26 , 2.959999
14.833 , 118.22 , 115.25 , 2.970001
14.835 , 118.24 , 115.24 , 3.0
14.837 , 118.24 , 115.24 , 3.0
14.839 , 118.24 , 115.23 , 3.009995
14.84 , 118.27 , 115.23 , 3.039993
14.842 , 118.24 , 115.22 , 3.019997
14.844 , 118.24 , 115.22 , 3.019997
14.846 , 118.22 , 115.21 , 3.010002
14.848 , 118.22 , 115.2 , 3.020004
14.849 , 118.22 , 115.2 , 3.020004
14.851 , 118.24 , 115.2 , 3.040001
14.853 , 118.17 , 115.19 , 2.979996
14.855 , 118.17 , 115.18 , 2.989998
14.857 , 118.22 , 115.18 , 3.040001
14.859 , 118.17 , 115.17 , 3.0
14.86 , 118.17 , 115.17 , 3.0
14.862 , 118.17 , 115.16 , 3.009995
14.864 , 118.17 , 115.16 , 3.009995
14.866 , 118.17 , 115.15 , 3.019997
14.868 , 118.15 , 115.14 , 3.010002
14.869 , 118.17 , 115.14 , 3.029999
14.871 , 118.17 , 115.14 , 3.029999
14.873 , 118.17 , 115.13 , 3.040001
14.875 , 118.15 , 115.12 , 3.029999
14.877 , 118.22 , 115.12 , 3.099998
14.879 , 118.17 , 115.11 , 3.059998
14.88 , 118.17 , 115.11 , 3.059998
14.882 , 118.15 , 115.1 , 3.050003
14.884 , 118.17 , 115.1 , 3.07
14.886 , 118.17 , 115.09 , 3.080002
14.888 , 118.17 , 115.08 , 3.089996
14.89 , 118.22 , 115.08 , 3.139999
14.891 , 118.22 , 115.08 , 3.139999
14.893 , 118.22 , 115.07 , 3.150002
14.895 , 118.27 , 115.06 , 3.209999
14.897 , 118.27 , 115.06 , 3.209999
14.899 , 118.31 , 115.05 , 3.259995
14.901 , 118.33 , 115.05 , 3.279999
14.902 , 118.31 , 115.04 , 3.269997
14.904 , 118.33 , 115.04 , 3.290001
14.906 , 118.38 , 115.03 , 3.349998
14.908 , 118.4 , 115.03 , 3.370003
14.91 , 118.43 , 115.02 , 3.410004
14.911 , 118.43 , 115.02 , 3.410004
14.913 , 118.49 , 115.01 , 3.479996
14.915 , 118.49 , 115.0 , 3.489998
14.917 , 118.56 , 115.0 , 3.559998
14.919 , 118.56 , 114.99 , 3.57
14.921 , 118.59 , 114.99 , 3.599998
14.923 , 118.65 , 114.98 , 3.669998
14.924 , 118.7 , 114.98 , 3.719994
14.926 , 118.7 , 114.97 , 3.729996
14.928 , 118.79 , 114.97 , 3.82
14.93 , 118.79 , 114.96 , 3.830002
14.932 , 118.81 , 114.95 , 3.860001
14.934 , 118.81 , 114.95 , 3.860001
14.935 , 118.86 , 114.94 , 3.919998
14.937 , 118.93 , 114.94 , 3.989998
14.939 , 118.95 , 114.93 , 4.019997
14.941 , 118.97 , 114.93 , 4.040001
14.943 , 118.97 , 114.92 , 4.050003
14.944 , 119.02 , 114.92 , 4.099998
14.946 , 119.02 , 114.91 , 4.109993
14.948 , 119.04 , 114.91 , 4.129997
14.95 , 119.09 , 114.9 , 4.189995
14.952 , 119.11 , 114.89 , 4.220001
14.954 , 119.16 , 114.89 , 4.270004
14.955 , 119.16 , 114.88 , 4.280006
14.957 , 119.16 , 114.88 , 4.280006
14.959 , 119.23 , 114.87 , 4.360001
14.961 , 119.27 , 114.87 , 4.399994
14.963 , 119.18 , 114.86 , 4.32
14.965 , 119.23 , 114.85 , 4.380005
14.966 , 119.27 , 114.85 , 4.419998
14.968 , 119.27 , 114.85 , 4.419998
14.97 , 119.3 , 114.84 , 4.460007
14.972 , 119.3 , 114.83 , 4.470001
14.974 , 119.36 , 114.83 , 4.529999
14.976 , 119.36 , 114.82 , 4.540001
14.977 , 119.34 , 114.82 , 4.519997
14.979 , 119.36 , 114.81 , 4.550003
14.981 , 119.34 , 114.81 , 4.529999
14.983 , 119.36 , 114.8 , 4.559998
14.985 , 119.39 , 114.79 , 4.599998
14.987 , 119.34 , 114.79 , 4.549995
14.989 , 119.34 , 114.78 , 4.559998
14.99 , 119.34 , 114.78 , 4.559998
14.992 , 119.34 , 114.77 , 4.57
14.994 , 119.34 , 114.77 , 4.57
14.996 , 119.3 , 114.76 , 4.540001
14.998 , 119.3 , 114.76 , 4.540001
15.0 , 119.3 , 114.75 , 4.550003
15.001 , 119.27 , 114.75 , 4.519997
15.003 , 119.27 , 114.74 , 4.529999
15.005 , 119.27 , 114.74 , 4.529999
15.007 , 119.18 , 114.73 , 4.449997
15.009 , 119.18 , 114.72 , 4.459999
15.011 , 119.18 , 114.72 , 4.459999
15.012 , 119.18 , 114.71 , 4.470001
15.014 , 119.11 , 114.71 , 4.400002
15.016 , 119.16 , 114.7 , 4.460007
15.018 , 119.09 , 114.7 , 4.389999
15.02 , 119.04 , 114.69 , 4.349998
15.021 , 119.02 , 114.69 , 4.329994
15.023 , 118.97 , 114.68 , 4.290001
15.025 , 118.97 , 114.68 , 4.290001
15.027 , 118.95 , 114.67 , 4.279999
15.029 , 118.93 , 114.66 , 4.269997
15.03 , 118.86 , 114.66 , 4.199997
15.032 , 118.86 , 114.65 , 4.209999
15.034 , 118.79 , 114.65 , 4.139999
15.036 , 118.77 , 114.64 , 4.129997
15.038 , 118.72 , 114.64 , 4.080002
15.04 , 118.7 , 114.63 , 4.07
15.042 , 118.7 , 114.62 , 4.079994
15.043 , 118.59 , 114.62 , 3.969994
15.045 , 118.56 , 114.62 , 3.939995
15.047 , 118.56 , 114.61 , 3.949997
15.049 , 118.54 , 114.6 , 3.940002
15.051 , 118.47 , 114.6 , 3.870003
15.053 , 118.47 , 114.59 , 3.880005
15.054 , 118.43 , 114.59 , 3.840004
15.056 , 118.38 , 114.58 , 3.799995
15.058 , 118.33 , 114.58 , 3.75
15.06 , 118.33 , 114.57 , 3.760002
15.062 , 118.27 , 114.56 , 3.709999
15.063 , 118.27 , 114.56 , 3.709999
15.065 , 118.22 , 114.56 , 3.660004
15.067 , 118.22 , 114.55 , 3.669998
15.069 , 118.15 , 114.54 , 3.610001
15.071 , 118.15 , 114.54 , 3.610001
15.072 , 118.1 , 114.53 , 3.57
15.074 , 118.08 , 114.53 , 3.550003
15.076 , 118.1 , 114.52 , 3.580002
15.078 , 118.04 , 114.52 , 3.520004
15.08 , 118.04 , 114.51 , 3.529999
15.082 , 118.01 , 114.5 , 3.510002
15.083 , 117.94 , 114.5 , 3.440002
15.085 , 117.94 , 114.5 , 3.440002
15.087 , 117.94 , 114.49 , 3.450005
15.089 , 117.85 , 114.48 , 3.369995
15.09 , 117.88 , 114.48 , 3.399994
15.092 , 117.88 , 114.47 , 3.409996
15.094 , 117.83 , 114.47 , 3.360001
15.096 , 117.85 , 114.46 , 3.389999
15.098 , 117.85 , 114.46 , 3.389999
15.1 , 117.83 , 114.45 , 3.380005
15.102 , 117.76 , 114.45 , 3.310005
15.103 , 117.72 , 114.44 , 3.279999
15.105 , 117.72 , 114.44 , 3.279999
15.107 , 117.72 , 114.43 , 3.290001
15.109 , 117.69 , 114.42 , 3.270004
15.11 , 117.69 , 114.42 , 3.270004
15.112 , 117.62 , 114.42 , 3.200005
15.114 , 117.62 , 114.41 , 3.209999
15.116 , 117.6 , 114.4 , 3.199997
15.118 , 117.6 , 114.4 , 3.199997
15.12 , 117.56 , 114.39 , 3.169998
15.121 , 117.49 , 114.39 , 3.099998
15.123 , 117.49 , 114.38 , 3.110001
15.125 , 117.49 , 114.38 , 3.110001
15.127 , 117.46 , 114.37 , 3.089996
15.129 , 117.46 , 114.36 , 3.099998
15.131 , 117.46 , 114.36 , 3.099998
15.132 , 117.46 , 114.36 , 3.099998
15.134 , 117.44 , 114.35 , 3.090004
15.136 , 117.44 , 114.34 , 3.100006
15.138 , 117.44 , 114.34 , 3.100006
15.14 , 117.4 , 114.33 , 3.07
15.141 , 117.4 , 114.33 , 3.07
15.143 , 117.4 , 114.32 , 3.080002
15.145 , 117.37 , 114.32 , 3.050003
15.147 , 117.4 , 114.31 , 3.090004
15.149 , 117.46 , 114.3 , 3.159996
15.15 , 117.44 , 114.3 , 3.139999
15.152 , 117.4 , 114.3 , 3.099998
15.154 , 117.37 , 114.29 , 3.080002
15.156 , 117.37 , 114.28 , 3.090004
15.158 , 117.4 , 114.28 , 3.120003
15.159 , 117.37 , 114.27 , 3.100006
15.161 , 117.37 , 114.27 , 3.100006
15.163 , 117.37 , 114.26 , 3.110001
15.165 , 117.4 , 114.26 , 3.139999
15.166 , 117.37 , 114.25 , 3.120003
15.168 , 117.37 , 114.25 , 3.120003
15.17 , 117.33 , 114.24 , 3.090004
15.172 , 117.4 , 114.24 , 3.160004
15.173 , 117.37 , 114.23 , 3.139999
15.175 , 117.33 , 114.23 , 3.099998
15.177 , 117.37 , 114.22 , 3.150002
15.179 , 117.37 , 114.21 , 3.160004
15.181 , 117.37 , 114.21 , 3.160004
15.182 , 117.33 , 114.21 , 3.120003
15.184 , 117.37 , 114.2 , 3.170006
15.186 , 117.33 , 114.19 , 3.139999
15.196 , 117.3 , 114.16 , 3.139999
15.198 , 117.3 , 114.16 , 3.139999
15.2 , 117.3 , 114.15 , 3.150002
15.201 , 117.28 , 114.15 , 3.129997
15.203 , 117.3 , 114.14 , 3.160004
15.205 , 117.28 , 114.14 , 3.139999
15.207 , 117.28 , 114.13 , 3.150002
15.209 , 117.28 , 114.13 , 3.150002
15.21 , 117.24 , 114.12 , 3.119995
15.212 , 117.28 , 114.12 , 3.159996
15.214 , 117.28 , 114.11 , 3.169998
15.216 , 117.24 , 114.1 , 3.139999
15.218 , 117.24 , 114.1 , 3.139999
15.22 , 117.28 , 114.09 , 3.190002
15.221 , 117.24 , 114.09 , 3.150002
15.223 , 117.28 , 114.08 , 3.199997
15.225 , 117.24 , 114.08 , 3.159996
15.227 , 117.28 , 114.07 , 3.209999
15.229 , 117.24 , 114.07 , 3.169998
15.231 , 117.21 , 114.06 , 3.150002
15.232 , 117.24 , 114.06 , 3.18
15.234 , 117.24 , 114.05 , 3.189995
15.236 , 117.21 , 114.04 , 3.169998
15.238 , 117.24 , 114.04 , 3.199997
15.24 , 117.21 , 114.03 , 3.18
15.242 , 117.21 , 114.03 , 3.18
15.243 , 117.17 , 114.02 , 3.150002
15.245 , 117.21 , 114.02 , 3.190002
15.247 , 117.21 , 114.01 , 3.199997
15.249 , 117.17 , 114.01 , 3.159996
15.251 , 117.17 , 114.0 , 3.169998
15.252 , 117.14 , 114.0 , 3.139999
15.254 , 117.17 , 113.99 , 3.18
15.256 , 117.14 , 113.98 , 3.159996
15.258 , 117.14 , 113.98 , 3.159996
15.26 , 117.1 , 113.97 , 3.129997
15.262 , 117.1 , 113.97 , 3.129997
15.263 , 117.1 , 113.96 , 3.139999
15.265 , 117.14 , 113.96 , 3.18
15.267 , 117.05 , 113.95 , 3.100006
15.269 , 117.1 , 113.95 , 3.150002
15.271 , 117.05 , 113.94 , 3.110001
15.272 , 117.05 , 113.94 , 3.110001
15.274 , 117.05 , 113.93 , 3.120003
15.276 , 117.05 , 113.92 , 3.130005
15.278 , 117.05 , 113.92 , 3.130005
15.28 , 116.98 , 113.91 , 3.07
15.281 , 117.01 , 113.91 , 3.099998
15.283 , 116.98 , 113.9 , 3.080002
15.285 , 116.98 , 113.9 , 3.080002
15.287 , 116.94 , 113.89 , 3.050003
15.289 , 116.98 , 113.89 , 3.090004
15.29 , 116.94 , 113.88 , 3.060005
15.292 , 116.91 , 113.88 , 3.030006
15.294 , 116.94 , 113.87 , 3.07
15.296 , 116.94 , 113.86 , 3.080002
15.298 , 116.94 , 113.86 , 3.080002
15.299 , 116.89 , 113.86 , 3.029999
15.301 , 116.89 , 113.85 , 3.040001
15.303 , 116.91 , 113.84 , 3.070007
15.305 , 116.89 , 113.84 , 3.050003
15.307 , 116.89 , 113.83 , 3.059998
15.309 , 116.85 , 113.83 , 3.019997
15.31 , 116.85 , 113.82 , 3.029999
15.312 , 116.85 , 113.82 , 3.029999
15.314 , 116.82 , 113.81 , 3.010002
15.316 , 116.82 , 113.81 , 3.010002
15.318 , 116.82 , 113.8 , 3.019997
15.32 , 116.78 , 113.79 , 2.989998
15.321 , 116.78 , 113.79 , 2.989998
15.323 , 116.78 , 113.78 , 3.0
15.325 , 116.78 , 113.78 , 3.0
15.327 , 116.75 , 113.77 , 2.980003
15.329 , 116.78 , 113.77 , 3.010002
15.331 , 116.78 , 113.76 , 3.019997
15.332 , 116.78 , 113.76 , 3.019997
15.334 , 116.75 , 113.75 , 3.0
15.336 , 116.73 , 113.75 , 2.980003
15.338 , 116.75 , 113.74 , 3.010002
15.34 , 116.73 , 113.73 , 3.0
15.341 , 116.73 , 113.73 , 3.0
15.343 , 116.66 , 113.72 , 2.940002
15.345 , 116.69 , 113.72 , 2.970001
15.346 , 116.62 , 113.72 , 2.900002
15.348 , 116.62 , 113.71 , 2.910004
15.35 , 116.66 , 113.7 , 2.960007
15.352 , 116.62 , 113.7 , 2.920006
15.354 , 116.62 , 113.69 , 2.93
15.355 , 116.66 , 113.69 , 2.970001
15.357 , 116.59 , 113.68 , 2.909996
15.359 , 116.59 , 113.68 , 2.909996
15.361 , 116.59 , 113.67 , 2.919998
15.363 , 116.55 , 113.66 , 2.889999
15.365 , 116.62 , 113.66 , 2.959999
15.366 , 116.59 , 113.66 , 2.929993
15.368 , 116.59 , 113.65 , 2.939995
15.37 , 116.53 , 113.64 , 2.889999
15.372 , 116.55 , 113.64 , 2.910004
15.374 , 116.55 , 113.63 , 2.920006
15.376 , 116.55 , 113.63 , 2.920006
15.377 , 116.53 , 113.62 , 2.909996
15.379 , 116.55 , 113.62 , 2.93
15.381 , 116.53 , 113.61 , 2.919998
15.383 , 116.53 , 113.6 , 2.93
15.385 , 116.53 , 113.6 , 2.93
15.387 , 116.53 , 113.59 , 2.940002
15.388 , 116.5 , 113.59 , 2.910004
15.39 , 116.53 , 113.58 , 2.949997
15.392 , 116.5 , 113.58 , 2.919998
15.394 , 116.5 , 113.57 , 2.93
15.396 , 116.5 , 113.57 , 2.93
15.397 , 116.5 , 113.56 , 2.940002
15.399 , 116.5 , 113.56 , 2.940002
15.401 , 116.46 , 113.55 , 2.909996
15.403 , 116.46 , 113.55 , 2.909996
15.405 , 116.5 , 113.54 , 2.959999
15.406 , 116.46 , 113.54 , 2.919998
15.408 , 116.5 , 113.53 , 2.970001
15.41 , 116.5 , 113.52 , 2.980003
15.412 , 116.5 , 113.52 , 2.980003
15.414 , 116.43 , 113.51 , 2.919998
15.415 , 116.46 , 113.51 , 2.949997
15.417 , 116.43 , 113.5 , 2.93
15.419 , 116.46 , 113.5 , 2.959999
15.421 , 116.43 , 113.49 , 2.940002
15.423 , 116.43 , 113.49 , 2.940002
15.424 , 116.43 , 113.48 , 2.949997
15.426 , 116.43 , 113.48 , 2.949997
15.428 , 116.39 , 113.47 , 2.919998
15.43 , 116.39 , 113.46 , 2.93
15.432 , 116.43 , 113.46 , 2.970001
15.434 , 116.39 , 113.45 , 2.940002
15.435 , 116.39 , 113.45 , 2.940002
15.437 , 116.43 , 113.44 , 2.989998
15.439 , 116.39 , 113.44 , 2.949997
15.441 , 116.37 , 113.43 , 2.940002
15.443 , 116.37 , 113.43 , 2.940002
15.444 , 116.34 , 113.42 , 2.919998
15.446 , 116.37 , 113.42 , 2.950005
15.448 , 116.37 , 113.41 , 2.959999
15.45 , 116.37 , 113.4 , 2.970001
15.452 , 116.34 , 113.4 , 2.939995
15.453 , 116.34 , 113.4 , 2.939995
15.455 , 116.34 , 113.39 , 2.949997
15.457 , 116.34 , 113.38 , 2.959999
15.459 , 116.37 , 113.38 , 2.990005
15.461 , 116.34 , 113.37 , 2.969994
15.463 , 116.34 , 113.37 , 2.969994
15.464 , 116.34 , 113.36 , 2.979996
15.466 , 116.34 , 113.36 , 2.979996
15.468 , 116.3 , 113.35 , 2.950005
15.47 , 116.34 , 113.34 , 3.0
15.472 , 116.27 , 113.34 , 2.93
15.474 , 116.3 , 113.33 , 2.970001
15.475 , 116.3 , 113.33 , 2.970001
15.477 , 116.3 , 113.32 , 2.980003
15.479 , 116.3 , 113.32 , 2.980003
15.481 , 116.3 , 113.31 , 2.990005
15.482 , 116.3 , 113.31 , 2.990005
15.484 , 116.27 , 113.3 , 2.969994
15.486 , 116.23 , 113.3 , 2.93
15.488 , 116.27 , 113.29 , 2.979996
15.49 , 116.27 , 113.28 , 2.989998
15.492 , 116.27 , 113.28 , 2.989998
15.494 , 116.21 , 113.27 , 2.940002
15.495 , 116.21 , 113.27 , 2.940002
15.497 , 116.23 , 113.26 , 2.970001
15.499 , 116.23 , 113.26 , 2.970001
15.501 , 116.16 , 113.25 , 2.910004
15.502 , 116.21 , 113.25 , 2.959999
15.504 , 116.23 , 113.24 , 2.990005
15.506 , 116.21 , 113.24 , 2.970001
15.508 , 116.23 , 113.23 , 3.0
15.51 , 116.23 , 113.23 , 3.0
15.511 , 116.21 , 113.22 , 2.989998
15.513 , 116.21 , 113.22 , 2.989998
15.515 , 116.21 , 113.21 , 3.0
15.517 , 116.21 , 113.2 , 3.010002
15.519 , 116.21 , 113.2 , 3.010002
15.52 , 116.16 , 113.2 , 2.960007
15.522 , 116.21 , 113.19 , 3.019997
15.524 , 116.21 , 113.18 , 3.029999
15.526 , 116.21 , 113.18 , 3.029999
15.527 , 116.16 , 113.17 , 2.990005
15.529 , 116.16 , 113.17 , 2.990005
15.531 , 116.21 , 113.16 , 3.049995
15.533 , 116.16 , 113.16 , 3.0
15.535 , 116.16 , 113.15 , 3.010002
15.536 , 116.14 , 113.15 , 2.989998
15.538 , 116.16 , 113.14 , 3.020004
15.54 , 116.14 , 113.14 , 3.0
15.542 , 116.14 , 113.13 , 3.010002
15.544 , 116.14 , 113.12 , 3.019997
15.546 , 116.11 , 113.12 , 2.989998
15.547 , 116.11 , 113.11 , 3.0
15.549 , 116.14 , 113.11 , 3.029999
15.551 , 116.11 , 113.1 , 3.010002
15.553 , 116.07 , 113.1 , 2.970001
15.555 , 116.11 , 113.09 , 3.020004
15.556 , 116.11 , 113.09 , 3.020004
15.558 , 116.11 , 113.08 , 3.029999
15.56 , 116.07 , 113.08 , 2.989998
15.562 , 116.11 , 113.07 , 3.040001
15.563 , 116.07 , 113.07 , 3.0
15.565 , 116.07 , 113.06 , 3.010002
15.567 , 116.04 , 113.05 , 2.989998
15.569 , 116.07 , 113.05 , 3.019997
15.571 , 116.07 , 113.04 , 3.029999
15.573 , 116.04 , 113.04 , 3.0
15.574 , 116.07 , 113.03 , 3.040001
15.576 , 116.07 , 113.03 , 3.040001
15.578 , 116.04 , 113.02 , 3.020004
15.58 , 115.98 , 113.02 , 2.960007
15.581 , 116.04 , 113.01 , 3.029999
15.583 , 116.04 , 113.01 , 3.029999
15.585 , 116.0 , 113.0 , 3.0
15.587 , 116.0 , 112.99 , 3.010002
15.589 , 115.95 , 112.99 , 2.959999
15.59 , 115.98 , 112.99 , 2.990005
15.592 , 115.98 , 112.98 , 3.0
15.594 , 115.95 , 112.97 , 2.979996
15.596 , 116.0 , 112.97 , 3.029999
15.598 , 116.0 , 112.96 , 3.040001
15.6 , 115.98 , 112.96 , 3.020004
15.601 , 115.95 , 112.95 , 3.0
15.603 , 115.95 , 112.95 , 3.0
15.605 , 115.95 , 112.94 , 3.009995
15.607 , 115.95 , 112.94 , 3.009995
15.609 , 115.91 , 112.93 , 2.980003
15.61 , 115.95 , 112.93 , 3.019997
15.612 , 115.91 , 112.92 , 2.990005
15.614 , 115.91 , 112.91 , 3.0
15.616 , 115.91 , 112.91 , 3.0
15.617 , 115.91 , 112.91 , 3.0
15.619 , 115.91 , 112.9 , 3.010002
15.621 , 115.91 , 112.89 , 3.020004
15.623 , 115.88 , 112.89 , 2.989998
15.625 , 115.88 , 112.88 , 3.0
15.626 , 115.91 , 112.88 , 3.030006
15.628 , 115.88 , 112.87 , 3.009995
15.63 , 115.88 , 112.87 , 3.009995
15.632 , 115.84 , 112.86 , 2.979996
15.634 , 115.84 , 112.85 , 2.989998
15.636 , 115.82 , 112.85 , 2.970001
15.637 , 115.79 , 112.85 , 2.940002
15.639 , 115.82 , 112.84 , 2.980003
15.641 , 115.82 , 112.83 , 2.989998
15.643 , 115.82 , 112.83 , 2.989998
15.645 , 115.82 , 112.82 , 3.0
15.647 , 115.75 , 112.82 , 2.93
15.649 , 115.82 , 112.81 , 3.010002
15.65 , 115.79 , 112.81 , 2.980003
15.652 , 115.79 , 112.8 , 2.989998
15.654 , 115.79 , 112.79 , 3.0
15.656 , 115.79 , 112.79 , 3.0
15.657 , 115.79 , 112.79 , 3.0
15.659 , 115.75 , 112.78 , 2.970001
15.661 , 115.79 , 112.77 , 3.020004
15.663 , 115.75 , 112.77 , 2.980003
15.664 , 115.75 , 112.76 , 2.989998
15.666 , 115.75 , 112.76 , 2.989998
15.668 , 115.79 , 112.75 , 3.040001
15.67 , 115.79 , 112.75 , 3.040001
15.672 , 115.75 , 112.74 , 3.010002
15.673 , 115.72 , 112.74 , 2.980003
15.675 , 115.75 , 112.73 , 3.019997
15.677 , 115.72 , 112.73 , 2.989998
15.679 , 115.66 , 112.72 , 2.940002
15.681 , 115.72 , 112.71 , 3.010002
15.682 , 115.75 , 112.71 , 3.040001
15.684 , 115.68 , 112.7 , 2.980003
15.686 , 115.72 , 112.7 , 3.020004
15.688 , 115.68 , 112.69 , 2.989998
15.69 , 115.66 , 112.69 , 2.970001
15.691 , 115.72 , 112.68 , 3.040001
15.693 , 115.66 , 112.68 , 2.980003
15.695 , 115.66 , 112.67 , 2.990005
15.697 , 115.68 , 112.67 , 3.010002
15.699 , 115.61 , 112.66 , 2.949997
15.701 , 115.66 , 112.65 , 3.010002
15.702 , 115.66 , 112.65 , 3.010002
15.704 , 115.66 , 112.65 , 3.010002
15.706 , 115.66 , 112.64 , 3.020004
15.707 , 115.61 , 112.64 , 2.970001
15.709 , 115.66 , 112.63 , 3.030006
15.711 , 115.66 , 112.62 , 3.040001
15.713 , 115.66 , 112.62 , 3.040001
15.715 , 115.59 , 112.61 , 2.979996
15.716 , 115.59 , 112.61 , 2.979996
15.718 , 115.66 , 112.6 , 3.060005
15.72 , 115.66 , 112.6 , 3.060005
15.722 , 115.66 , 112.59 , 3.070007
15.724 , 115.68 , 112.59 , 3.090004
15.725 , 115.72 , 112.58 , 3.139999
15.727 , 115.68 , 112.58 , 3.099998
15.729 , 115.72 , 112.57 , 3.150002
15.731 , 115.75 , 112.56 , 3.190002
15.733 , 115.75 , 112.56 , 3.190002
15.734 , 115.82 , 112.56 , 3.260002
15.736 , 115.82 , 112.55 , 3.269997
15.738 , 115.84 , 112.54 , 3.299995
15.74 , 115.91 , 112.54 , 3.370003
15.742 , 115.95 , 112.53 , 3.419998
15.744 , 115.98 , 112.53 , 3.450005
15.745 , 116.0 , 112.52 , 3.480003
15.747 , 116.04 , 112.52 , 3.520004
15.749 , 116.04 , 112.51 , 3.529999
15.751 , 116.07 , 112.5 , 3.57
15.753 , 116.14 , 112.5 , 3.639999
15.754 , 116.11 , 112.5 , 3.610001
15.756 , 116.23 , 112.49 , 3.740005
15.758 , 116.23 , 112.48 , 3.75
15.76 , 116.27 , 112.48 , 3.789993
15.762 , 116.27 , 112.47 , 3.799995
15.763 , 116.3 , 112.47 , 3.830002
15.765 , 116.3 , 112.46 , 3.840004
15.767 , 116.37 , 112.46 , 3.910004
15.769 , 116.43 , 112.45 , 3.980003
15.771 , 116.43 , 112.44 , 3.989998
15.772 , 116.5 , 112.44 , 4.059998
15.774 , 116.55 , 112.44 , 4.110001
15.776 , 116.55 , 112.43 , 4.120003
15.778 , 116.55 , 112.42 , 4.130005
15.779 , 116.62 , 112.42 , 4.200005
15.781 , 116.62 , 112.41 , 4.209999
15.783 , 116.69 , 112.41 , 4.279999
15.785 , 116.69 , 112.4 , 4.290001
15.787 , 116.73 , 112.4 , 4.330002
15.788 , 116.75 , 112.39 , 4.360001
15.79 , 116.75 , 112.39 , 4.360001
15.792 , 116.82 , 112.38 , 4.440002
15.794 , 116.82 , 112.38 , 4.440002
15.796 , 116.82 , 112.37 , 4.449997
15.798 , 116.89 , 112.36 , 4.529999
15.799 , 116.89 , 112.36 , 4.529999
15.801 , 116.91 , 112.36 , 4.550003
15.803 , 116.89 , 112.35 , 4.540001
15.805 , 116.91 , 112.34 , 4.570007
15.807 , 116.89 , 112.34 , 4.550003
15.808 , 116.94 , 112.33 , 4.610001
15.81 , 116.98 , 112.33 , 4.650002
15.812 , 116.98 , 112.32 , 4.660004
15.814 , 116.91 , 112.32 , 4.590004
15.816 , 116.94 , 112.31 , 4.630005
15.817 , 116.94 , 112.31 , 4.630005
15.819 , 116.98 , 112.3 , 4.68
15.821 , 116.94 , 112.3 , 4.639999
15.823 , 116.94 , 112.29 , 4.650002
15.825 , 116.94 , 112.28 , 4.660004
15.826 , 116.91 , 112.28 , 4.630005
15.828 , 116.94 , 112.27 , 4.670006
15.83 , 116.89 , 112.27 , 4.620003
15.832 , 116.89 , 112.26 , 4.629997
15.834 , 116.89 , 112.26 , 4.629997
15.836 , 116.82 , 112.25 , 4.57
15.837 , 116.82 , 112.25 , 4.57
15.839 , 116.78 , 112.24 , 4.540001
15.841 , 116.75 , 112.24 , 4.510002
15.843 , 116.73 , 112.23 , 4.5
15.845 , 116.69 , 112.22 , 4.470001
15.846 , 116.62 , 112.22 , 4.400002
15.848 , 116.62 , 112.21 , 4.410004
15.85 , 116.55 , 112.21 , 4.340004
15.852 , 116.59 , 112.2 , 4.389999
15.854 , 116.53 , 112.2 , 4.330002
15.855 , 116.53 , 112.19 , 4.339996
15.857 , 116.5 , 112.19 , 4.309998
15.859 , 116.5 , 112.18 , 4.32
15.861 , 116.46 , 112.18 , 4.279999
15.863 , 116.39 , 112.17 , 4.220001
15.864 , 116.37 , 112.17 , 4.200005
15.866 , 116.37 , 112.16 , 4.209999
15.868 , 116.3 , 112.15 , 4.150002
15.87 , 116.3 , 112.15 , 4.150002
15.872 , 116.27 , 112.14 , 4.129997
15.873 , 116.27 , 112.14 , 4.129997
15.875 , 116.21 , 112.13 , 4.080002
15.877 , 116.21 , 112.13 , 4.080002
15.879 , 116.16 , 112.12 , 4.040001
15.881 , 116.14 , 112.12 , 4.019997
15.883 , 116.11 , 112.11 , 4.0
15.884 , 116.11 , 112.11 , 4.0
15.886 , 116.04 , 112.1 , 3.940002
15.888 , 116.04 , 112.09 , 3.950005
15.89 , 116.0 , 112.09 , 3.910004
15.891 , 116.0 , 112.09 , 3.910004
15.893 , 115.95 , 112.08 , 3.869995
15.895 , 115.95 , 112.07 , 3.879997
15.897 , 115.95 , 112.07 , 3.879997
15.899 , 115.91 , 112.06 , 3.850006
15.901 , 115.84 , 112.06 , 3.779999
15.902 , 115.84 , 112.05 , 3.789993
15.904 , 115.82 , 112.05 , 3.769997
15.906 , 115.75 , 112.04 , 3.709999
15.908 , 115.75 , 112.04 , 3.709999
15.91 , 115.75 , 112.03 , 3.720001
15.911 , 115.72 , 112.03 , 3.690002
15.913 , 115.68 , 112.02 , 3.660004
15.915 , 115.68 , 112.01 , 3.669998
15.917 , 115.66 , 112.01 , 3.650002
15.919 , 115.66 , 112.0 , 3.660004
15.92 , 115.61 , 112.0 , 3.610001
15.922 , 115.61 , 111.99 , 3.620003
15.924 , 115.59 , 111.99 , 3.599998
15.926 , 115.59 , 111.98 , 3.609993
15.928 , 115.52 , 111.98 , 3.539993
15.929 , 115.52 , 111.97 , 3.549995
15.931 , 115.5 , 111.97 , 3.529999
15.933 , 115.45 , 111.96 , 3.489998
15.935 , 115.43 , 111.95 , 3.480003
15.937 , 115.43 , 111.95 , 3.480003
15.939 , 115.4 , 111.94 , 3.459999
15.94 , 115.36 , 111.94 , 3.419998
15.942 , 115.34 , 111.93 , 3.409996
15.944 , 115.34 , 111.93 , 3.409996
15.946 , 115.29 , 111.92 , 3.370003
15.948 , 115.24 , 111.92 , 3.32
15.95 , 115.24 , 111.91 , 3.329994
15.951 , 115.2 , 111.91 , 3.289993
15.953 , 115.18 , 111.9 , 3.279999
15.955 , 115.13 , 111.89 , 3.239998
15.957 , 115.13 , 111.89 , 3.239998
15.959 , 115.13 , 111.88 , 3.25
15.961 , 115.06 , 111.88 , 3.18
15.962 , 115.06 , 111.87 , 3.189995
15.964 , 114.97 , 111.87 , 3.099998
15.966 , 115.04 , 111.86 , 3.18
15.968 , 115.01 , 111.86 , 3.150002
15.97 , 115.01 , 111.85 , 3.160004
15.971 , 114.97 , 111.85 , 3.120003
15.973 , 114.97 , 111.84 , 3.130005
15.983 , 114.88 , 111.81 , 3.07
15.985 , 114.88 , 111.8 , 3.079994
15.987 , 114.85 , 111.8 , 3.049995
15.989 , 114.85 , 111.79 , 3.059998
15.991 , 114.81 , 111.79 , 3.019997
15.993 , 114.81 , 111.78 , 3.029999
15.994 , 114.81 , 111.78 , 3.029999
15.996 , 114.85 , 111.77 , 3.080002
15.998 , 114.81 , 111.77 , 3.040001
16.0 , 114.79 , 111.76 , 3.029999
16.002 , 114.85 , 111.75 , 3.099998
16.004 , 114.79 , 111.75 , 3.040001
16.005 , 114.79 , 111.75 , 3.040001
16.007 , 114.79 , 111.74 , 3.050003
16.009 , 114.79 , 111.73 , 3.059998
16.011 , 114.74 , 111.73 , 3.009995
16.013 , 114.79 , 111.72 , 3.07
16.014 , 114.79 , 111.72 , 3.07
16.016 , 114.79 , 111.71 , 3.080002
16.018 , 114.72 , 111.71 , 3.010002
16.02 , 114.74 , 111.7 , 3.040001
16.021 , 114.72 , 111.7 , 3.020004
16.023 , 114.72 , 111.69 , 3.029999
16.025 , 114.72 , 111.69 , 3.029999
16.027 , 114.72 , 111.68 , 3.040001
16.028 , 114.74 , 111.68 , 3.059998
16.03 , 114.72 , 111.67 , 3.050003
16.032 , 114.72 , 111.66 , 3.059998
16.034 , 114.67 , 111.66 , 3.009995
16.036 , 114.72 , 111.65 , 3.07
16.037 , 114.72 , 111.65 , 3.07
16.039 , 114.72 , 111.64 , 3.080002
16.041 , 114.72 , 111.64 , 3.080002
16.043 , 114.74 , 111.63 , 3.110001
16.045 , 114.67 , 111.63 , 3.040001
16.046 , 114.67 , 111.62 , 3.049995
16.048 , 114.72 , 111.62 , 3.099998
16.05 , 114.72 , 111.61 , 3.110001
16.052 , 114.67 , 111.6 , 3.07
16.054 , 114.63 , 111.6 , 3.029999
16.055 , 114.67 , 111.6 , 3.07
16.057 , 114.67 , 111.59 , 3.080002
16.059 , 114.67 , 111.58 , 3.089996
16.061 , 114.65 , 111.58 , 3.07
16.063 , 114.67 , 111.57 , 3.099998
16.065 , 114.65 , 111.57 , 3.080002
16.066 , 114.65 , 111.56 , 3.090004
16.068 , 114.63 , 111.56 , 3.07
16.07 , 114.63 , 111.55 , 3.079994
16.072 , 114.58 , 111.54 , 3.040001
16.074 , 114.58 , 111.54 , 3.040001
16.075 , 114.58 , 111.54 , 3.040001
16.077 , 114.56 , 111.53 , 3.029999
16.079 , 114.58 , 111.52 , 3.060005
16.081 , 114.56 , 111.52 , 3.040001
16.083 , 114.58 , 111.51 , 3.07
16.084 , 114.56 , 111.51 , 3.049995
16.086 , 114.58 , 111.5 , 3.080002
16.088 , 114.56 , 111.5 , 3.059998
16.09 , 114.51 , 111.49 , 3.020004
16.092 , 114.51 , 111.48 , 3.029999
16.093 , 114.56 , 111.48 , 3.079994
16.095 , 114.49 , 111.48 , 3.009995
16.097 , 114.51 , 111.47 , 3.040001
16.099 , 114.47 , 111.46 , 3.010002
16.1 , 114.49 , 111.46 , 3.029999
16.102 , 114.51 , 111.46 , 3.050003
16.104 , 114.47 , 111.45 , 3.020004
16.106 , 114.47 , 111.44 , 3.029999
16.108 , 114.49 , 111.44 , 3.049995
16.109 , 114.49 , 111.43 , 3.059998
16.111 , 114.47 , 111.43 , 3.040001
16.113 , 114.47 , 111.42 , 3.050003
16.115 , 114.47 , 111.42 , 3.050003
16.117 , 114.42 , 111.41 , 3.009995
16.118 , 114.47 , 111.41 , 3.059998
16.12 , 114.42 , 111.4 , 3.019997
16.122 , 114.47 , 111.4 , 3.07
16.124 , 114.4 , 111.39 , 3.010002
16.125 , 114.42 , 111.39 , 3.029999
16.127 , 114.4 , 111.38 , 3.020004
16.129 , 114.4 , 111.37 , 3.029999
16.131 , 114.35 , 111.37 , 2.979996
16.133 , 114.35 , 111.36 , 2.989998
16.134 , 114.35 , 111.36 , 2.989998
16.136 , 114.35 , 111.35 , 3.0
16.138 , 114.33 , 111.35 , 2.980003
16.14 , 114.33 , 111.34 , 2.990005
16.142 , 114.33 , 111.34 , 2.990005
16.143 , 114.31 , 111.33 , 2.979996
16.145 , 114.33 , 111.33 , 3.0
16.147 , 114.26 , 111.32 , 2.940002
16.149 , 114.26 , 111.31 , 2.950005
16.15 , 114.31 , 111.31 , 3.0
16.152 , 114.26 , 111.31 , 2.950005
16.154 , 114.26 , 111.3 , 2.959999
16.156 , 114.26 , 111.29 , 2.970001
16.158 , 114.24 , 111.29 , 2.949997
16.159 , 114.24 , 111.28 , 2.959999
16.161 , 114.26 , 111.28 , 2.980003
16.163 , 114.19 , 111.27 , 2.920006
16.165 , 114.24 , 111.27 , 2.970001
16.167 , 114.24 , 111.26 , 2.979996
16.169 , 114.19 , 111.25 , 2.940002
16.17 , 114.19 , 111.25 , 2.940002
16.172 , 114.17 , 111.25 , 2.919998
16.174 , 114.19 , 111.24 , 2.950005
16.176 , 114.17 , 111.23 , 2.939995
16.177 , 114.1 , 111.23 , 2.869995
16.179 , 114.17 , 111.22 , 2.949997
16.181 , 114.17 , 111.22 , 2.949997
16.183 , 114.12 , 111.21 , 2.910004
16.185 , 114.12 , 111.21 , 2.910004
16.186 , 114.1 , 111.2 , 2.900002
16.188 , 114.08 , 111.2 , 2.880005
16.19 , 114.1 , 111.19 , 2.909996
16.192 , 114.1 , 111.19 , 2.909996
16.194 , 114.1 , 111.18 , 2.919998
16.195 , 114.1 , 111.18 , 2.919998
16.197 , 114.08 , 111.17 , 2.910004
16.199 , 114.08 , 111.16 , 2.919998
16.201 , 114.08 , 111.16 , 2.919998
16.203 , 114.03 , 111.15 , 2.879997
16.204 , 114.08 , 111.15 , 2.93
16.206 , 114.03 , 111.14 , 2.889999
16.208 , 114.03 , 111.14 , 2.889999
16.21 , 114.08 , 111.13 , 2.950005
16.212 , 114.01 , 111.13 , 2.880005
16.214 , 114.01 , 111.12 , 2.889999
16.215 , 114.01 , 111.12 , 2.889999
16.217 , 113.96 , 111.11 , 2.849998
16.219 , 114.01 , 111.11 , 2.900002
16.221 , 114.01 , 111.1 , 2.910004
16.222 , 113.96 , 111.1 , 2.860001
16.224 , 114.01 , 111.09 , 2.920006
16.226 , 114.01 , 111.08 , 2.93
16.228 , 113.94 , 111.08 , 2.860001
16.229 , 113.94 , 111.08 , 2.860001
16.231 , 113.96 , 111.07 , 2.889999
16.233 , 113.96 , 111.06 , 2.900002
16.235 , 113.96 , 111.06 , 2.900002
16.237 , 113.94 , 111.05 , 2.889999
16.238 , 113.94 , 111.05 , 2.889999
16.24 , 113.94 , 111.04 , 2.900002
16.242 , 113.92 , 111.04 , 2.879997
16.244 , 113.87 , 111.03 , 2.840004
16.246 , 113.94 , 111.02 , 2.920006
16.247 , 113.92 , 111.02 , 2.900002
16.249 , 113.92 , 111.02 , 2.900002
16.251 , 113.87 , 111.01 , 2.860001
16.253 , 113.87 , 111.0 , 2.870003
16.254 , 113.92 , 111.0 , 2.919998
16.256 , 113.92 , 110.99 , 2.93
16.258 , 113.87 , 110.99 , 2.880005
16.26 , 113.87 , 110.98 , 2.889999
16.262 , 113.87 , 110.98 , 2.889999
16.264 , 113.87 , 110.97 , 2.900002
16.265 , 113.87 , 110.97 , 2.900002
16.267 , 113.85 , 110.96 , 2.889999
16.269 , 113.8 , 110.96 , 2.840004
16.271 , 113.85 , 110.95 , 2.900002
16.273 , 113.85 , 110.94 , 2.909996
16.274 , 113.8 , 110.94 , 2.860001
16.276 , 113.85 , 110.93 , 2.919998
16.278 , 113.8 , 110.93 , 2.870003
16.28 , 113.8 , 110.92 , 2.880005
16.282 , 113.78 , 110.92 , 2.860001
16.283 , 113.8 , 110.91 , 2.889999
16.285 , 113.8 , 110.91 , 2.889999
16.287 , 113.78 , 110.9 , 2.879997
16.289 , 113.78 , 110.9 , 2.879997
16.291 , 113.78 , 110.89 , 2.889999
16.293 , 113.78 , 110.88 , 2.900002
16.294 , 113.76 , 110.88 , 2.880005
16.296 , 113.78 , 110.87 , 2.909996
16.298 , 113.78 , 110.87 , 2.909996
16.3 , 113.78 , 110.86 , 2.919998
16.302 , 113.76 , 110.86 , 2.900002
16.303 , 113.76 , 110.85 , 2.910004
16.305 , 113.71 , 110.85 , 2.860001
16.307 , 113.71 , 110.84 , 2.870003
16.309 , 113.71 , 110.84 , 2.870003
16.311 , 113.71 , 110.83 , 2.879997
16.313 , 113.71 , 110.82 , 2.889999
16.315 , 113.71 , 110.82 , 2.889999
16.316 , 113.71 , 110.82 , 2.889999
16.318 , 113.71 , 110.81 , 2.900002
16.32 , 113.71 , 110.8 , 2.909996
16.322 , 113.69 , 110.8 , 2.889999
16.324 , 113.69 , 110.79 , 2.900002
16.325 , 113.69 , 110.79 , 2.900002
16.327 , 113.69 , 110.78 , 2.910004
16.329 , 113.69 , 110.78 , 2.910004
16.331 , 113.69 , 110.77 , 2.920006
16.333 , 113.69 , 110.76 , 2.93
16.334 , 113.69 , 110.76 , 2.93
16.336 , 113.69 , 110.76 , 2.93
16.338 , 113.64 , 110.75 , 2.889999
16.34 , 113.64 , 110.74 , 2.900002
16.341 , 113.64 , 110.74 , 2.900002
16.343 , 113.64 , 110.73 , 2.909996
16.345 , 113.64 , 110.73 , 2.909996
16.347 , 113.64 , 110.72 , 2.919998
16.349 , 113.62 , 110.72 , 2.900002
16.35 , 113.64 , 110.71 , 2.93
16.352 , 113.64 , 110.71 , 2.93
16.354 , 113.64 , 110.7 , 2.940002
16.356 , 113.62 , 110.7 , 2.920006
16.358 , 113.62 , 110.69 , 2.93
16.359 , 113.62 , 110.69 , 2.93
16.361 , 113.62 , 110.68 , 2.940002
16.363 , 113.62 , 110.67 , 2.950005
16.365 , 113.62 , 110.67 , 2.950005
16.367 , 113.57 , 110.66 , 2.909996
16.368 , 113.57 , 110.66 , 2.909996
16.37 , 113.53 , 110.65 , 2.879997
16.372 , 113.55 , 110.65 , 2.900002
16.374 , 113.62 , 110.64 , 2.980003
16.375 , 113.55 , 110.64 , 2.910004
16.377 , 113.55 , 110.63 , 2.920006
16.379 , 113.55 , 110.63 , 2.920006
16.381 , 113.53 , 110.62 , 2.909996
16.383 , 113.53 , 110.61 , 2.919998
16.384 , 113.53 , 110.61 , 2.919998
16.386 , 113.53 , 110.61 , 2.919998
16.388 , 113.53 , 110.6 , 2.93
16.39 , 113.48 , 110.59 , 2.890007
16.392 , 113.53 , 110.59 , 2.940002
16.394 , 113.53 , 110.58 , 2.949997
16.395 , 113.48 , 110.58 , 2.900002
16.397 , 113.48 , 110.57 , 2.910004
16.399 , 113.48 , 110.57 , 2.910004
16.401 , 113.48 , 110.56 , 2.920006
16.403 , 113.48 , 110.56 , 2.920006
16.404 , 113.46 , 110.55 , 2.909996
16.406 , 113.46 , 110.55 , 2.909996
16.408 , 113.41 , 110.54 , 2.870003
16.41 , 113.48 , 110.53 , 2.950005
16.411 , 113.48 , 110.53 , 2.950005
16.413 , 113.46 , 110.53 , 2.93
16.415 , 113.41 , 110.52 , 2.890007
16.417 , 113.41 , 110.51 , 2.900002
16.419 , 113.41 , 110.51 , 2.900002
16.42 , 113.41 , 110.5 , 2.910004
16.422 , 113.41 , 110.5 , 2.910004
16.424 , 113.41 , 110.49 , 2.920006
16.425 , 113.39 , 110.49 , 2.900002
16.427 , 113.41 , 110.48 , 2.93
16.429 , 113.39 , 110.48 , 2.909996
16.431 , 113.32 , 110.47 , 2.849998
16.433 , 113.39 , 110.47 , 2.919998
16.435 , 113.39 , 110.46 , 2.93
16.436 , 113.39 , 110.46 , 2.93
16.438 , 113.39 , 110.45 , 2.940002
16.44 , 113.39 , 110.44 , 2.949997
16.442 , 113.32 , 110.44 , 2.879997
16.444 , 113.32 , 110.43 , 2.889999
16.446 , 113.3 , 110.43 , 2.870003
16.447 , 113.32 , 110.42 , 2.900002
16.449 , 113.3 , 110.42 , 2.880005
16.451 , 113.25 , 110.41 , 2.839996
16.453 , 113.3 , 110.41 , 2.889999
16.454 , 113.25 , 110.4 , 2.849998
16.456 , 113.3 , 110.4 , 2.900002
16.458 , 113.3 , 110.39 , 2.910004
16.46 , 113.25 , 110.38 , 2.870003
16.462 , 113.23 , 110.38 , 2.850006
16.463 , 113.25 , 110.38 , 2.870003
16.465 , 113.23 , 110.37 , 2.860001
16.467 , 113.23 , 110.36 , 2.870003
16.469 , 113.23 , 110.36 , 2.870003
16.47 , 113.23 , 110.35 , 2.880005
16.472 , 113.18 , 110.35 , 2.830002
16.474 , 113.23 , 110.34 , 2.890007
16.476 , 113.23 , 110.34 , 2.890007
16.478 , 113.16 , 110.33 , 2.830002
16.479 , 113.18 , 110.33 , 2.849998
16.481 , 113.16 , 110.32 , 2.840004
16.483 , 113.18 , 110.32 , 2.860001
16.485 , 113.16 , 110.31 , 2.850006
16.486 , 113.16 , 110.31 , 2.850006
16.488 , 113.16 , 110.3 , 2.860001
16.49 , 113.14 , 110.29 , 2.849998
16.492 , 113.16 , 110.29 , 2.870003
16.494 , 113.14 , 110.28 , 2.860001
16.495 , 113.16 , 110.28 , 2.880005
16.497 , 113.14 , 110.27 , 2.870003
16.499 , 113.16 , 110.27 , 2.890007
16.501 , 113.14 , 110.26 , 2.879997
16.503 , 113.14 , 110.26 , 2.879997
16.504 , 113.09 , 110.25 , 2.839996
16.506 , 113.09 , 110.25 , 2.839996
16.508 , 113.09 , 110.24 , 2.849998
16.51 , 113.09 , 110.24 , 2.849998
16.512 , 113.09 , 110.23 , 2.859993
16.514 , 113.09 , 110.22 , 2.869995
16.516 , 113.09 , 110.22 , 2.869995
16.517 , 113.07 , 110.21 , 2.860001
16.519 , 113.09 , 110.21 , 2.879997
16.521 , 113.09 , 110.2 , 2.889999
16.523 , 113.07 , 110.2 , 2.870003
16.525 , 113.09 , 110.19 , 2.899994
16.527 , 113.07 , 110.18 , 2.889999
16.528 , 113.07 , 110.18 , 2.889999
16.53 , 113.07 , 110.18 , 2.889999
16.532 , 113.09 , 110.17 , 2.919998
16.534 , 113.07 , 110.16 , 2.909996
16.536 , 113.02 , 110.16 , 2.859993
16.538 , 113.09 , 110.15 , 2.939995
16.539 , 113.02 , 110.15 , 2.869995
16.541 , 113.0 , 110.14 , 2.860001
16.543 , 113.07 , 110.14 , 2.93
16.545 , 113.02 , 110.13 , 2.889999
16.547 , 113.02 , 110.12 , 2.899994
16.548 , 113.02 , 110.12 , 2.899994
16.55 , 113.02 , 110.12 , 2.899994
16.552 , 113.02 , 110.11 , 2.909996
16.554 , 113.07 , 110.1 , 2.970001
16.556 , 113.07 , 110.1 , 2.970001
16.557 , 113.07 , 110.09 , 2.980003
16.559 , 113.14 , 110.09 , 3.050003
16.561 , 113.14 , 110.08 , 3.059998
16.563 , 113.14 , 110.08 , 3.059998
16.565 , 113.16 , 110.07 , 3.090004
16.566 , 113.16 , 110.07 , 3.090004
16.568 , 113.18 , 110.06 , 3.120003
16.57 , 113.25 , 110.06 , 3.190002
16.572 , 113.23 , 110.05 , 3.18
16.574 , 113.32 , 110.04 , 3.279999
16.575 , 113.32 , 110.04 , 3.279999
16.577 , 113.39 , 110.03 , 3.360001
16.579 , 113.41 , 110.03 , 3.380005
16.581 , 113.41 , 110.02 , 3.390007
16.583 , 113.53 , 110.02 , 3.510002
16.584 , 113.53 , 110.01 , 3.519997
16.586 , 113.57 , 110.01 , 3.559998
16.588 , 113.62 , 110.0 , 3.620003
16.59 , 113.62 , 110.0 , 3.620003
16.592 , 113.64 , 109.99 , 3.650002
16.593 , 113.76 , 109.99 , 3.770004
16.595 , 113.8 , 109.98 , 3.82
16.597 , 113.8 , 109.97 , 3.830002
16.599 , 113.87 , 109.97 , 3.900002
16.601 , 113.92 , 109.96 , 3.959999
16.602 , 113.94 , 109.96 , 3.980003
16.604 , 114.01 , 109.95 , 4.060005
16.606 , 114.01 , 109.95 , 4.060005
16.608 , 114.03 , 109.94 , 4.089996
16.61 , 114.08 , 109.94 , 4.139999
16.611 , 114.12 , 109.93 , 4.190002
16.613 , 114.17 , 109.93 , 4.239998
16.615 , 114.19 , 109.92 , 4.270004
16.617 , 114.24 , 109.92 , 4.32
16.619 , 114.26 , 109.91 , 4.349998
16.621 , 114.31 , 109.9 , 4.409996
16.622 , 114.35 , 109.9 , 4.449997
16.624 , 114.35 , 109.89 , 4.459999
16.626 , 114.4 , 109.89 , 4.510002
16.628 , 114.42 , 109.88 , 4.540001
16.63 , 114.47 , 109.88 , 4.590004
16.632 , 114.51 , 109.87 , 4.639999
16.633 , 114.56 , 109.87 , 4.689995
16.635 , 114.58 , 109.86 , 4.720001
16.637 , 114.58 , 109.86 , 4.720001
16.639 , 114.63 , 109.85 , 4.779999
16.641 , 114.63 , 109.84 , 4.790001
16.643 , 114.65 , 109.84 , 4.810005
16.644 , 114.72 , 109.83 , 4.889999
16.646 , 114.72 , 109.83 , 4.889999
16.648 , 114.72 , 109.82 , 4.900002
16.65 , 114.67 , 109.82 , 4.849998
16.652 , 114.72 , 109.81 , 4.910004
16.654 , 114.72 , 109.8 , 4.919998
16.655 , 114.72 , 109.8 , 4.919998
16.657 , 114.65 , 109.8 , 4.849998
16.659 , 114.65 , 109.79 , 4.860001
16.661 , 114.65 , 109.78 , 4.870003
16.663 , 114.58 , 109.78 , 4.800003
16.664 , 114.58 , 109.77 , 4.810005
16.666 , 114.56 , 109.77 , 4.790001
16.668 , 114.56 , 109.76 , 4.799995
16.67 , 114.51 , 109.76 , 4.75
16.672 , 114.47 , 109.75 , 4.720001
16.673 , 114.49 , 109.75 , 4.739998
16.675 , 114.42 , 109.74 , 4.68
16.677 , 114.42 , 109.74 , 4.68
16.679 , 114.4 , 109.73 , 4.669998
16.681 , 114.35 , 109.72 , 4.629997
16.682 , 114.35 , 109.72 , 4.629997
16.684 , 114.35 , 109.71 , 4.639999
16.686 , 114.31 , 109.71 , 4.599998
16.688 , 114.31 , 109.7 , 4.610001
16.69 , 114.26 , 109.7 , 4.560005
16.692 , 114.24 , 109.69 , 4.549995
16.694 , 114.24 , 109.68 , 4.559998
16.696 , 114.19 , 109.68 , 4.510002
16.697 , 114.17 , 109.68 , 4.489998
16.699 , 114.12 , 109.67 , 4.450005
16.701 , 114.1 , 109.66 , 4.439995
16.703 , 114.08 , 109.66 , 4.419998
16.705 , 114.03 , 109.65 , 4.379997
16.706 , 114.03 , 109.65 , 4.379997
16.708 , 114.03 , 109.64 , 4.389999
16.71 , 113.96 , 109.64 , 4.32
16.712 , 113.96 , 109.63 , 4.330002
16.714 , 113.94 , 109.63 , 4.310005
16.716 , 113.92 , 109.62 , 4.299995
16.717 , 113.87 , 109.62 , 4.25
16.719 , 113.8 , 109.61 , 4.190002
16.721 , 113.8 , 109.6 , 4.200005
16.723 , 113.8 , 109.6 , 4.200005
16.725 , 113.78 , 109.59 , 4.190002
16.726 , 113.76 , 109.59 , 4.170006
16.728 , 113.76 , 109.58 , 4.18
16.73 , 113.71 , 109.58 , 4.129997
16.732 , 113.69 , 109.57 , 4.120003
16.734 , 113.69 , 109.57 , 4.120003
16.735 , 113.69 , 109.56 , 4.130005
16.737 , 113.64 , 109.56 , 4.080002
16.739 , 113.62 , 109.55 , 4.07
16.741 , 113.62 , 109.54 , 4.080002
16.743 , 113.57 , 109.54 , 4.029999
16.744 , 113.57 , 109.54 , 4.029999
16.746 , 113.53 , 109.53 , 4.0
16.748 , 113.53 , 109.52 , 4.010002
16.75 , 113.48 , 109.52 , 3.960007
16.752 , 113.48 , 109.51 , 3.970001
16.754 , 113.46 , 109.51 , 3.949997
16.755 , 113.48 , 109.5 , 3.980003
16.757 , 113.46 , 109.5 , 3.959999
16.767 , 113.32 , 109.47 , 3.849998
16.769 , 113.3 , 109.46 , 3.840004
16.771 , 113.3 , 109.45 , 3.850006
16.773 , 113.23 , 109.45 , 3.780006
16.775 , 113.23 , 109.44 , 3.790001
16.776 , 113.23 , 109.44 , 3.790001
16.778 , 113.18 , 109.43 , 3.75
16.78 , 113.16 , 109.43 , 3.730003
16.782 , 113.16 , 109.42 , 3.740005
16.784 , 113.14 , 109.42 , 3.720001
16.785 , 113.09 , 109.41 , 3.679993
16.787 , 113.09 , 109.41 , 3.679993
16.789 , 113.07 , 109.4 , 3.669998
16.791 , 113.02 , 109.39 , 3.629997
16.793 , 113.0 , 109.39 , 3.610001
16.795 , 113.0 , 109.38 , 3.620003
16.796 , 112.98 , 109.38 , 3.600006
16.798 , 112.91 , 109.37 , 3.540001
16.8 , 112.91 , 109.37 , 3.540001
16.802 , 112.89 , 109.36 , 3.529999
16.804 , 112.84 , 109.36 , 3.479996
16.805 , 112.79 , 109.35 , 3.440002
16.807 , 112.79 , 109.35 , 3.440002
16.809 , 112.79 , 109.34 , 3.450005
16.811 , 112.75 , 109.34 , 3.410004
16.813 , 112.79 , 109.33 , 3.459999
16.814 , 112.75 , 109.33 , 3.419998
16.816 , 112.73 , 109.32 , 3.410004
16.818 , 112.68 , 109.31 , 3.370003
16.82 , 112.68 , 109.31 , 3.370003
16.822 , 112.66 , 109.3 , 3.360001
16.823 , 112.66 , 109.3 , 3.360001
16.825 , 112.61 , 109.29 , 3.32
16.827 , 112.59 , 109.29 , 3.299995
16.829 , 112.57 , 109.28 , 3.290001
16.831 , 112.57 , 109.28 , 3.290001
16.832 , 112.52 , 109.27 , 3.25
16.834 , 112.52 , 109.27 , 3.25
16.836 , 112.57 , 109.26 , 3.309998
16.838 , 112.45 , 109.25 , 3.199997
16.84 , 112.45 , 109.25 , 3.199997
16.842 , 112.45 , 109.24 , 3.209999
16.843 , 112.43 , 109.24 , 3.190002
16.845 , 112.43 , 109.23 , 3.199997
16.847 , 112.41 , 109.23 , 3.18
16.849 , 112.34 , 109.22 , 3.119995
16.85 , 112.34 , 109.22 , 3.119995
16.852 , 112.34 , 109.21 , 3.129997
16.854 , 112.34 , 109.21 , 3.129997
16.856 , 112.29 , 109.2 , 3.090004
16.858 , 112.29 , 109.19 , 3.099998
16.86 , 112.27 , 109.19 , 3.079994
16.861 , 112.27 , 109.19 , 3.079994
16.863 , 112.27 , 109.18 , 3.089996
16.865 , 112.27 , 109.17 , 3.099998
16.867 , 112.2 , 109.17 , 3.029999
16.869 , 112.25 , 109.16 , 3.089996
16.871 , 112.25 , 109.16 , 3.089996
16.872 , 112.2 , 109.15 , 3.049995
16.874 , 112.25 , 109.15 , 3.099998
16.876 , 112.25 , 109.14 , 3.110001
16.878 , 112.25 , 109.13 , 3.120003
16.88 , 112.2 , 109.13 , 3.07
16.882 , 112.2 , 109.12 , 3.079994
16.883 , 112.18 , 109.12 , 3.059998
16.885 , 112.18 , 109.11 , 3.07
16.887 , 112.18 , 109.11 , 3.07
16.889 , 112.13 , 109.1 , 3.029999
16.891 , 112.18 , 109.1 , 3.080002
16.893 , 112.13 , 109.09 , 3.040001
16.894 , 112.13 , 109.09 , 3.040001
16.896 , 112.13 , 109.08 , 3.049995
16.898 , 112.13 , 109.07 , 3.059998
16.9 , 112.11 , 109.07 , 3.040001
16.902 , 112.06 , 109.06 , 3.0
16.904 , 112.06 , 109.06 , 3.0
16.905 , 112.06 , 109.05 , 3.009995
16.907 , 112.06 , 109.05 , 3.009995
16.909 , 112.06 , 109.04 , 3.019997
16.911 , 112.06 , 109.04 , 3.019997
16.913 , 112.02 , 109.03 , 2.989998
16.915 , 112.04 , 109.02 , 3.020004
16.916 , 112.02 , 109.02 , 3.0
16.918 , 112.02 , 109.02 , 3.0
16.92 , 112.04 , 109.01 , 3.029999
16.922 , 112.02 , 109.0 , 3.019997
16.923 , 112.02 , 109.0 , 3.019997
16.925 , 112.02 , 108.99 , 3.029999
16.927 , 111.97 , 108.99 , 2.980003
16.929 , 112.02 , 108.98 , 3.039993
16.931 , 111.97 , 108.98 , 2.989998
16.933 , 111.97 , 108.97 , 3.0
16.934 , 111.95 , 108.97 , 2.979996
16.936 , 111.97 , 108.96 , 3.010002
16.938 , 111.95 , 108.96 , 2.989998
16.94 , 111.9 , 108.95 , 2.950005
16.942 , 111.88 , 108.94 , 2.939995
16.944 , 111.9 , 108.94 , 2.959999
16.945 , 111.9 , 108.93 , 2.970001
16.947 , 111.88 , 108.93 , 2.949997
16.949 , 111.88 , 108.92 , 2.959999
16.951 , 111.88 , 108.92 , 2.959999
16.953 , 111.86 , 108.91 , 2.949997
16.955 , 111.86 , 108.9 , 2.959999
16.956 , 111.81 , 108.9 , 2.909996
16.958 , 111.81 , 108.9 , 2.909996
16.96 , 111.79 , 108.89 , 2.900002
16.962 , 111.81 , 108.88 , 2.93
16.964 , 111.79 , 108.88 , 2.910004
16.966 , 111.74 , 108.87 , 2.869995
16.967 , 111.74 , 108.87 , 2.869995
16.969 , 111.79 , 108.86 , 2.93
16.971 , 111.74 , 108.86 , 2.879997
16.973 , 111.72 , 108.85 , 2.870003
16.975 , 111.72 , 108.84 , 2.880005
16.977 , 111.72 , 108.84 , 2.880005
16.978 , 111.72 , 108.84 , 2.880005
16.98 , 111.67 , 108.83 , 2.839996
16.982 , 111.67 , 108.82 , 2.849998
16.984 , 111.72 , 108.82 , 2.900002
16.986 , 111.65 , 108.81 , 2.840004
16.988 , 111.65 , 108.81 , 2.840004
16.989 , 111.63 , 108.8 , 2.829994
16.991 , 111.63 , 108.8 , 2.829994
16.993 , 111.63 , 108.79 , 2.839996
16.995 , 111.63 , 108.78 , 2.849998
16.997 , 111.58 , 108.78 , 2.800003
16.999 , 111.58 , 108.77 , 2.810005
17.0 , 111.56 , 108.77 , 2.790001
17.002 , 111.58 , 108.76 , 2.82
17.004 , 111.58 , 108.76 , 2.82
17.006 , 111.58 , 108.75 , 2.830002
17.008 , 111.58 , 108.75 , 2.830002
17.009 , 111.56 , 108.74 , 2.82
17.011 , 111.51 , 108.74 , 2.770004
17.013 , 111.51 , 108.73 , 2.779999
17.015 , 111.51 , 108.73 , 2.779999
17.017 , 111.49 , 108.72 , 2.769997
17.018 , 111.49 , 108.72 , 2.769997
17.02 , 111.51 , 108.71 , 2.800003
17.022 , 111.51 , 108.7 , 2.810005
17.024 , 111.47 , 108.7 , 2.770004
17.026 , 111.49 , 108.69 , 2.799995
17.027 , 111.47 , 108.69 , 2.779999
17.029 , 111.47 , 108.68 , 2.790001
17.031 , 111.47 , 108.68 , 2.790001
17.033 , 111.42 , 108.67 , 2.75
17.035 , 111.4 , 108.67 , 2.730003
17.036 , 111.4 , 108.66 , 2.739998
17.038 , 111.4 , 108.66 , 2.739998
17.04 , 111.47 , 108.65 , 2.82
17.042 , 111.4 , 108.64 , 2.760002
17.044 , 111.42 , 108.64 , 2.779999
17.045 , 111.35 , 108.64 , 2.709999
17.047 , 111.33 , 108.63 , 2.700005
17.049 , 111.35 , 108.62 , 2.729996
17.051 , 111.35 , 108.62 , 2.729996
17.053 , 111.33 , 108.61 , 2.720001
17.054 , 111.33 , 108.61 , 2.720001
17.056 , 111.35 , 108.6 , 2.75
17.058 , 111.33 , 108.6 , 2.730003
17.06 , 111.33 , 108.59 , 2.740005
17.062 , 111.31 , 108.58 , 2.729996
17.063 , 111.31 , 108.58 , 2.729996
17.065 , 111.31 , 108.58 , 2.729996
17.067 , 111.31 , 108.57 , 2.739998
17.069 , 111.26 , 108.56 , 2.700005
17.071 , 111.31 , 108.56 , 2.75
17.073 , 111.31 , 108.55 , 2.759995
17.074 , 111.31 , 108.55 , 2.759995
17.076 , 111.26 , 108.54 , 2.720001
17.078 , 111.26 , 108.54 , 2.720001
17.08 , 111.26 , 108.53 , 2.730003
17.082 , 111.26 , 108.52 , 2.740005
17.083 , 111.26 , 108.52 , 2.740005
17.085 , 111.24 , 108.52 , 2.720001
17.087 , 111.26 , 108.51 , 2.75
17.089 , 111.24 , 108.5 , 2.739998
17.091 , 111.24 , 108.5 , 2.739998
17.092 , 111.19 , 108.49 , 2.700005
17.094 , 111.24 , 108.49 , 2.75
17.096 , 111.19 , 108.48 , 2.709999
17.098 , 111.19 , 108.48 , 2.709999
17.1 , 111.24 , 108.47 , 2.769997
17.101 , 111.19 , 108.47 , 2.720001
17.103 , 111.17 , 108.46 , 2.709999
17.105 , 111.19 , 108.46 , 2.730003
17.107 , 111.12 , 108.45 , 2.670006
17.109 , 111.17 , 108.44 , 2.729996
17.11 , 111.17 , 108.44 , 2.729996
17.112 , 111.12 , 108.44 , 2.68
17.114 , 111.17 , 108.43 , 2.739998
17.116 , 111.12 , 108.42 , 2.700005
17.118 , 111.12 , 108.42 , 2.700005
17.119 , 111.17 , 108.41 , 2.759995
17.121 , 111.12 , 108.41 , 2.709999
17.123 , 111.17 , 108.4 , 2.769997
17.125 , 111.1 , 108.4 , 2.699997
17.126 , 111.12 , 108.39 , 2.730003
17.128 , 111.1 , 108.39 , 2.709999
17.13 , 111.1 , 108.38 , 2.720001
17.132 , 111.12 , 108.38 , 2.740005
17.134 , 111.1 , 108.37 , 2.729996
17.136 , 111.08 , 108.36 , 2.720001
17.137 , 111.08 , 108.36 , 2.720001
17.139 , 111.1 , 108.35 , 2.75
17.141 , 111.1 , 108.35 , 2.75
17.143 , 111.08 , 108.34 , 2.740005
17.145 , 111.08 , 108.34 , 2.740005
17.146 , 111.08 , 108.33 , 2.75
17.148 , 111.08 , 108.33 , 2.75
17.15 , 111.08 , 108.32 , 2.760002
17.152 , 111.08 , 108.32 , 2.760002
17.153 , 111.08 , 108.31 , 2.770004
17.155 , 111.03 , 108.31 , 2.720001
17.157 , 111.03 , 108.3 , 2.729996
17.159 , 111.03 , 108.29 , 2.739998
17.161 , 111.03 , 108.29 , 2.739998
17.162 , 111.08 , 108.29 , 2.790001
17.164 , 111.08 , 108.28 , 2.800003
17.166 , 111.08 , 108.27 , 2.810005
17.168 , 111.03 , 108.27 , 2.760002
17.17 , 111.03 , 108.26 , 2.769997
17.171 , 111.03 , 108.26 , 2.769997
17.173 , 111.01 , 108.25 , 2.760002
17.175 , 111.03 , 108.25 , 2.779999
17.177 , 111.01 , 108.24 , 2.770004
17.179 , 111.03 , 108.23 , 2.799995
17.18 , 111.01 , 108.23 , 2.779999
17.182 , 111.03 , 108.23 , 2.799995
17.184 , 111.01 , 108.22 , 2.790001
17.186 , 111.03 , 108.21 , 2.82
17.188 , 110.96 , 108.21 , 2.75
17.189 , 111.01 , 108.2 , 2.810005
17.191 , 110.96 , 108.2 , 2.760002
17.193 , 110.96 , 108.19 , 2.769997
17.195 , 111.03 , 108.19 , 2.839996
17.197 , 111.01 , 108.18 , 2.830002
17.198 , 111.01 , 108.18 , 2.830002
17.2 , 110.96 , 108.17 , 2.790001
17.202 , 110.94 , 108.17 , 2.770004
17.204 , 110.96 , 108.16 , 2.799995
17.206 , 110.96 , 108.15 , 2.809998
17.207 , 110.96 , 108.15 , 2.809998
17.209 , 110.94 , 108.15 , 2.790001
17.211 , 110.94 , 108.14 , 2.800003
17.213 , 110.96 , 108.13 , 2.830002
17.215 , 110.94 , 108.13 , 2.810005
17.216 , 110.94 , 108.12 , 2.82
17.218 , 110.92 , 108.12 , 2.799995
17.22 , 110.94 , 108.11 , 2.830002
17.222 , 110.92 , 108.11 , 2.809998
17.224 , 110.92 , 108.1 , 2.82
17.225 , 110.92 , 108.1 , 2.82
17.227 , 110.92 , 108.09 , 2.830002
17.229 , 110.92 , 108.09 , 2.830002
17.231 , 110.87 , 108.08 , 2.790001
17.233 , 110.92 , 108.07 , 2.849998
17.235 , 110.87 , 108.07 , 2.800003
17.236 , 110.92 , 108.06 , 2.860001
17.238 , 110.87 , 108.06 , 2.810005
17.24 , 110.87 , 108.05 , 2.82
17.242 , 110.85 , 108.05 , 2.799995
17.244 , 110.8 , 108.04 , 2.760002
17.245 , 110.85 , 108.04 , 2.809998
17.247 , 110.85 , 108.03 , 2.82
17.249 , 110.8 , 108.03 , 2.770004
17.251 , 110.8 , 108.02 , 2.780006
17.253 , 110.85 , 108.01 , 2.839996
17.254 , 110.8 , 108.01 , 2.790001
17.256 , 110.85 , 108.0 , 2.849998
17.258 , 110.85 , 108.0 , 2.849998
17.26 , 110.8 , 107.99 , 2.810005
17.262 , 110.78 , 107.99 , 2.790001
17.263 , 110.78 , 107.98 , 2.799995
17.265 , 110.73 , 107.98 , 2.75
17.267 , 110.78 , 107.97 , 2.809998
17.269 , 110.73 , 107.97 , 2.760002
17.271 , 110.73 , 107.96 , 2.770004
17.272 , 110.71 , 107.96 , 2.75
17.274 , 110.71 , 107.95 , 2.760002
17.276 , 110.73 , 107.94 , 2.790001
17.278 , 110.71 , 107.94 , 2.769997
17.28 , 110.73 , 107.93 , 2.800003
17.281 , 110.71 , 107.93 , 2.779999
17.283 , 110.69 , 107.92 , 2.770004
17.285 , 110.69 , 107.92 , 2.770004
17.287 , 110.71 , 107.91 , 2.799995
17.289 , 110.64 , 107.91 , 2.729996
17.291 , 110.64 , 107.9 , 2.739998
17.292 , 110.64 , 107.9 , 2.739998
17.294 , 110.69 , 107.89 , 2.800003
17.296 , 110.64 , 107.88 , 2.760002
17.298 , 110.62 , 107.88 , 2.740005
17.3 , 110.62 , 107.87 , 2.75
17.301 , 110.62 , 107.87 , 2.75
17.303 , 110.62 , 107.86 , 2.760002
17.305 , 110.62 , 107.86 , 2.760002
17.307 , 110.57 , 107.85 , 2.720001
17.308 , 110.57 , 107.85 , 2.720001
17.31 , 110.57 , 107.84 , 2.730003
17.312 , 110.55 , 107.84 , 2.710007
17.314 , 110.62 , 107.83 , 2.790001
17.316 , 110.57 , 107.83 , 2.739998
17.318 , 110.62 , 107.82 , 2.800003
17.319 , 110.55 , 107.82 , 2.730003
17.321 , 110.55 , 107.81 , 2.740005
17.323 , 110.55 , 107.8 , 2.75
17.325 , 110.55 , 107.8 , 2.75
17.326 , 110.55 , 107.8 , 2.75
17.328 , 110.55 , 107.79 , 2.760002
17.33 , 110.55 , 107.78 , 2.770004
17.332 , 110.55 , 107.78 , 2.770004
17.333 , 110.55 , 107.77 , 2.780006
17.335 , 110.48 , 107.77 , 2.710007
17.337 , 110.53 , 107.76 , 2.769997
17.339 , 110.48 , 107.76 , 2.720001
17.341 , 110.48 , 107.75 , 2.730003
17.342 , 110.53 , 107.75 , 2.779999
17.344 , 110.53 , 107.74 , 2.790001
17.346 , 110.48 , 107.74 , 2.740005
17.348 , 110.48 , 107.73 , 2.75
17.35 , 110.48 , 107.72 , 2.760002
17.351 , 110.46 , 107.72 , 2.739998
17.353 , 110.48 , 107.71 , 2.770004
17.355 , 110.46 , 107.71 , 2.75
17.357 , 110.48 , 107.7 , 2.780006
17.359 , 110.48 , 107.7 , 2.780006
17.36 , 110.46 , 107.69 , 2.769997
17.362 , 110.46 , 107.69 , 2.769997
17.364 , 110.53 , 107.68 , 2.849998
17.366 , 110.48 , 107.68 , 2.800003
17.368 , 110.48 , 107.67 , 2.810005
17.37 , 110.48 , 107.66 , 2.82
17.371 , 110.48 , 107.66 , 2.82
17.373 , 110.53 , 107.65 , 2.879997
17.375 , 110.53 , 107.65 , 2.879997
17.377 , 110.48 , 107.64 , 2.840004
17.379 , 110.55 , 107.64 , 2.910004
17.38 , 110.48 , 107.63 , 2.850006
17.382 , 110.48 , 107.63 , 2.850006
17.384 , 110.48 , 107.62 , 2.860001
17.386 , 110.55 , 107.62 , 2.93
17.388 , 110.55 , 107.61 , 2.940002
17.389 , 110.55 , 107.61 , 2.940002
17.391 , 110.55 , 107.6 , 2.950005
17.393 , 110.57 , 107.59 , 2.980003
17.395 , 110.57 , 107.59 , 2.980003
17.397 , 110.64 , 107.58 , 3.059998
17.399 , 110.64 , 107.58 , 3.059998
17.4 , 110.71 , 107.57 , 3.139999
17.402 , 110.71 , 107.57 , 3.139999
17.404 , 110.71 , 107.56 , 3.150002
17.406 , 110.78 , 107.56 , 3.220001
17.408 , 110.8 , 107.55 , 3.25
17.409 , 110.85 , 107.55 , 3.299995
17.411 , 110.85 , 107.54 , 3.309998
17.413 , 110.94 , 107.54 , 3.400002
17.415 , 110.96 , 107.53 , 3.43
17.417 , 110.96 , 107.52 , 3.440002
17.419 , 111.03 , 107.52 , 3.510002
17.42 , 111.08 , 107.51 , 3.57
17.422 , 111.1 , 107.51 , 3.589996
17.424 , 111.17 , 107.5 , 3.669998
17.426 , 111.19 , 107.5 , 3.690002
17.427 , 111.26 , 107.49 , 3.770004
17.429 , 111.33 , 107.49 , 3.840004
17.431 , 111.33 , 107.48 , 3.849998
17.433 , 111.4 , 107.48 , 3.919998
17.435 , 111.47 , 107.47 , 4.0
17.436 , 111.49 , 107.47 , 4.019997
17.438 , 111.56 , 107.46 , 4.099998
17.44 , 111.58 , 107.45 , 4.130005
17.442 , 111.63 , 107.45 , 4.18
17.444 , 111.65 , 107.44 , 4.209999
17.445 , 111.72 , 107.44 , 4.279999
17.447 , 111.74 , 107.43 , 4.309998
17.449 , 111.79 , 107.43 , 4.360001
17.451 , 111.79 , 107.42 , 4.370003
17.453 , 111.88 , 107.42 , 4.459999
17.454 , 111.9 , 107.41 , 4.489998
17.456 , 111.97 , 107.41 , 4.559998
17.458 , 112.02 , 107.4 , 4.619995
17.46 , 112.04 , 107.39 , 4.650002
17.462 , 112.06 , 107.39 , 4.669998
17.464 , 112.06 , 107.38 , 4.68
17.465 , 112.11 , 107.38 , 4.730003
17.467 , 112.06 , 107.37 , 4.689995
17.469 , 112.13 , 107.37 , 4.759995
17.471 , 112.18 , 107.36 , 4.82
17.473 , 112.2 , 107.36 , 4.839996
17.475 , 112.2 , 107.35 , 4.849998
17.476 , 112.18 , 107.35 , 4.830002
17.478 , 112.18 , 107.34 , 4.840004
17.48 , 112.18 , 107.33 , 4.849998
17.482 , 112.13 , 107.33 , 4.799995
17.484 , 112.13 , 107.32 , 4.809998
17.486 , 112.13 , 107.32 , 4.809998
17.487 , 112.11 , 107.31 , 4.800003
17.489 , 112.06 , 107.31 , 4.75
17.491 , 112.06 , 107.3 , 4.759995
17.493 , 112.06 , 107.3 , 4.759995
17.495 , 112.04 , 107.29 , 4.75
17.496 , 112.04 , 107.29 , 4.75
17.498 , 112.02 , 107.28 , 4.739998
17.5 , 112.02 , 107.28 , 4.739998
17.502 , 111.95 , 107.27 , 4.68
17.504 , 111.95 , 107.26 , 4.689995
17.506 , 111.9 , 107.26 , 4.639999
17.507 , 111.88 , 107.25 , 4.629997
17.509 , 111.88 , 107.25 , 4.629997
17.511 , 111.88 , 107.24 , 4.639999
17.513 , 111.88 , 107.24 , 4.639999
17.515 , 111.86 , 107.23 , 4.629997
17.517 , 111.81 , 107.22 , 4.589996
17.519 , 111.81 , 107.22 , 4.589996
17.52 , 111.79 , 107.22 , 4.57
17.522 , 111.79 , 107.21 , 4.580002
17.524 , 111.74 , 107.2 , 4.540001
17.526 , 111.74 , 107.2 , 4.540001
17.528 , 111.72 , 107.19 , 4.529999
17.529 , 111.67 , 107.19 , 4.479996
17.531 , 111.67 , 107.18 , 4.489998
17.533 , 111.65 , 107.18 , 4.470001
17.535 , 111.65 , 107.17 , 4.480003
17.537 , 111.63 , 107.16 , 4.469994
17.538 , 111.63 , 107.16 , 4.469994
17.54 , 111.63 , 107.16 , 4.469994
17.542 , 111.58 , 107.15 , 4.43
17.544 , 111.56 , 107.14 , 4.419998
17.546 , 111.49 , 107.14 , 4.349998
17.556 , 111.4 , 107.11 , 4.290001
17.558 , 111.4 , 107.1 , 4.300003
17.559 , 111.4 , 107.1 , 4.300003
17.561 , 111.33 , 107.09 , 4.240005
17.563 , 111.31 , 107.09 , 4.220001
17.565 , 111.31 , 107.08 , 4.229996
17.567 , 111.31 , 107.07 , 4.239998
17.568 , 111.26 , 107.07 , 4.190002
17.57 , 111.26 , 107.07 , 4.190002
17.572 , 111.19 , 107.06 , 4.130005
17.574 , 111.17 , 107.05 , 4.119995
17.576 , 111.19 , 107.05 , 4.139999
17.578 , 111.17 , 107.04 , 4.129997
17.579 , 111.17 , 107.04 , 4.129997
17.581 , 111.17 , 107.03 , 4.139999
17.583 , 111.12 , 107.03 , 4.090004
17.585 , 111.12 , 107.02 , 4.100006
17.587 , 111.1 , 107.01 , 4.089996
17.588 , 111.03 , 107.01 , 4.019997
17.59 , 111.01 , 107.01 , 4.0
17.592 , 111.01 , 107.0 , 4.010002
17.594 , 111.03 , 106.99 , 4.040001
17.596 , 111.01 , 106.99 , 4.020004
17.597 , 110.96 , 106.98 , 3.979996
17.599 , 110.96 , 106.98 , 3.979996
17.601 , 110.96 , 106.97 , 3.989998
17.603 , 110.94 , 106.97 , 3.970001
17.605 , 110.92 , 106.96 , 3.959999
17.607 , 110.92 , 106.96 , 3.959999
17.609 , 110.87 , 106.95 , 3.920006
17.61 , 110.85 , 106.95 , 3.900002
17.612 , 110.85 , 106.94 , 3.909996
17.614 , 110.85 , 106.93 , 3.919998
17.616 , 110.78 , 106.93 , 3.849998
17.618 , 110.78 , 106.92 , 3.860001
17.62 , 110.73 , 106.92 , 3.810005
17.621 , 110.73 , 106.91 , 3.82
17.623 , 110.73 , 106.91 , 3.82
17.625 , 110.71 , 106.9 , 3.809998
17.627 , 110.69 , 106.9 , 3.790001
17.628 , 110.64 , 106.89 , 3.75
17.63 , 110.64 , 106.89 , 3.75
17.632 , 110.64 , 106.88 , 3.760002
17.634 , 110.62 , 106.87 , 3.75
17.636 , 110.55 , 106.87 , 3.68
17.638 , 110.57 , 106.86 , 3.709999
17.639 , 110.57 , 106.86 , 3.709999
17.641 , 110.55 , 106.85 , 3.700005
17.643 , 110.53 , 106.85 , 3.68
17.645 , 110.48 , 106.84 , 3.640007
17.647 , 110.46 , 106.84 , 3.620003
17.648 , 110.46 , 106.83 , 3.629997
17.65 , 110.46 , 106.83 , 3.629997
17.652 , 110.41 , 106.82 , 3.590004
17.654 , 110.39 , 106.81 , 3.580002
17.656 , 110.37 , 106.81 , 3.560005
17.658 , 110.37 , 106.8 , 3.57
17.659 , 110.32 , 106.8 , 3.519997
17.661 , 110.32 , 106.79 , 3.529999
17.663 , 110.32 , 106.79 , 3.529999
17.665 , 110.3 , 106.78 , 3.520004
17.667 , 110.3 , 106.78 , 3.520004
17.668 , 110.25 , 106.77 , 3.480003
17.67 , 110.23 , 106.77 , 3.460007
17.672 , 110.25 , 106.76 , 3.489998
17.674 , 110.25 , 106.75 , 3.5
17.676 , 110.25 , 106.75 , 3.5
17.677 , 110.23 , 106.75 , 3.480003
17.679 , 110.23 , 106.74 , 3.490005
17.681 , 110.23 , 106.73 , 3.5
17.683 , 110.16 , 106.73 , 3.43
17.684 , 110.19 , 106.72 , 3.470001
17.686 , 110.16 , 106.72 , 3.440002
17.688 , 110.16 , 106.71 , 3.450005
17.69 , 110.14 , 106.71 , 3.43
17.691 , 110.14 , 106.7 , 3.440002
17.693 , 110.14 , 106.7 , 3.440002
17.695 , 110.09 , 106.69 , 3.399994
17.697 , 110.09 , 106.69 , 3.399994
17.699 , 110.09 , 106.68 , 3.409996
17.701 , 110.07 , 106.67 , 3.400002
17.702 , 110.07 , 106.67 , 3.400002
17.704 , 110.07 , 106.67 , 3.400002
17.706 , 110.0 , 106.66 , 3.339996
17.708 , 110.0 , 106.65 , 3.349998
17.71 , 110.03 , 106.65 , 3.379997
17.712 , 110.03 , 106.64 , 3.389999
17.713 , 110.03 , 106.64 , 3.389999
17.715 , 109.98 , 106.63 , 3.350006
17.717 , 109.98 , 106.63 , 3.350006
17.719 , 109.98 , 106.62 , 3.360001
17.721 , 109.98 , 106.61 , 3.370003
17.722 , 109.93 , 106.61 , 3.32
17.724 , 109.93 , 106.61 , 3.32
17.726 , 109.93 , 106.6 , 3.330002
17.728 , 109.93 , 106.59 , 3.340004
17.73 , 109.91 , 106.59 , 3.320007
17.731 , 109.91 , 106.58 , 3.330002
17.733 , 109.91 , 106.58 , 3.330002
17.735 , 109.91 , 106.57 , 3.340004
17.737 , 109.86 , 106.57 , 3.290001
17.739 , 109.86 , 106.56 , 3.300003
17.74 , 109.86 , 106.56 , 3.300003
17.742 , 109.86 , 106.55 , 3.309998
17.744 , 109.84 , 106.55 , 3.289993
17.746 , 109.86 , 106.54 , 3.32
17.748 , 109.84 , 106.53 , 3.309998
17.75 , 109.82 , 106.53 , 3.290001
17.751 , 109.82 , 106.52 , 3.300003
17.753 , 109.84 , 106.52 , 3.32
17.755 , 109.75 , 106.51 , 3.239998
17.757 , 109.77 , 106.51 , 3.259995
17.759 , 109.77 , 106.5 , 3.269997
17.761 , 109.77 , 106.49 , 3.279999
17.763 , 109.75 , 106.49 , 3.260002
17.764 , 109.75 , 106.49 , 3.260002
17.766 , 109.7 , 106.48 , 3.219994
17.768 , 109.7 , 106.47 , 3.229996
17.77 , 109.7 , 106.47 , 3.229996
17.772 , 109.68 , 106.46 , 3.220001
17.774 , 109.61 , 106.46 , 3.150002
17.775 , 109.61 , 106.45 , 3.160004
17.777 , 109.57 , 106.45 , 3.120003
17.779 , 109.61 , 106.44 , 3.169998
17.781 , 109.57 , 106.43 , 3.139999
17.783 , 109.61 , 106.43 , 3.18
17.784 , 109.5 , 106.43 , 3.07
17.786 , 109.52 , 106.42 , 3.099998
17.788 , 109.5 , 106.41 , 3.089996
17.79 , 109.45 , 106.41 , 3.039993
17.792 , 109.43 , 106.4 , 3.029999
17.793 , 109.45 , 106.4 , 3.049995
17.795 , 109.43 , 106.39 , 3.040001
17.797 , 109.43 , 106.39 , 3.040001
17.799 , 109.41 , 106.38 , 3.030006
17.801 , 109.41 , 106.38 , 3.030006
17.802 , 109.36 , 106.37 , 2.989998
17.804 , 109.34 , 106.37 , 2.969994
17.806 , 109.36 , 106.36 , 3.0
17.808 , 109.29 , 106.35 , 2.940002
17.81 , 109.29 , 106.35 , 2.940002
17.812 , 109.29 , 106.34 , 2.950005
17.813 , 109.27 , 106.34 , 2.93
17.815 , 109.22 , 106.33 , 2.889999
17.817 , 109.2 , 106.33 , 2.869995
17.819 , 109.2 , 106.32 , 2.879997
17.821 , 109.18 , 106.32 , 2.860001
17.822 , 109.18 , 106.31 , 2.870003
17.824 , 109.18 , 106.31 , 2.870003
17.826 , 109.11 , 106.3 , 2.809998
17.828 , 109.11 , 106.29 , 2.82
17.83 , 109.06 , 106.29 , 2.769997
17.831 , 109.06 , 106.29 , 2.769997
17.833 , 109.04 , 106.28 , 2.760002
17.835 , 109.02 , 106.27 , 2.75
17.837 , 109.02 , 106.27 , 2.75
17.839 , 109.02 , 106.26 , 2.759995
17.841 , 108.97 , 106.26 , 2.709999
17.843 , 108.97 , 106.25 , 2.720001
17.844 , 108.97 , 106.25 , 2.720001
17.846 , 108.95 , 106.24 , 2.709999
17.848 , 108.9 , 106.23 , 2.669998
17.85 , 108.9 , 106.23 , 2.669998
17.852 , 108.88 , 106.22 , 2.659996
17.853 , 108.88 , 106.22 , 2.659996
17.855 , 108.86 , 106.21 , 2.650002
17.857 , 108.88 , 106.21 , 2.669998
17.859 , 108.81 , 106.2 , 2.610001
17.861 , 108.79 , 106.2 , 2.590004
17.863 , 108.86 , 106.19 , 2.669998
17.864 , 108.81 , 106.19 , 2.619995
17.866 , 108.79 , 106.18 , 2.610001
17.868 , 108.74 , 106.17 , 2.57
17.87 , 108.74 , 106.17 , 2.57
17.872 , 108.74 , 106.16 , 2.579994
17.874 , 108.72 , 106.16 , 2.559998
17.875 , 108.72 , 106.15 , 2.57
17.877 , 108.72 , 106.15 , 2.57
17.879 , 108.67 , 106.14 , 2.529999
17.881 , 108.67 , 106.14 , 2.529999
17.883 , 108.65 , 106.13 , 2.520004
17.885 , 108.65 , 106.12 , 2.529999
17.886 , 108.63 , 106.12 , 2.509995
17.888 , 108.65 , 106.11 , 2.540001
17.89 , 108.67 , 106.11 , 2.559998
17.892 , 108.63 , 106.1 , 2.529999
17.894 , 108.58 , 106.1 , 2.480003
17.896 , 108.63 , 106.09 , 2.540001
17.898 , 108.58 , 106.08 , 2.5
17.899 , 108.63 , 106.08 , 2.549995
17.901 , 108.63 , 106.08 , 2.549995
17.903 , 108.56 , 106.07 , 2.489998
17.905 , 108.56 , 106.06 , 2.5
17.907 , 108.51 , 106.06 , 2.450005
17.908 , 108.49 , 106.06 , 2.43
17.91 , 108.56 , 106.05 , 2.509995
17.912 , 108.51 , 106.04 , 2.470001
17.914 , 108.51 , 106.04 , 2.470001
17.916 , 108.51 , 106.03 , 2.480003
17.917 , 108.49 , 106.03 , 2.459999
17.919 , 108.49 , 106.02 , 2.470001
17.921 , 108.51 , 106.02 , 2.490005
17.923 , 108.47 , 106.01 , 2.459999
17.925 , 108.49 , 106.0 , 2.489998
17.927 , 108.47 , 106.0 , 2.470001
17.928 , 108.49 , 106.0 , 2.489998
17.93 , 108.47 , 105.99 , 2.480003
17.932 , 108.47 , 105.98 , 2.489998
17.934 , 108.42 , 105.98 , 2.439995
17.936 , 108.42 , 105.97 , 2.449997
17.937 , 108.42 , 105.97 , 2.449997
17.939 , 108.4 , 105.96 , 2.440002
17.941 , 108.42 , 105.96 , 2.459999
17.943 , 108.42 , 105.95 , 2.470001
17.945 , 108.4 , 105.94 , 2.459999
17.947 , 108.4 , 105.94 , 2.459999
17.948 , 108.4 , 105.94 , 2.459999
17.95 , 108.35 , 105.93 , 2.419998
17.952 , 108.35 , 105.92 , 2.43
17.954 , 108.4 , 105.92 , 2.480003
17.956 , 108.35 , 105.91 , 2.439995
17.958 , 108.33 , 105.91 , 2.419998
17.959 , 108.35 , 105.9 , 2.449997
17.961 , 108.33 , 105.9 , 2.43
17.963 , 108.33 , 105.89 , 2.440002
17.965 , 108.33 , 105.88 , 2.450005
17.967 , 108.33 , 105.88 , 2.450005
17.968 , 108.33 , 105.88 , 2.450005
17.97 , 108.35 , 105.87 , 2.479996
17.972 , 108.26 , 105.86 , 2.400002
17.974 , 108.35 , 105.86 , 2.489998
17.976 , 108.35 , 105.85 , 2.5
17.978 , 108.33 , 105.85 , 2.480003
17.979 , 108.33 , 105.84 , 2.490005
17.981 , 108.33 , 105.84 , 2.490005
17.983 , 108.26 , 105.83 , 2.43
17.985 , 108.31 , 105.82 , 2.489998
17.987 , 108.31 , 105.82 , 2.489998
17.988 , 108.26 , 105.82 , 2.440002
17.99 , 108.31 , 105.81 , 2.5
17.992 , 108.26 , 105.8 , 2.459999
17.994 , 108.26 , 105.8 , 2.459999
17.996 , 108.26 , 105.79 , 2.470001
17.998 , 108.31 , 105.79 , 2.519997
17.999 , 108.24 , 105.78 , 2.459999
18.001 , 108.24 , 105.78 , 2.459999
18.003 , 108.31 , 105.77 , 2.540001
18.005 , 108.24 , 105.77 , 2.470001
18.007 , 108.31 , 105.76 , 2.549995
18.009 , 108.19 , 105.75 , 2.440002
18.01 , 108.24 , 105.75 , 2.489998
18.012 , 108.19 , 105.74 , 2.450005
18.014 , 108.26 , 105.74 , 2.520004
18.016 , 108.24 , 105.73 , 2.509995
18.018 , 108.19 , 105.73 , 2.459999
18.019 , 108.19 , 105.72 , 2.470001
18.021 , 108.24 , 105.72 , 2.519997
18.023 , 108.19 , 105.71 , 2.480003
18.025 , 108.19 , 105.71 , 2.480003
18.027 , 108.24 , 105.7 , 2.540001
18.028 , 108.17 , 105.7 , 2.470001
18.03 , 108.17 , 105.69 , 2.479996
18.032 , 108.17 , 105.68 , 2.489998
18.034 , 108.17 , 105.68 , 2.489998
18.036 , 108.17 , 105.67 , 2.5
18.038 , 108.17 , 105.67 , 2.5
18.039 , 108.19 , 105.66 , 2.529999
18.041 , 108.17 , 105.66 , 2.509995
18.043 , 108.13 , 105.65 , 2.479996
18.045 , 108.13 , 105.65 , 2.479996
18.047 , 108.17 , 105.64 , 2.529999
18.049 , 108.13 , 105.63 , 2.5
18.05 , 108.17 , 105.63 , 2.540001
18.052 , 108.13 , 105.62 , 2.509995
18.054 , 108.13 , 105.62 , 2.509995
18.056 , 108.17 , 105.61 , 2.559998
18.058 , 108.13 , 105.61 , 2.519997
18.059 , 108.13 , 105.6 , 2.529999
18.061 , 108.13 , 105.6 , 2.529999
18.063 , 108.13 , 105.59 , 2.540001
18.065 , 108.13 , 105.59 , 2.540001
18.067 , 108.13 , 105.58 , 2.549995
18.069 , 108.13 , 105.57 , 2.559998
18.071 , 108.17 , 105.57 , 2.599998
18.072 , 108.13 , 105.56 , 2.57
18.074 , 108.13 , 105.56 , 2.57
18.076 , 108.13 , 105.55 , 2.579994
18.078 , 108.13 , 105.55 , 2.579994
18.08 , 108.13 , 105.54 , 2.589996
18.082 , 108.13 , 105.53 , 2.599998
18.084 , 108.17 , 105.53 , 2.639999
18.085 , 108.19 , 105.53 , 2.660004
18.087 , 108.17 , 105.52 , 2.650002
18.089 , 108.13 , 105.51 , 2.619995
18.091 , 108.17 , 105.51 , 2.659996
18.093 , 108.19 , 105.5 , 2.690002
18.095 , 108.17 , 105.5 , 2.669998
18.096 , 108.17 , 105.49 , 2.68
18.098 , 108.17 , 105.49 , 2.68
18.1 , 108.17 , 105.48 , 2.689995
18.102 , 108.17 , 105.48 , 2.689995
18.104 , 108.17 , 105.47 , 2.699997
18.106 , 108.17 , 105.46 , 2.709999
18.107 , 108.13 , 105.46 , 2.669998
18.109 , 108.13 , 105.45 , 2.68
18.111 , 108.13 , 105.45 , 2.68
18.113 , 108.13 , 105.44 , 2.689995
18.115 , 108.13 , 105.44 , 2.689995
18.116 , 108.13 , 105.43 , 2.699997
18.118 , 108.1 , 105.43 , 2.669998
18.12 , 108.13 , 105.42 , 2.709999
18.122 , 108.13 , 105.42 , 2.709999
18.124 , 108.1 , 105.41 , 2.689995
18.126 , 108.13 , 105.4 , 2.729996
18.128 , 108.17 , 105.4 , 2.769997
18.129 , 108.1 , 105.39 , 2.709999
18.131 , 108.1 , 105.39 , 2.709999
18.133 , 108.13 , 105.38 , 2.75
18.135 , 108.1 , 105.38 , 2.720001
18.137 , 108.17 , 105.37 , 2.799995
18.139 , 108.13 , 105.36 , 2.769997
18.14 , 108.13 , 105.36 , 2.769997
18.142 , 108.13 , 105.36 , 2.769997
18.144 , 108.13 , 105.35 , 2.779999
18.146 , 108.1 , 105.34 , 2.760002
18.148 , 108.1 , 105.34 , 2.760002
18.15 , 108.13 , 105.33 , 2.799995
18.152 , 108.1 , 105.33 , 2.769997
18.153 , 108.13 , 105.32 , 2.809998
18.155 , 108.1 , 105.32 , 2.779999
18.157 , 108.13 , 105.31 , 2.82
18.159 , 108.08 , 105.3 , 2.779999
18.161 , 108.08 , 105.3 , 2.779999
18.163 , 108.08 , 105.29 , 2.790001
18.164 , 108.08 , 105.29 , 2.790001
18.166 , 108.08 , 105.28 , 2.800003
18.168 , 108.08 , 105.28 , 2.800003
18.17 , 108.08 , 105.27 , 2.810005
18.171 , 108.1 , 105.27 , 2.830002
18.173 , 108.08 , 105.26 , 2.82
18.175 , 108.08 , 105.26 , 2.82
18.177 , 108.08 , 105.25 , 2.830002
18.179 , 108.08 , 105.24 , 2.840004
18.181 , 108.08 , 105.24 , 2.840004
18.182 , 108.1 , 105.24 , 2.860001
18.184 , 108.08 , 105.23 , 2.849998
18.186 , 108.08 , 105.22 , 2.860001
18.188 , 108.08 , 105.22 , 2.860001
18.189 , 108.03 , 105.21 , 2.82
18.191 , 108.03 , 105.21 , 2.82
18.193 , 108.01 , 105.2 , 2.810005
18.195 , 108.01 , 105.2 , 2.810005
18.197 , 108.08 , 105.19 , 2.889999
18.199 , 108.08 , 105.18 , 2.900002
18.2 , 108.03 , 105.18 , 2.849998
18.202 , 108.08 , 105.18 , 2.900002
18.204 , 108.03 , 105.17 , 2.860001
18.206 , 108.01 , 105.16 , 2.849998
18.208 , 108.03 , 105.16 , 2.869995
18.209 , 108.03 , 105.16 , 2.869995
18.211 , 108.03 , 105.15 , 2.879997
18.213 , 108.03 , 105.14 , 2.889999
18.215 , 108.03 , 105.14 , 2.889999
18.217 , 108.1 , 105.13 , 2.970001
18.219 , 108.13 , 105.13 , 3.0
18.22 , 108.1 , 105.12 , 2.979996
18.222 , 108.17 , 105.12 , 3.049995
18.224 , 108.17 , 105.11 , 3.059998
18.226 , 108.13 , 105.1 , 3.029999
18.228 , 108.19 , 105.1 , 3.090004
18.23 , 108.17 , 105.09 , 3.080002
18.231 , 108.19 , 105.09 , 3.100006
18.233 , 108.24 , 105.08 , 3.159996
18.235 , 108.26 , 105.08 , 3.18
18.237 , 108.33 , 105.07 , 3.260002
18.239 , 108.4 , 105.07 , 3.330002
18.24 , 108.4 , 105.06 , 3.340004
18.242 , 108.42 , 105.06 , 3.360001
18.244 , 108.49 , 105.05 , 3.439995
18.246 , 108.51 , 105.04 , 3.470001
18.247 , 108.58 , 105.04 , 3.540001
18.249 , 108.58 , 105.04 , 3.540001
18.251 , 108.65 , 105.03 , 3.620003
18.253 , 108.67 , 105.02 , 3.650002
18.255 , 108.79 , 105.02 , 3.770004
18.256 , 108.81 , 105.01 , 3.799995
18.258 , 108.86 , 105.01 , 3.849998
18.26 , 108.88 , 105.0 , 3.879997
18.262 , 108.9 , 105.0 , 3.900002
18.264 , 108.97 , 104.99 , 3.980003
18.265 , 108.97 , 104.99 , 3.980003
18.267 , 109.06 , 104.98 , 4.079994
18.269 , 109.06 , 104.98 , 4.079994
18.271 , 109.13 , 104.97 , 4.159996
18.273 , 109.2 , 104.96 , 4.239998
18.275 , 109.22 , 104.96 , 4.260002
18.277 , 109.34 , 104.95 , 4.389999
18.278 , 109.36 , 104.95 , 4.410004
18.28 , 109.43 , 104.94 , 4.489998
18.282 , 109.5 , 104.94 , 4.559998
18.284 , 109.5 , 104.93 , 4.57
18.286 , 109.57 , 104.92 , 4.650002
18.288 , 109.57 , 104.92 , 4.650002
18.289 , 109.68 , 104.92 , 4.760002
18.291 , 109.7 , 104.91 , 4.789993
18.293 , 109.75 , 104.9 , 4.849998
18.295 , 109.75 , 104.9 , 4.849998
18.297 , 109.82 , 104.89 , 4.93
18.298 , 109.82 , 104.89 , 4.93
18.3 , 109.82 , 104.88 , 4.940002
18.302 , 109.84 , 104.88 , 4.959999
18.304 , 109.82 , 104.87 , 4.949997
18.306 , 109.75 , 104.87 , 4.879997
18.308 , 109.75 , 104.86 , 4.889999
18.31 , 109.75 , 104.85 , 4.900002
18.311 , 109.82 , 104.85 , 4.970001
18.313 , 109.77 , 104.84 , 4.93
18.315 , 109.75 , 104.84 , 4.910004
18.317 , 109.7 , 104.83 , 4.869995
18.319 , 109.7 , 104.83 , 4.869995
18.321 , 109.68 , 104.82 , 4.860001
18.322 , 109.61 , 104.82 , 4.790001
18.324 , 109.61 , 104.81 , 4.800003
18.326 , 109.57 , 104.81 , 4.760002
18.328 , 109.52 , 104.8 , 4.719994
18.33 , 109.57 , 104.79 , 4.779999
18.331 , 109.52 , 104.79 , 4.729996
18.333 , 109.45 , 104.78 , 4.669998
18.335 , 109.45 , 104.78 , 4.669998
18.337 , 109.43 , 104.77 , 4.660004
18.347 , 109.34 , 104.74 , 4.599998
18.349 , 109.29 , 104.74 , 4.550003
18.351 , 109.27 , 104.73 , 4.539993
18.353 , 109.29 , 104.72 , 4.57
18.355 , 109.27 , 104.72 , 4.549995
18.356 , 109.22 , 104.72 , 4.5
18.358 , 109.22 , 104.71 , 4.510002
18.36 , 109.2 , 104.7 , 4.5
18.362 , 109.13 , 104.7 , 4.43
18.364 , 109.18 , 104.69 , 4.489998
18.365 , 109.11 , 104.69 , 4.419998
18.367 , 109.06 , 104.68 , 4.379997
18.369 , 109.06 , 104.68 , 4.379997
18.371 , 109.04 , 104.67 , 4.370003
18.373 , 109.04 , 104.66 , 4.379997
18.375 , 108.97 , 104.66 , 4.309998
18.376 , 109.04 , 104.66 , 4.379997
18.378 , 108.97 , 104.65 , 4.32
18.38 , 108.95 , 104.64 , 4.309998
18.382 , 108.95 , 104.64 , 4.309998
18.384 , 108.9 , 104.63 , 4.270004
18.386 , 108.88 , 104.63 , 4.25
18.387 , 108.86 , 104.62 , 4.239998
18.389 , 108.81 , 104.62 , 4.189995
18.391 , 108.81 , 104.61 , 4.199997
18.393 , 108.79 , 104.6 , 4.190002
18.395 , 108.74 , 104.6 , 4.139999
18.397 , 108.72 , 104.59 , 4.130005
18.399 , 108.72 , 104.59 , 4.130005
18.4 , 108.72 , 104.58 , 4.139999
18.402 , 108.67 , 104.58 , 4.089996
18.404 , 108.67 , 104.57 , 4.099998
18.406 , 108.65 , 104.57 , 4.080002
18.408 , 108.58 , 104.56 , 4.020004
18.409 , 108.58 , 104.56 , 4.020004
18.411 , 108.58 , 104.55 , 4.029999
18.413 , 108.58 , 104.55 , 4.029999
18.415 , 108.56 , 104.54 , 4.019997
18.417 , 108.51 , 104.53 , 3.980003
18.418 , 108.51 , 104.53 , 3.980003
18.42 , 108.49 , 104.52 , 3.970001
18.422 , 108.49 , 104.52 , 3.970001
18.424 , 108.49 , 104.51 , 3.979996
18.426 , 108.47 , 104.51 , 3.959999
18.428 , 108.47 , 104.5 , 3.970001
18.429 , 108.42 , 104.5 , 3.919998
18.431 , 108.4 , 104.49 , 3.910004
18.433 , 108.4 , 104.49 , 3.910004
18.435 , 108.33 , 104.48 , 3.849998
18.437 , 108.35 , 104.47 , 3.879997
18.438 , 108.33 , 104.47 , 3.860001
18.44 , 108.31 , 104.46 , 3.849998
18.442 , 108.26 , 104.46 , 3.800003
18.444 , 108.24 , 104.45 , 3.790001
18.446 , 108.19 , 104.45 , 3.740005
18.448 , 108.19 , 104.44 , 3.75
18.449 , 108.17 , 104.44 , 3.729996
18.451 , 108.17 , 104.43 , 3.739998
18.453 , 108.1 , 104.43 , 3.669998
18.455 , 108.13 , 104.42 , 3.709999
18.457 , 108.08 , 104.41 , 3.669998
18.458 , 108.08 , 104.41 , 3.669998
18.46 , 108.03 , 104.4 , 3.629997
18.462 , 108.01 , 104.4 , 3.610001
18.464 , 108.01 , 104.39 , 3.620003
18.466 , 107.94 , 104.39 , 3.550003
18.467 , 107.94 , 104.38 , 3.560005
18.469 , 107.94 , 104.38 , 3.560005
18.471 , 107.87 , 104.37 , 3.5
18.473 , 107.87 , 104.37 , 3.5
18.475 , 107.85 , 104.36 , 3.489998
18.476 , 107.87 , 104.36 , 3.510002
18.478 , 107.8 , 104.35 , 3.450005
18.48 , 107.8 , 104.34 , 3.460007
18.482 , 107.78 , 104.34 , 3.440002
18.484 , 107.78 , 104.33 , 3.449997
18.485 , 107.78 , 104.33 , 3.449997
18.487 , 107.74 , 104.32 , 3.419998
18.489 , 107.71 , 104.32 , 3.389999
18.491 , 107.71 , 104.31 , 3.400002
18.493 , 107.71 , 104.31 , 3.400002
18.495 , 107.71 , 104.3 , 3.409996
18.497 , 107.69 , 104.29 , 3.400002
18.498 , 107.64 , 104.29 , 3.349998
18.5 , 107.69 , 104.28 , 3.410004
18.502 , 107.64 , 104.28 , 3.360001
18.504 , 107.64 , 104.27 , 3.370003
18.506 , 107.64 , 104.27 , 3.370003
18.507 , 107.64 , 104.26 , 3.379997
18.509 , 107.58 , 104.26 , 3.32
18.511 , 107.62 , 104.25 , 3.370003
18.513 , 107.58 , 104.25 , 3.330002
18.515 , 107.58 , 104.24 , 3.340004
18.516 , 107.55 , 104.24 , 3.310005
18.518 , 107.58 , 104.23 , 3.349998
18.52 , 107.55 , 104.23 , 3.32
18.522 , 107.55 , 104.22 , 3.330002
18.524 , 107.53 , 104.21 , 3.32
18.525 , 107.53 , 104.21 , 3.32
18.527 , 107.53 , 104.2 , 3.330002
18.529 , 107.53 , 104.2 , 3.330002
18.531 , 107.53 , 104.19 , 3.339996
18.533 , 107.48 , 104.19 , 3.290001
18.534 , 107.48 , 104.18 , 3.300003
18.536 , 107.46 , 104.18 , 3.279999
18.538 , 107.48 , 104.17 , 3.310005
18.54 , 107.46 , 104.17 , 3.290001
18.542 , 107.46 , 104.16 , 3.299995
18.544 , 107.46 , 104.15 , 3.309998
18.545 , 107.42 , 104.15 , 3.269997
18.547 , 107.46 , 104.14 , 3.32
18.549 , 107.46 , 104.14 , 3.32
18.551 , 107.42 , 104.13 , 3.290001
18.553 , 107.42 , 104.13 , 3.290001
18.555 , 107.37 , 104.12 , 3.25
18.556 , 107.39 , 104.12 , 3.269997
18.558 , 107.39 , 104.11 , 3.279999
18.56 , 107.37 , 104.11 , 3.260002
18.562 , 107.37 , 104.1 , 3.270004
18.563 , 107.3 , 104.1 , 3.200005
18.565 , 107.37 , 104.09 , 3.280006
18.567 , 107.3 , 104.08 , 3.220001
18.569 , 107.32 , 104.08 , 3.239998
18.571 , 107.3 , 104.07 , 3.230003
18.572 , 107.3 , 104.07 , 3.230003
18.574 , 107.26 , 104.06 , 3.200005
18.576 , 107.26 , 104.06 , 3.200005
18.578 , 107.23 , 104.05 , 3.18
18.58 , 107.26 , 104.05 , 3.209999
18.581 , 107.19 , 104.04 , 3.150002
18.583 , 107.16 , 104.04 , 3.120003
18.585 , 107.16 , 104.03 , 3.130005
18.587 , 107.16 , 104.02 , 3.140007
18.588 , 107.16 , 104.02 , 3.140007
18.59 , 107.14 , 104.02 , 3.120003
18.592 , 107.14 , 104.01 , 3.129997
18.594 , 107.14 , 104.0 , 3.139999
18.596 , 107.07 , 104.0 , 3.07
18.598 , 107.07 , 103.99 , 3.080002
18.6 , 107.07 , 103.99 , 3.080002
18.601 , 107.0 , 103.98 , 3.019997
18.603 , 107.03 , 103.98 , 3.049995
18.605 , 107.0 , 103.97 , 3.029999
18.607 , 107.0 , 103.97 , 3.029999
18.609 , 107.0 , 103.96 , 3.040001
18.61 , 107.0 , 103.96 , 3.040001
18.612 , 106.94 , 103.95 , 2.990005
18.614 , 106.94 , 103.94 , 3.0
18.616 , 106.94 , 103.94 , 3.0
18.617 , 106.94 , 103.94 , 3.0
18.619 , 106.87 , 103.93 , 2.940002
18.621 , 106.87 , 103.92 , 2.950005
18.623 , 106.84 , 103.92 , 2.919998
18.625 , 106.87 , 103.91 , 2.959999
18.627 , 106.8 , 103.91 , 2.889999
18.628 , 106.8 , 103.9 , 2.900002
18.63 , 106.8 , 103.9 , 2.900002
18.632 , 106.8 , 103.89 , 2.910004
18.634 , 106.78 , 103.88 , 2.900002
18.635 , 106.75 , 103.88 , 2.870003
18.637 , 106.78 , 103.88 , 2.900002
18.639 , 106.78 , 103.87 , 2.909996
18.641 , 106.78 , 103.86 , 2.919998
18.643 , 106.71 , 103.86 , 2.849998
18.645 , 106.68 , 103.85 , 2.830002
18.646 , 106.61 , 103.85 , 2.760002
18.648 , 106.61 , 103.84 , 2.770004
18.65 , 106.61 , 103.84 , 2.770004
18.652 , 106.68 , 103.83 , 2.849998
18.654 , 106.68 , 103.82 , 2.860001
18.656 , 106.68 , 103.82 , 2.860001
18.657 , 106.68 , 103.82 , 2.860001
18.659 , 106.68 , 103.81 , 2.870003
18.661 , 106.59 , 103.8 , 2.789993
18.663 , 106.61 , 103.8 , 2.809998
18.665 , 106.57 , 103.79 , 2.779999
18.666 , 106.57 , 103.79 , 2.779999
18.668 , 106.57 , 103.78 , 2.790001
18.67 , 106.52 , 103.78 , 2.739998
18.672 , 106.52 , 103.77 , 2.75
18.674 , 106.5 , 103.76 , 2.739998
18.676 , 106.5 , 103.76 , 2.739998
18.677 , 106.5 , 103.76 , 2.739998
18.679 , 106.45 , 103.75 , 2.699997
18.681 , 106.41 , 103.74 , 2.670006
18.683 , 106.41 , 103.74 , 2.670006
18.685 , 106.41 , 103.73 , 2.68
18.686 , 106.43 , 103.73 , 2.699997
18.688 , 106.34 , 103.72 , 2.619995
18.69 , 106.36 , 103.72 , 2.639999
18.692 , 106.36 , 103.71 , 2.650002
18.694 , 106.34 , 103.7 , 2.639999
18.696 , 106.34 , 103.7 , 2.639999
18.698 , 106.29 , 103.69 , 2.599998
18.699 , 106.27 , 103.69 , 2.579994
18.701 , 106.27 , 103.68 , 2.589996
18.703 , 106.23 , 103.68 , 2.550003
18.705 , 106.2 , 103.67 , 2.529999
18.707 , 106.2 , 103.67 , 2.529999
18.709 , 106.13 , 103.66 , 2.469994
18.71 , 106.18 , 103.66 , 2.519997
18.712 , 106.13 , 103.65 , 2.479996
18.714 , 106.11 , 103.65 , 2.459999
18.716 , 106.13 , 103.64 , 2.489998
18.718 , 106.07 , 103.63 , 2.440002
18.72 , 106.04 , 103.63 , 2.410004
18.721 , 106.04 , 103.62 , 2.419998
18.723 , 106.02 , 103.62 , 2.399994
18.725 , 106.04 , 103.61 , 2.43
18.727 , 106.02 , 103.61 , 2.409996
18.729 , 106.02 , 103.6 , 2.419998
18.73 , 106.02 , 103.6 , 2.419998
18.732 , 105.97 , 103.59 , 2.380005
18.734 , 105.97 , 103.59 , 2.380005
18.736 , 105.97 , 103.58 , 2.389999
18.738 , 105.97 , 103.57 , 2.400002
18.739 , 105.91 , 103.57 , 2.340004
18.741 , 105.91 , 103.56 , 2.350006
18.743 , 105.95 , 103.56 , 2.389999
18.745 , 105.91 , 103.55 , 2.360001
18.747 , 105.81 , 103.55 , 2.259995
18.749 , 105.88 , 103.54 , 2.339996
18.75 , 105.81 , 103.54 , 2.269997
18.752 , 105.81 , 103.53 , 2.279999
18.754 , 105.79 , 103.53 , 2.260002
18.756 , 105.81 , 103.52 , 2.290001
18.758 , 105.88 , 103.51 , 2.369995
18.76 , 105.79 , 103.51 , 2.279999
18.761 , 105.81 , 103.5 , 2.309998
18.763 , 105.75 , 103.5 , 2.25
18.765 , 105.81 , 103.49 , 2.32
18.767 , 105.75 , 103.49 , 2.260002
18.769 , 105.79 , 103.48 , 2.309998
18.77 , 105.79 , 103.48 , 2.309998
18.772 , 105.75 , 103.47 , 2.279999
18.774 , 105.75 , 103.47 , 2.279999
18.776 , 105.75 , 103.46 , 2.290001
18.778 , 105.75 , 103.45 , 2.300003
18.779 , 105.75 , 103.45 , 2.300003
18.781 , 105.72 , 103.44 , 2.279999
18.783 , 105.72 , 103.44 , 2.279999
18.785 , 105.72 , 103.43 , 2.290001
18.787 , 105.72 , 103.43 , 2.290001
18.788 , 105.68 , 103.42 , 2.260002
18.79 , 105.72 , 103.42 , 2.300003
18.792 , 105.68 , 103.41 , 2.269997
18.794 , 105.75 , 103.41 , 2.339996
18.795 , 105.72 , 103.4 , 2.32
18.797 , 105.72 , 103.4 , 2.32
18.799 , 105.72 , 103.39 , 2.330002
18.801 , 105.72 , 103.39 , 2.330002
18.803 , 105.72 , 103.38 , 2.340004
18.804 , 105.72 , 103.38 , 2.340004
18.806 , 105.75 , 103.37 , 2.379997
18.808 , 105.68 , 103.36 , 2.32
18.81 , 105.68 , 103.36 , 2.32
18.812 , 105.68 , 103.35 , 2.330002
18.813 , 105.65 , 103.35 , 2.300003
18.815 , 105.68 , 103.34 , 2.340004
18.817 , 105.68 , 103.34 , 2.340004
18.819 , 105.68 , 103.33 , 2.349998
18.821 , 105.68 , 103.33 , 2.349998
18.822 , 105.65 , 103.32 , 2.330002
18.824 , 105.68 , 103.32 , 2.360001
18.826 , 105.68 , 103.31 , 2.370003
18.828 , 105.72 , 103.3 , 2.419998
18.83 , 105.72 , 103.3 , 2.419998
18.831 , 105.65 , 103.3 , 2.349998
18.833 , 105.68 , 103.29 , 2.389999
18.835 , 105.68 , 103.28 , 2.400002
18.837 , 105.68 , 103.28 , 2.400002
18.839 , 105.72 , 103.27 , 2.450005
18.84 , 105.75 , 103.27 , 2.480003
18.842 , 105.72 , 103.26 , 2.459999
18.844 , 105.65 , 103.26 , 2.389999
18.846 , 105.75 , 103.25 , 2.5
18.847 , 105.75 , 103.25 , 2.5
18.849 , 105.75 , 103.24 , 2.510002
18.851 , 105.72 , 103.24 , 2.480003
18.853 , 105.75 , 103.23 , 2.519997
18.855 , 105.75 , 103.22 , 2.529999
18.856 , 105.75 , 103.22 , 2.529999
18.858 , 105.72 , 103.21 , 2.510002
18.86 , 105.75 , 103.21 , 2.540001
18.862 , 105.79 , 103.2 , 2.590004
18.864 , 105.75 , 103.2 , 2.550003
18.865 , 105.72 , 103.19 , 2.529999
18.867 , 105.75 , 103.19 , 2.559998
18.869 , 105.75 , 103.18 , 2.57
18.871 , 105.75 , 103.18 , 2.57
18.873 , 105.79 , 103.17 , 2.620003
18.874 , 105.79 , 103.17 , 2.620003
18.876 , 105.81 , 103.16 , 2.649994
18.878 , 105.81 , 103.15 , 2.659996
18.88 , 105.79 , 103.15 , 2.639999
18.882 , 105.81 , 103.14 , 2.669998
18.884 , 105.81 , 103.14 , 2.669998
18.886 , 105.81 , 103.13 , 2.68
18.887 , 105.88 , 103.13 , 2.75
18.889 , 105.81 , 103.12 , 2.689995
18.891 , 105.88 , 103.12 , 2.759995
18.893 , 105.88 , 103.11 , 2.769997
18.895 , 105.88 , 103.1 , 2.779999
18.897 , 105.88 , 103.1 , 2.779999
18.899 , 105.95 , 103.09 , 2.860001
18.9 , 105.91 , 103.09 , 2.820007
18.902 , 105.88 , 103.08 , 2.799995
18.904 , 105.91 , 103.08 , 2.830002
18.906 , 105.91 , 103.07 , 2.840004
18.908 , 105.91 , 103.07 , 2.840004
18.909 , 106.02 , 103.06 , 2.959999
18.911 , 105.97 , 103.06 , 2.910004
18.913 , 105.97 , 103.05 , 2.919998
18.915 , 106.02 , 103.04 , 2.979996
18.917 , 106.02 , 103.04 , 2.979996
18.919 , 105.97 , 103.03 , 2.940002
18.92 , 106.02 , 103.03 , 2.989998
18.922 , 106.02 , 103.02 , 3.0
18.924 , 106.04 , 103.02 , 3.020004
18.926 , 106.02 , 103.01 , 3.009995
18.928 , 106.02 , 103.01 , 3.009995
18.929 , 106.02 , 103.0 , 3.019997
18.931 , 106.04 , 103.0 , 3.040001
18.933 , 106.02 , 102.99 , 3.029999
18.935 , 106.02 , 102.98 , 3.039993
18.937 , 106.02 , 102.98 , 3.039993
18.938 , 106.02 , 102.98 , 3.039993
18.94 , 106.02 , 102.97 , 3.049995
18.942 , 106.02 , 102.96 , 3.059998
18.944 , 106.04 , 102.96 , 3.080002
18.946 , 106.02 , 102.95 , 3.07
18.948 , 106.04 , 102.95 , 3.090004
18.949 , 105.97 , 102.94 , 3.029999
18.951 , 106.02 , 102.94 , 3.079994
18.953 , 106.04 , 102.93 , 3.110001
18.955 , 106.02 , 102.92 , 3.099998
18.957 , 106.02 , 102.92 , 3.099998
18.959 , 106.04 , 102.91 , 3.129997
18.96 , 106.04 , 102.91 , 3.129997
18.962 , 106.02 , 102.9 , 3.119995
18.964 , 106.02 , 102.9 , 3.119995
18.966 , 106.02 , 102.89 , 3.129997
18.968 , 106.04 , 102.89 , 3.150002
18.97 , 106.02 , 102.88 , 3.139999
18.971 , 106.02 , 102.88 , 3.139999
18.973 , 105.97 , 102.87 , 3.099998
18.975 , 106.02 , 102.86 , 3.159996
18.977 , 105.97 , 102.86 , 3.110001
18.979 , 105.97 , 102.85 , 3.120003
18.981 , 106.04 , 102.85 , 3.190002
18.982 , 105.97 , 102.84 , 3.130005
18.984 , 105.97 , 102.84 , 3.130005
18.986 , 105.97 , 102.83 , 3.139999
18.988 , 105.95 , 102.83 , 3.119995
18.99 , 105.97 , 102.82 , 3.150002
18.992 , 106.02 , 102.81 , 3.209999
18.993 , 105.95 , 102.81 , 3.139999
18.995 , 106.02 , 102.8 , 3.219994
18.997 , 105.97 , 102.8 , 3.169998
18.999 , 105.97 , 102.79 , 3.18
19.001 , 106.02 , 102.79 , 3.229996
19.002 , 106.02 , 102.78 , 3.239998
19.004 , 106.02 , 102.78 , 3.239998
19.006 , 105.97 , 102.77 , 3.200005
19.008 , 105.97 , 102.77 , 3.200005
19.01 , 105.97 , 102.76 , 3.209999
19.012 , 106.02 , 102.75 , 3.269997
19.013 , 105.97 , 102.75 , 3.220001
19.015 , 105.95 , 102.75 , 3.199997
19.017 , 105.97 , 102.74 , 3.230003
19.019 , 105.95 , 102.73 , 3.219994
19.021 , 105.95 , 102.73 , 3.219994
19.022 , 105.95 , 102.72 , 3.229996
19.024 , 105.95 , 102.72 , 3.229996
19.026 , 105.91 , 102.71 , 3.200005
19.028 , 105.88 , 102.71 , 3.169998
19.03 , 105.95 , 102.7 , 3.25
19.032 , 105.95 , 102.69 , 3.259995
19.033 , 105.91 , 102.69 , 3.220001
19.035 , 105.95 , 102.69 , 3.259995
19.037 , 105.95 , 102.68 , 3.269997
19.039 , 105.95 , 102.67 , 3.279999
19.041 , 105.95 , 102.67 , 3.279999
19.043 , 105.95 , 102.66 , 3.289993
19.044 , 105.95 , 102.66 , 3.289993
19.046 , 105.95 , 102.65 , 3.299995
19.048 , 105.97 , 102.65 , 3.32
19.05 , 105.97 , 102.64 , 3.330002
19.052 , 106.02 , 102.63 , 3.389999
19.054 , 106.02 , 102.63 , 3.389999
19.055 , 106.04 , 102.63 , 3.410004
19.057 , 106.02 , 102.62 , 3.399994
19.059 , 106.04 , 102.61 , 3.43
19.061 , 106.04 , 102.61 , 3.43
19.062 , 106.11 , 102.6 , 3.510002
19.064 , 106.18 , 102.6 , 3.580002
19.066 , 106.2 , 102.59 , 3.610001
19.068 , 106.18 , 102.59 , 3.590004
19.07 , 106.27 , 102.58 , 3.689995
19.071 , 106.29 , 102.58 , 3.709999
19.073 , 106.34 , 102.57 , 3.769997
19.075 , 106.41 , 102.57 , 3.840004
19.077 , 106.43 , 102.56 , 3.870003
19.079 , 106.45 , 102.55 , 3.899994
19.081 , 106.5 , 102.55 , 3.949997
19.082 , 106.52 , 102.54 , 3.979996
19.084 , 106.57 , 102.54 , 4.029999
19.086 , 106.59 , 102.53 , 4.059998
19.088 , 106.68 , 102.53 , 4.150002
19.09 , 106.71 , 102.52 , 4.190002
19.092 , 106.78 , 102.51 , 4.269997
19.093 , 106.8 , 102.51 , 4.290001
19.095 , 106.8 , 102.51 , 4.290001
19.097 , 106.91 , 102.5 , 4.410004
19.099 , 106.98 , 102.49 , 4.490005
19.1 , 107.0 , 102.49 , 4.510002
19.102 , 107.07 , 102.49 , 4.580002
19.104 , 107.1 , 102.48 , 4.619995
19.106 , 107.16 , 102.47 , 4.690002
19.108 , 107.16 , 102.47 , 4.690002
19.109 , 107.23 , 102.46 , 4.770004
19.111 , 107.3 , 102.46 , 4.840004
19.113 , 107.37 , 102.45 , 4.920006
19.115 , 107.39 , 102.45 , 4.940002
19.117 , 107.48 , 102.44 , 5.040001
19.118 , 107.48 , 102.44 , 5.040001
19.12 , 107.58 , 102.43 , 5.150002
19.122 , 107.55 , 102.43 , 5.120003
19.123 , 107.58 , 102.42 , 5.160004
19.125 , 107.64 , 102.42 , 5.220001
19.127 , 107.69 , 102.41 , 5.279999
19.137 , 107.69 , 102.38 , 5.310005
19.139 , 107.69 , 102.37 , 5.32
19.141 , 107.69 , 102.37 , 5.32
19.143 , 107.69 , 102.36 , 5.330002
19.144 , 107.69 , 102.36 , 5.330002
19.146 , 107.69 , 102.35 , 5.340004
19.148 , 107.64 , 102.35 , 5.290001
19.15 , 107.62 , 102.34 , 5.280006
19.152 , 107.62 , 102.34 , 5.280006
19.153 , 107.62 , 102.33 , 5.290001
19.155 , 107.58 , 102.33 , 5.25
19.157 , 107.55 , 102.32 , 5.230003
19.159 , 107.55 , 102.31 , 5.240005
19.16 , 107.53 , 102.31 , 5.220001
19.162 , 107.53 , 102.31 , 5.220001
19.164 , 107.48 , 102.3 , 5.18
19.166 , 107.46 , 102.29 , 5.169998
19.168 , 107.46 , 102.29 , 5.169998
19.17 , 107.42 , 102.28 , 5.139999
19.171 , 107.42 , 102.28 , 5.139999
19.173 , 107.39 , 102.27 , 5.120003
19.175 , 107.37 , 102.27 , 5.100006
19.177 , 107.32 , 102.26 , 5.059998
19.179 , 107.32 , 102.25 , 5.07
19.181 , 107.3 , 102.25 , 5.050003
19.182 , 107.23 , 102.25 , 4.980003
19.184 , 107.23 , 102.24 , 4.990005
19.186 , 107.16 , 102.23 , 4.93
19.188 , 107.16 , 102.23 , 4.93
19.189 , 107.14 , 102.22 , 4.919998
19.191 , 107.1 , 102.22 , 4.879997
19.193 , 107.1 , 102.21 , 4.889999
19.195 , 107.07 , 102.21 , 4.860001
19.197 , 107.0 , 102.2 , 4.800003
19.199 , 107.03 , 102.19 , 4.839996
19.2 , 107.0 , 102.19 , 4.809998
19.202 , 106.98 , 102.19 , 4.790001
19.204 , 106.91 , 102.18 , 4.730003
19.206 , 106.87 , 102.17 , 4.700005
19.207 , 106.87 , 102.17 , 4.700005
19.209 , 106.84 , 102.17 , 4.669998
19.211 , 106.84 , 102.16 , 4.679993
19.213 , 106.8 , 102.15 , 4.650002
19.215 , 106.78 , 102.15 , 4.629997
19.217 , 106.78 , 102.14 , 4.639999
19.218 , 106.75 , 102.14 , 4.610001
19.22 , 106.78 , 102.13 , 4.650002
19.222 , 106.75 , 102.13 , 4.620003
19.224 , 106.75 , 102.12 , 4.629997
19.226 , 106.71 , 102.11 , 4.599998
19.227 , 106.68 , 102.11 , 4.57
19.229 , 106.68 , 102.11 , 4.57
19.231 , 106.68 , 102.1 , 4.580002
19.233 , 106.59 , 102.09 , 4.5
19.235 , 106.59 , 102.09 , 4.5
19.236 , 106.57 , 102.08 , 4.489998
19.238 , 106.59 , 102.08 , 4.509995
19.24 , 106.57 , 102.07 , 4.5
19.242 , 106.52 , 102.07 , 4.449997
19.244 , 106.5 , 102.06 , 4.440002
19.246 , 106.5 , 102.05 , 4.449997
19.247 , 106.5 , 102.05 , 4.449997
19.249 , 106.43 , 102.05 , 4.379997
19.251 , 106.43 , 102.04 , 4.389999
19.253 , 106.45 , 102.03 , 4.419998
19.255 , 106.43 , 102.03 , 4.400002
19.256 , 106.41 , 102.02 , 4.390007
19.258 , 106.36 , 102.02 , 4.340004
19.26 , 106.34 , 102.01 , 4.329994
19.262 , 106.36 , 102.01 , 4.349998
19.264 , 106.34 , 102.0 , 4.339996
19.265 , 106.34 , 102.0 , 4.339996
19.267 , 106.29 , 101.99 , 4.300003
19.269 , 106.27 , 101.99 , 4.279999
19.271 , 106.29 , 101.98 , 4.309998
19.273 , 106.23 , 101.97 , 4.260002
19.275 , 106.2 , 101.97 , 4.229996
19.276 , 106.18 , 101.96 , 4.220001
19.278 , 106.13 , 101.96 , 4.169998
19.28 , 106.13 , 101.95 , 4.18
19.282 , 106.11 , 101.95 , 4.160004
19.284 , 106.07 , 101.94 , 4.129997
19.286 , 106.07 , 101.93 , 4.139999
19.287 , 106.04 , 101.93 , 4.110001
19.289 , 106.04 , 101.93 , 4.110001
19.291 , 106.02 , 101.92 , 4.099998
19.293 , 105.97 , 101.91 , 4.059998
19.295 , 105.97 , 101.91 , 4.059998
19.296 , 105.97 , 101.9 , 4.07
19.298 , 105.95 , 101.9 , 4.049995
19.3 , 105.91 , 101.89 , 4.020004
19.302 , 105.91 , 101.89 , 4.020004
19.304 , 105.88 , 101.88 , 4.0
19.305 , 105.88 , 101.88 , 4.0
19.307 , 105.88 , 101.87 , 4.009995
19.309 , 105.81 , 101.87 , 3.939995
19.311 , 105.81 , 101.86 , 3.949997
19.313 , 105.79 , 101.85 , 3.940002
19.314 , 105.75 , 101.85 , 3.900002
19.316 , 105.79 , 101.85 , 3.940002
19.318 , 105.75 , 101.84 , 3.910004
19.32 , 105.75 , 101.83 , 3.919998
19.322 , 105.79 , 101.83 , 3.959999
19.324 , 105.65 , 101.82 , 3.830002
19.325 , 105.65 , 101.82 , 3.830002
19.327 , 105.63 , 101.81 , 3.82
19.329 , 105.65 , 101.81 , 3.840004
19.331 , 105.63 , 101.8 , 3.829994
19.333 , 105.58 , 101.79 , 3.790001
19.334 , 105.58 , 101.79 , 3.790001
19.336 , 105.63 , 101.79 , 3.839996
19.338 , 105.58 , 101.78 , 3.800003
19.34 , 105.58 , 101.77 , 3.810005
19.342 , 105.56 , 101.77 , 3.790001
19.343 , 105.58 , 101.76 , 3.82
19.345 , 105.56 , 101.76 , 3.799995
19.347 , 105.52 , 101.75 , 3.769997
19.349 , 105.52 , 101.75 , 3.769997
19.351 , 105.52 , 101.74 , 3.779999
19.353 , 105.52 , 101.73 , 3.789993
19.354 , 105.52 , 101.73 , 3.789993
19.356 , 105.47 , 101.73 , 3.739998
19.358 , 105.52 , 101.72 , 3.799995
19.36 , 105.47 , 101.71 , 3.760002
19.362 , 105.49 , 101.71 , 3.779999
19.363 , 105.49 , 101.7 , 3.790001
19.365 , 105.47 , 101.7 , 3.770004
19.367 , 105.47 , 101.69 , 3.779999
19.369 , 105.47 , 101.69 , 3.779999
19.371 , 105.47 , 101.68 , 3.790001
19.373 , 105.42 , 101.67 , 3.75
19.374 , 105.42 , 101.67 , 3.75
19.376 , 105.42 , 101.67 , 3.75
19.378 , 105.4 , 101.66 , 3.739998
19.38 , 105.36 , 101.65 , 3.709999
19.382 , 105.4 , 101.65 , 3.75
19.383 , 105.4 , 101.64 , 3.760002
19.385 , 105.4 , 101.64 , 3.760002
19.387 , 105.36 , 101.63 , 3.730003
19.389 , 105.33 , 101.63 , 3.700005
19.391 , 105.33 , 101.62 , 3.709999
19.392 , 105.36 , 101.62 , 3.739998
19.394 , 105.33 , 101.61 , 3.720001
19.396 , 105.33 , 101.61 , 3.720001
19.398 , 105.33 , 101.6 , 3.730003
19.4 , 105.29 , 101.59 , 3.700005
19.401 , 105.26 , 101.59 , 3.670006
19.403 , 105.29 , 101.59 , 3.700005
19.405 , 105.29 , 101.58 , 3.709999
19.407 , 105.26 , 101.57 , 3.690002
19.409 , 105.26 , 101.57 , 3.690002
19.41 , 105.2 , 101.56 , 3.639999
19.412 , 105.24 , 101.56 , 3.68
19.414 , 105.24 , 101.55 , 3.689995
19.416 , 105.24 , 101.55 , 3.689995
19.418 , 105.17 , 101.54 , 3.629997
19.419 , 105.2 , 101.54 , 3.659996
19.421 , 105.2 , 101.53 , 3.669998
19.423 , 105.2 , 101.53 , 3.669998
19.425 , 105.13 , 101.52 , 3.610001
19.427 , 105.13 , 101.51 , 3.619995
19.429 , 105.08 , 101.51 , 3.57
19.43 , 105.1 , 101.5 , 3.599998
19.432 , 105.1 , 101.5 , 3.599998
19.434 , 105.04 , 101.49 , 3.550003
19.436 , 105.08 , 101.49 , 3.590004
19.438 , 105.04 , 101.48 , 3.559998
19.439 , 105.01 , 101.48 , 3.529999
19.441 , 105.01 , 101.47 , 3.540001
19.443 , 105.01 , 101.47 , 3.540001
19.445 , 105.01 , 101.46 , 3.550003
19.447 , 104.97 , 101.45 , 3.520004
19.448 , 104.94 , 101.45 , 3.490005
19.45 , 104.92 , 101.44 , 3.479996
19.452 , 104.92 , 101.44 , 3.479996
19.454 , 104.92 , 101.43 , 3.489998
19.456 , 104.88 , 101.43 , 3.449997
19.458 , 104.88 , 101.42 , 3.459999
19.459 , 104.85 , 101.42 , 3.43
19.461 , 104.85 , 101.41 , 3.439995
19.463 , 104.81 , 101.41 , 3.399994
19.465 , 104.78 , 101.4 , 3.379997
19.467 , 104.78 , 101.39 , 3.389999
19.469 , 104.74 , 101.39 , 3.349998
19.471 , 104.74 , 101.38 , 3.360001
19.472 , 104.74 , 101.38 , 3.360001
19.474 , 104.74 , 101.37 , 3.369995
19.476 , 104.72 , 101.37 , 3.349998
19.478 , 104.69 , 101.36 , 3.330002
19.48 , 104.72 , 101.35 , 3.370003
19.481 , 104.69 , 101.35 , 3.340004
19.483 , 104.65 , 101.35 , 3.300003
19.485 , 104.65 , 101.34 , 3.310005
19.487 , 104.62 , 101.33 , 3.290001
19.488 , 104.62 , 101.33 , 3.290001
19.49 , 104.55 , 101.32 , 3.230003
19.492 , 104.58 , 101.32 , 3.260002
19.494 , 104.53 , 101.31 , 3.220001
19.496 , 104.55 , 101.31 , 3.240005
19.497 , 104.53 , 101.3 , 3.229996
19.499 , 104.53 , 101.3 , 3.229996
19.501 , 104.49 , 101.29 , 3.199997
19.503 , 104.46 , 101.29 , 3.169998
19.505 , 104.42 , 101.28 , 3.139999
19.507 , 104.42 , 101.27 , 3.150002
19.509 , 104.42 , 101.27 , 3.150002
19.51 , 104.39 , 101.27 , 3.120003
19.512 , 104.39 , 101.26 , 3.129997
19.514 , 104.37 , 101.25 , 3.120003
19.516 , 104.33 , 101.25 , 3.080002
19.517 , 104.33 , 101.24 , 3.090004
19.519 , 104.3 , 101.24 , 3.060005
19.521 , 104.26 , 101.23 , 3.029999
19.523 , 104.3 , 101.23 , 3.07
19.525 , 104.26 , 101.22 , 3.040001
19.526 , 104.23 , 101.22 , 3.010002
19.528 , 104.26 , 101.21 , 3.050003
19.53 , 104.19 , 101.21 , 2.980003
19.532 , 104.23 , 101.2 , 3.030006
19.533 , 104.19 , 101.2 , 2.990005
19.535 , 104.17 , 101.19 , 2.979996
19.537 , 104.17 , 101.18 , 2.989998
19.539 , 104.17 , 101.18 , 2.989998
19.541 , 104.14 , 101.17 , 2.970001
19.542 , 104.1 , 101.17 , 2.93
19.544 , 104.07 , 101.16 , 2.909996
19.546 , 104.03 , 101.16 , 2.869995
19.548 , 104.07 , 101.15 , 2.919998
19.55 , 104.01 , 101.15 , 2.860001
19.552 , 104.01 , 101.14 , 2.870003
19.553 , 103.98 , 101.14 , 2.840004
19.555 , 104.01 , 101.13 , 2.880005
19.557 , 103.94 , 101.12 , 2.82
19.559 , 103.94 , 101.12 , 2.82
19.561 , 103.91 , 101.11 , 2.800003
19.562 , 103.91 , 101.11 , 2.800003
19.564 , 103.91 , 101.1 , 2.810005
19.566 , 103.87 , 101.1 , 2.770004
19.568 , 103.85 , 101.09 , 2.760002
19.569 , 103.85 , 101.09 , 2.760002
19.571 , 103.85 , 101.08 , 2.769997
19.573 , 103.78 , 101.08 , 2.699997
19.575 , 103.78 , 101.07 , 2.709999
19.577 , 103.78 , 101.06 , 2.720001
19.579 , 103.75 , 101.06 , 2.690002
19.581 , 103.78 , 101.05 , 2.729996
19.582 , 103.71 , 101.05 , 2.659996
19.584 , 103.75 , 101.04 , 2.709999
19.586 , 103.69 , 101.04 , 2.650002
19.588 , 103.69 , 101.03 , 2.660004
19.589 , 103.64 , 101.03 , 2.610001
19.591 , 103.64 , 101.02 , 2.620003
19.593 , 103.62 , 101.02 , 2.600006
19.595 , 103.64 , 101.01 , 2.629997
19.597 , 103.59 , 101.0 , 2.589996
19.599 , 103.62 , 101.0 , 2.620003
19.6 , 103.59 , 101.0 , 2.589996
19.602 , 103.62 , 100.99 , 2.630005
19.604 , 103.55 , 100.98 , 2.57
19.606 , 103.48 , 100.98 , 2.5
19.607 , 103.52 , 100.98 , 2.539993
19.609 , 103.52 , 100.97 , 2.549995
19.611 , 103.52 , 100.96 , 2.559998
19.613 , 103.46 , 100.96 , 2.5
19.615 , 103.48 , 100.95 , 2.530006
19.617 , 103.46 , 100.95 , 2.510002
19.618 , 103.46 , 100.94 , 2.519997
19.62 , 103.46 , 100.94 , 2.519997
19.622 , 103.46 , 100.93 , 2.529999
19.624 , 103.43 , 100.92 , 2.510002
19.626 , 103.39 , 100.92 , 2.470001
19.627 , 103.39 , 100.92 , 2.470001
19.629 , 103.36 , 100.91 , 2.449997
19.631 , 103.32 , 100.9 , 2.419998
19.633 , 103.32 , 100.9 , 2.419998
19.635 , 103.3 , 100.89 , 2.410004
19.636 , 103.25 , 100.89 , 2.360001
19.638 , 103.3 , 100.88 , 2.420006
19.64 , 103.25 , 100.88 , 2.370003
19.642 , 103.25 , 100.87 , 2.379997
19.644 , 103.25 , 100.86 , 2.389999
19.645 , 103.2 , 100.86 , 2.339996
19.647 , 103.23 , 100.86 , 2.370003
19.649 , 103.23 , 100.85 , 2.380005
19.651 , 103.2 , 100.84 , 2.360001
19.653 , 103.2 , 100.84 , 2.360001
19.654 , 103.16 , 100.83 , 2.330002
19.656 , 103.16 , 100.83 , 2.330002
19.658 , 103.16 , 100.82 , 2.340004
19.66 , 103.16 , 100.82 , 2.340004
19.662 , 103.16 , 100.81 , 2.350006
19.663 , 103.09 , 100.81 , 2.279999
19.665 , 103.09 , 100.8 , 2.289993
19.667 , 103.07 , 100.8 , 2.269997
19.669 , 103.07 , 100.79 , 2.279999
19.671 , 103.04 , 100.78 , 2.260002
19.672 , 103.0 , 100.78 , 2.220001
19.674 , 103.07 , 100.77 , 2.300003
19.676 , 103.04 , 100.77 , 2.270004
19.678 , 102.98 , 100.76 , 2.220001
19.68 , 103.04 , 100.76 , 2.279999
19.681 , 102.98 , 100.75 , 2.230003
19.683 , 103.0 , 100.75 , 2.25
19.685 , 102.98 , 100.74 , 2.240005
19.687 , 102.98 , 100.74 , 2.240005
19.688 , 102.93 , 100.73 , 2.199997
19.69 , 102.93 , 100.73 , 2.199997
19.692 , 102.93 , 100.72 , 2.209999
19.694 , 102.93 , 100.71 , 2.220001
19.696 , 102.91 , 100.71 , 2.200005
19.697 , 102.93 , 100.71 , 2.220001
19.699 , 102.91 , 100.7 , 2.210007
19.701 , 102.91 , 100.69 , 2.220001
19.703 , 102.91 , 100.69 , 2.220001
19.705 , 102.86 , 100.68 , 2.18
19.706 , 102.86 , 100.68 , 2.18
19.708 , 102.91 , 100.67 , 2.240005
19.71 , 102.84 , 100.67 , 2.169998
19.712 , 102.84 , 100.66 , 2.179993
19.714 , 102.84 , 100.66 , 2.179993
19.715 , 102.82 , 100.65 , 2.169998
19.717 , 102.84 , 100.65 , 2.189995
19.719 , 102.84 , 100.64 , 2.199997
19.721 , 102.82 , 100.63 , 2.190002
19.723 , 102.82 , 100.63 , 2.190002
19.725 , 102.82 , 100.62 , 2.199997
19.726 , 102.82 , 100.62 , 2.199997
19.728 , 102.77 , 100.61 , 2.159996
19.73 , 102.82 , 100.61 , 2.209999
19.732 , 102.77 , 100.6 , 2.169998
19.734 , 102.75 , 100.6 , 2.150002
19.736 , 102.75 , 100.59 , 2.160004
19.737 , 102.75 , 100.59 , 2.160004
19.739 , 102.75 , 100.58 , 2.169998
19.741 , 102.75 , 100.57 , 2.18
19.743 , 102.7 , 100.57 , 2.129997
19.744 , 102.75 , 100.57 , 2.18
19.746 , 102.75 , 100.56 , 2.190002
19.748 , 102.7 , 100.55 , 2.149994
19.75 , 102.7 , 100.55 , 2.149994
19.752 , 102.68 , 100.54 , 2.139999
19.754 , 102.7 , 100.54 , 2.159996
19.755 , 102.7 , 100.53 , 2.169998
19.757 , 102.68 , 100.53 , 2.150002
19.759 , 102.68 , 100.52 , 2.160004
19.761 , 102.68 , 100.51 , 2.169998
19.763 , 102.68 , 100.51 , 2.169998
19.764 , 102.61 , 100.51 , 2.099998
19.766 , 102.68 , 100.5 , 2.18
19.768 , 102.61 , 100.49 , 2.120003
19.77 , 102.61 , 100.49 , 2.120003
19.772 , 102.61 , 100.48 , 2.129997
19.773 , 102.59 , 100.48 , 2.109993
19.775 , 102.59 , 100.47 , 2.119995
19.777 , 102.59 , 100.47 , 2.119995
19.779 , 102.59 , 100.46 , 2.129997
19.781 , 102.59 , 100.45 , 2.139999
19.783 , 102.52 , 100.45 , 2.07
19.784 , 102.52 , 100.45 , 2.07
19.786 , 102.45 , 100.44 , 2.009995
19.788 , 102.49 , 100.43 , 2.059998
19.79 , 102.45 , 100.43 , 2.019997
19.792 , 102.45 , 100.42 , 2.029999
19.794 , 102.43 , 100.42 , 2.010002
19.795 , 102.45 , 100.41 , 2.039993
19.797 , 102.43 , 100.41 , 2.019997
19.799 , 102.43 , 100.4 , 2.029999
19.801 , 102.43 , 100.4 , 2.029999
19.802 , 102.38 , 100.39 , 1.989998
19.804 , 102.38 , 100.39 , 1.989998
19.806 , 102.38 , 100.38 , 2.0
19.808 , 102.38 , 100.37 , 2.009995
19.81 , 102.36 , 100.37 , 1.989998
19.812 , 102.31 , 100.36 , 1.949997
19.813 , 102.36 , 100.36 , 2.0
19.815 , 102.31 , 100.35 , 1.959999
19.817 , 102.31 , 100.35 , 1.959999
19.819 , 102.29 , 100.34 , 1.950005
19.821 , 102.31 , 100.34 , 1.970001
19.822 , 102.31 , 100.33 , 1.979996
19.824 , 102.29 , 100.33 , 1.959999
19.826 , 102.27 , 100.32 , 1.949997
19.828 , 102.29 , 100.31 , 1.980003
19.83 , 102.27 , 100.31 , 1.959999
19.832 , 102.22 , 100.3 , 1.919998
19.833 , 102.27 , 100.3 , 1.969994
19.835 , 102.27 , 100.29 , 1.979996
19.837 , 102.27 , 100.29 , 1.979996
19.839 , 102.31 , 100.28 , 2.029999
19.841 , 102.27 , 100.28 , 1.989998
19.843 , 102.29 , 100.27 , 2.020004
19.844 , 102.27 , 100.27 , 2.0
19.846 , 102.22 , 100.26 , 1.959999
19.848 , 102.27 , 100.25 , 2.019997
19.85 , 102.27 , 100.25 , 2.019997
19.852 , 102.22 , 100.24 , 1.980003
19.853 , 102.22 , 100.24 , 1.980003
19.855 , 102.22 , 100.23 , 1.989998
19.857 , 102.22 , 100.23 , 1.989998
19.859 , 102.2 , 100.22 , 1.979996
19.861 , 102.22 , 100.22 , 2.0
19.862 , 102.22 , 100.21 , 2.010002
19.864 , 102.2 , 100.21 , 1.989998
19.866 , 102.22 , 100.2 , 2.020004
19.868 , 102.2 , 100.19 , 2.009995
19.87 , 102.22 , 100.19 , 2.029999
19.871 , 102.2 , 100.19 , 2.009995
19.873 , 102.22 , 100.18 , 2.040001
19.875 , 102.2 , 100.17 , 2.029999
19.877 , 102.2 , 100.17 , 2.029999
19.879 , 102.22 , 100.16 , 2.059998
19.88 , 102.22 , 100.16 , 2.059998
19.882 , 102.29 , 100.15 , 2.139999
19.884 , 102.27 , 100.15 , 2.119995
19.886 , 102.22 , 100.14 , 2.080002
19.888 , 102.29 , 100.13 , 2.160004
19.889 , 102.31 , 100.13 , 2.18
19.891 , 102.36 , 100.13 , 2.230003
19.893 , 102.36 , 100.12 , 2.239998
19.895 , 102.45 , 100.11 , 2.339996
19.897 , 102.45 , 100.11 , 2.339996
19.898 , 102.45 , 100.1 , 2.349998
19.9 , 102.52 , 100.1 , 2.419998
19.902 , 102.59 , 100.09 , 2.5
19.904 , 102.61 , 100.09 , 2.520004
19.906 , 102.66 , 100.08 , 2.580002
19.908 , 102.7 , 100.08 , 2.619995
19.909 , 102.75 , 100.07 , 2.68
19.911 , 102.75 , 100.07 , 2.68
19.913 , 102.82 , 100.06 , 2.760002
19.923 , 103.16 , 100.03 , 3.130005
19.925 , 103.2 , 100.02 , 3.18
19.927 , 103.2 , 100.02 , 3.18
19.929 , 103.25 , 100.01 , 3.239998
19.93 , 103.32 , 100.01 , 3.309998
19.932 , 103.32 , 100.0 , 3.32
19.934 , 103.46 , 100.0 , 3.459999
19.936 , 103.52 , 99.99 , 3.529999
19.938 , 103.55 , 99.99 , 3.560005
19.939 , 103.62 , 99.98 , 3.639999
19.941 , 103.62 , 99.98 , 3.639999
19.943 , 103.69 , 99.97 , 3.720001
19.944 , 103.69 , 99.97 , 3.720001
19.946 , 103.75 , 99.96 , 3.790001
19.948 , 103.78 , 99.96 , 3.82
19.95 , 103.85 , 99.95 , 3.900002
19.952 , 103.87 , 99.94 , 3.93
19.953 , 103.94 , 99.94 , 4.0
19.955 , 103.94 , 99.93 , 4.010002
19.957 , 103.94 , 99.93 , 4.010002
19.958 , 103.98 , 99.93 , 4.050003
19.96 , 104.01 , 99.92 , 4.090004
19.962 , 103.98 , 99.91 , 4.07
19.963 , 103.98 , 99.91 , 4.07
19.965 , 104.01 , 99.9 , 4.110001
19.967 , 104.03 , 99.9 , 4.129997
19.969 , 104.03 , 99.89 , 4.139999
19.97 , 104.01 , 99.89 , 4.120003
19.972 , 104.03 , 99.88 , 4.150002
19.974 , 104.03 , 99.88 , 4.150002
19.976 , 104.07 , 99.87 , 4.199997
19.977 , 104.07 , 99.87 , 4.199997
19.979 , 104.01 , 99.86 , 4.150002
19.981 , 104.01 , 99.86 , 4.150002
19.982 , 104.03 , 99.85 , 4.18
19.984 , 104.07 , 99.85 , 4.220001
19.986 , 104.07 , 99.84 , 4.230003
19.988 , 104.03 , 99.84 , 4.190002
19.99 , 104.01 , 99.83 , 4.18
19.991 , 104.01 , 99.83 , 4.18
19.993 , 104.01 , 99.82 , 4.190002
19.995 , 104.01 , 99.81 , 4.200005
19.996 , 104.01 , 99.81 , 4.200005
19.998 , 104.01 , 99.81 , 4.200005
20.0 , 104.01 , 99.8 , 4.209999
20.001 , 103.98 , 99.8 , 4.18
20.003 , 103.98 , 99.79 , 4.190002
20.005 , 103.98 , 99.79 , 4.190002
20.006 , 103.98 , 99.78 , 4.200005
20.008 , 103.98 , 99.78 , 4.200005
20.01 , 103.94 , 99.77 , 4.170006
20.011 , 103.94 , 99.77 , 4.170006
20.013 , 103.94 , 99.76 , 4.18
20.015 , 103.91 , 99.76 , 4.150002
20.016 , 103.94 , 99.75 , 4.190002
20.018 , 103.94 , 99.75 , 4.190002
20.02 , 103.91 , 99.74 , 4.170006
20.021 , 103.87 , 99.74 , 4.130005
20.023 , 103.87 , 99.73 , 4.139999
20.025 , 103.87 , 99.73 , 4.139999
20.027 , 103.85 , 99.72 , 4.129997
20.028 , 103.85 , 99.72 , 4.129997
20.03 , 103.85 , 99.71 , 4.139999
20.032 , 103.85 , 99.7 , 4.150002
20.034 , 103.8 , 99.7 , 4.100006
20.035 , 103.85 , 99.7 , 4.150002
20.037 , 103.85 , 99.69 , 4.159996
20.039 , 103.85 , 99.68 , 4.169998
20.04 , 103.85 , 99.68 , 4.169998
20.042 , 103.8 , 99.67 , 4.130005
20.044 , 103.78 , 99.67 , 4.110001
20.046 , 103.78 , 99.66 , 4.119995
20.047 , 103.78 , 99.66 , 4.119995
20.049 , 103.78 , 99.65 , 4.129997
20.051 , 103.8 , 99.65 , 4.150002
20.052 , 103.75 , 99.64 , 4.110001
20.054 , 103.78 , 99.64 , 4.139999
20.056 , 103.75 , 99.63 , 4.120003
20.058 , 103.78 , 99.63 , 4.150002
20.059 , 103.78 , 99.62 , 4.159996
20.061 , 103.8 , 99.62 , 4.18
20.063 , 103.75 , 99.61 , 4.139999
20.064 , 103.75 , 99.61 , 4.139999
20.066 , 103.8 , 99.6 , 4.200005
20.068 , 103.78 , 99.6 , 4.18
20.07 , 103.78 , 99.59 , 4.190002
20.071 , 103.78 , 99.59 , 4.190002
20.073 , 103.78 , 99.58 , 4.199997
20.075 , 103.8 , 99.58 , 4.220001
20.077 , 103.78 , 99.57 , 4.209999
20.078 , 103.78 , 99.57 , 4.209999
20.08 , 103.78 , 99.56 , 4.220001
20.082 , 103.78 , 99.55 , 4.229996
20.084 , 103.78 , 99.55 , 4.229996
20.085 , 103.8 , 99.55 , 4.25
20.087 , 103.78 , 99.54 , 4.239998
20.089 , 103.78 , 99.53 , 4.25
20.091 , 103.75 , 99.53 , 4.220001
20.092 , 103.75 , 99.52 , 4.230003
20.094 , 103.75 , 99.52 , 4.230003
20.096 , 103.75 , 99.51 , 4.239998
20.097 , 103.71 , 99.51 , 4.199997
20.099 , 103.71 , 99.5 , 4.209999
20.101 , 103.71 , 99.5 , 4.209999
20.103 , 103.75 , 99.49 , 4.260002
20.104 , 103.71 , 99.49 , 4.220001
20.106 , 103.71 , 99.48 , 4.229996
20.108 , 103.69 , 99.48 , 4.209999
20.109 , 103.64 , 99.47 , 4.169998
20.111 , 103.64 , 99.47 , 4.169998
20.113 , 103.64 , 99.46 , 4.18
20.115 , 103.64 , 99.46 , 4.18
20.116 , 103.62 , 99.45 , 4.170006
20.118 , 103.59 , 99.45 , 4.139999
20.12 , 103.62 , 99.44 , 4.18
20.121 , 103.62 , 99.44 , 4.18
20.123 , 103.59 , 99.43 , 4.159996
20.125 , 103.55 , 99.43 , 4.120003
20.126 , 103.52 , 99.42 , 4.099998
20.128 , 103.52 , 99.42 , 4.099998
20.13 , 103.52 , 99.41 , 4.109993
20.132 , 103.52 , 99.41 , 4.109993
20.133 , 103.48 , 99.4 , 4.080002
20.135 , 103.48 , 99.4 , 4.080002
20.137 , 103.46 , 99.39 , 4.07
20.139 , 103.43 , 99.38 , 4.050003
20.14 , 103.43 , 99.38 , 4.050003
20.142 , 103.43 , 99.38 , 4.050003
20.144 , 103.39 , 99.37 , 4.019997
20.145 , 103.43 , 99.37 , 4.059998
20.147 , 103.46 , 99.36 , 4.099998
20.149 , 103.43 , 99.35 , 4.080002
20.151 , 103.43 , 99.35 , 4.080002
20.152 , 103.43 , 99.35 , 4.080002
20.154 , 103.43 , 99.34 , 4.090004
20.156 , 103.36 , 99.33 , 4.029999
20.157 , 103.36 , 99.33 , 4.029999
20.159 , 103.32 , 99.32 , 4.0
20.161 , 103.32 , 99.32 , 4.0
20.163 , 103.36 , 99.31 , 4.050003
20.164 , 103.3 , 99.31 , 3.990005
20.166 , 103.3 , 99.3 , 4.0
20.168 , 103.3 , 99.3 , 4.0
20.169 , 103.25 , 99.29 , 3.959999
20.171 , 103.25 , 99.29 , 3.959999
20.173 , 103.25 , 99.28 , 3.970001
20.174 , 103.25 , 99.28 , 3.970001
20.176 , 103.23 , 99.27 , 3.960007
20.178 , 103.23 , 99.27 , 3.960007
20.179 , 103.2 , 99.26 , 3.939995
20.181 , 103.2 , 99.26 , 3.939995
20.183 , 103.2 , 99.25 , 3.949997
20.185 , 103.2 , 99.25 , 3.949997
20.186 , 103.2 , 99.24 , 3.959999
20.188 , 103.14 , 99.24 , 3.900002
20.19 , 103.14 , 99.23 , 3.909996
20.192 , 103.09 , 99.23 , 3.859993
20.193 , 103.14 , 99.22 , 3.919998
20.195 , 103.09 , 99.22 , 3.869995
20.197 , 103.07 , 99.21 , 3.860001
20.199 , 103.09 , 99.2 , 3.889999
20.2 , 103.07 , 99.2 , 3.870003
20.202 , 103.07 , 99.2 , 3.870003
20.204 , 103.07 , 99.19 , 3.879997
20.206 , 103.0 , 99.18 , 3.82
20.207 , 103.0 , 99.18 , 3.82
20.209 , 103.0 , 99.18 , 3.82
20.211 , 103.0 , 99.17 , 3.830002
20.212 , 102.98 , 99.17 , 3.810005
20.214 , 103.0 , 99.16 , 3.839996
20.216 , 102.98 , 99.15 , 3.830002
20.217 , 102.93 , 99.15 , 3.779999
20.219 , 102.91 , 99.15 , 3.760002
20.221 , 102.93 , 99.14 , 3.790001
20.223 , 102.91 , 99.13 , 3.780006
20.224 , 102.86 , 99.13 , 3.730003
20.226 , 102.91 , 99.12 , 3.790001
20.228 , 102.86 , 99.12 , 3.739998
20.229 , 102.84 , 99.12 , 3.719994
20.231 , 102.84 , 99.11 , 3.729996
20.233 , 102.84 , 99.1 , 3.739998
20.234 , 102.84 , 99.1 , 3.739998
20.236 , 102.84 , 99.09 , 3.75
20.238 , 102.75 , 99.09 , 3.660004
20.24 , 102.82 , 99.08 , 3.739998
20.242 , 102.75 , 99.08 , 3.669998
20.243 , 102.77 , 99.07 , 3.699997
20.245 , 102.7 , 99.07 , 3.629997
20.247 , 102.75 , 99.06 , 3.690002
20.248 , 102.7 , 99.06 , 3.639999
20.25 , 102.75 , 99.05 , 3.699997
20.252 , 102.68 , 99.05 , 3.629997
20.254 , 102.66 , 99.04 , 3.620003
20.255 , 102.68 , 99.04 , 3.639999
20.257 , 102.68 , 99.03 , 3.650002
20.259 , 102.68 , 99.03 , 3.650002
20.26 , 102.66 , 99.02 , 3.640007
20.262 , 102.66 , 99.02 , 3.640007
20.264 , 102.61 , 99.01 , 3.599998
20.265 , 102.59 , 99.01 , 3.579994
20.267 , 102.59 , 99.0 , 3.589996
20.269 , 102.54 , 99.0 , 3.540001
20.271 , 102.59 , 98.99 , 3.599998
20.272 , 102.52 , 98.99 , 3.529999
20.274 , 102.54 , 98.98 , 3.559998
20.276 , 102.52 , 98.97 , 3.549995
20.278 , 102.52 , 98.97 , 3.549995
20.279 , 102.49 , 98.97 , 3.519997
20.281 , 102.45 , 98.96 , 3.489998
20.283 , 102.49 , 98.95 , 3.540001
20.285 , 102.45 , 98.95 , 3.5
20.287 , 102.45 , 98.94 , 3.509995
20.288 , 102.38 , 98.94 , 3.439995
20.29 , 102.36 , 98.93 , 3.43
20.292 , 102.43 , 98.93 , 3.5
20.293 , 102.38 , 98.92 , 3.459999
20.295 , 102.36 , 98.92 , 3.440002
20.297 , 102.36 , 98.91 , 3.449997
20.298 , 102.29 , 98.91 , 3.379997
20.3 , 102.31 , 98.9 , 3.409996
20.302 , 102.31 , 98.9 , 3.409996
20.304 , 102.29 , 98.89 , 3.400002
20.305 , 102.31 , 98.89 , 3.419998
20.307 , 102.29 , 98.88 , 3.410004
20.309 , 102.22 , 98.88 , 3.340004
20.31 , 102.22 , 98.87 , 3.349998
20.312 , 102.2 , 98.87 , 3.329994
20.314 , 102.2 , 98.86 , 3.339996
20.316 , 102.2 , 98.86 , 3.339996
20.317 , 102.2 , 98.85 , 3.349998
20.319 , 102.2 , 98.85 , 3.349998
20.321 , 102.15 , 98.84 , 3.310005
20.323 , 102.11 , 98.83 , 3.279999
20.324 , 102.11 , 98.83 , 3.279999
20.326 , 102.06 , 98.83 , 3.229996
20.328 , 102.04 , 98.82 , 3.220001
20.329 , 102.04 , 98.82 , 3.220001
20.331 , 102.04 , 98.81 , 3.230003
20.333 , 101.99 , 98.8 , 3.189995
20.335 , 101.99 , 98.8 , 3.189995
20.336 , 101.95 , 98.8 , 3.149994
20.338 , 101.95 , 98.79 , 3.159996
20.34 , 101.95 , 98.78 , 3.169998
20.342 , 101.95 , 98.78 , 3.169998
20.343 , 101.9 , 98.77 , 3.130005
20.345 , 101.88 , 98.77 , 3.110001
20.347 , 101.88 , 98.76 , 3.119995
20.349 , 101.83 , 98.76 , 3.07
20.35 , 101.83 , 98.75 , 3.080002
20.352 , 101.81 , 98.75 , 3.059998
20.354 , 101.83 , 98.74 , 3.090004
20.355 , 101.81 , 98.74 , 3.07
20.357 , 101.76 , 98.73 , 3.029999
20.359 , 101.81 , 98.73 , 3.079994
20.361 , 101.76 , 98.72 , 3.040001
20.362 , 101.74 , 98.72 , 3.019997
20.364 , 101.74 , 98.71 , 3.029999
20.366 , 101.72 , 98.71 , 3.010002
20.367 , 101.72 , 98.7 , 3.020004
20.369 , 101.74 , 98.7 , 3.040001
20.371 , 101.67 , 98.69 , 2.979996
20.373 , 101.65 , 98.68 , 2.970001
20.374 , 101.67 , 98.68 , 2.989998
20.376 , 101.65 , 98.68 , 2.970001
20.378 , 101.65 , 98.67 , 2.980003
20.379 , 101.65 , 98.67 , 2.980003
20.381 , 101.6 , 98.66 , 2.939995
20.383 , 101.6 , 98.65 , 2.949997
20.385 , 101.58 , 98.65 , 2.93
20.386 , 101.58 , 98.65 , 2.93
20.388 , 101.58 , 98.64 , 2.940002
20.39 , 101.51 , 98.63 , 2.880005
20.391 , 101.56 , 98.63 , 2.93
20.393 , 101.56 , 98.62 , 2.939995
20.395 , 101.51 , 98.62 , 2.889999
20.397 , 101.51 , 98.61 , 2.900002
20.398 , 101.51 , 98.61 , 2.900002
20.4 , 101.51 , 98.6 , 2.910004
20.402 , 101.44 , 98.6 , 2.840004
20.403 , 101.44 , 98.6 , 2.840004
20.405 , 101.42 , 98.59 , 2.830002
20.407 , 101.44 , 98.58 , 2.860001
20.408 , 101.37 , 98.58 , 2.790001
20.41 , 101.37 , 98.57 , 2.800003
20.412 , 101.35 , 98.57 , 2.779999
20.414 , 101.35 , 98.56 , 2.790001
20.415 , 101.35 , 98.56 , 2.790001
20.417 , 101.33 , 98.55 , 2.779999
20.419 , 101.33 , 98.55 , 2.779999
20.421 , 101.33 , 98.54 , 2.790001
20.422 , 101.33 , 98.54 , 2.790001
20.424 , 101.28 , 98.53 , 2.75
20.426 , 101.28 , 98.53 , 2.75
20.427 , 101.26 , 98.52 , 2.740005
20.429 , 101.26 , 98.52 , 2.740005
20.431 , 101.21 , 98.51 , 2.699997
20.432 , 101.21 , 98.51 , 2.699997
20.434 , 101.19 , 98.5 , 2.690002
20.436 , 101.19 , 98.5 , 2.690002
20.437 , 101.17 , 98.49 , 2.68
20.439 , 101.17 , 98.49 , 2.68
20.441 , 101.12 , 98.48 , 2.639999
20.443 , 101.12 , 98.48 , 2.639999
20.444 , 101.12 , 98.47 , 2.650002
20.446 , 101.12 , 98.47 , 2.650002
20.448 , 101.12 , 98.46 , 2.660004
20.449 , 101.1 , 98.46 , 2.639999
20.451 , 101.1 , 98.45 , 2.650002
20.453 , 101.05 , 98.45 , 2.600006
20.454 , 101.03 , 98.44 , 2.589996
20.456 , 101.03 , 98.44 , 2.589996
20.458 , 101.05 , 98.43 , 2.620003
20.46 , 101.01 , 98.42 , 2.590004
20.461 , 101.01 , 98.42 , 2.590004
20.463 , 101.01 , 98.42 , 2.590004
20.465 , 100.96 , 98.41 , 2.549995
20.466 , 100.96 , 98.41 , 2.549995
20.468 , 100.96 , 98.4 , 2.559998
20.47 , 100.89 , 98.39 , 2.5
20.472 , 100.94 , 98.39 , 2.550003
20.473 , 100.94 , 98.39 , 2.550003
20.475 , 100.89 , 98.38 , 2.510002
20.477 , 100.89 , 98.37 , 2.519997
20.479 , 100.89 , 98.37 , 2.519997
20.48 , 100.87 , 98.36 , 2.510002
20.482 , 100.82 , 98.36 , 2.459999
20.484 , 100.82 , 98.35 , 2.470001
20.486 , 100.82 , 98.35 , 2.470001
20.487 , 100.82 , 98.34 , 2.480003
20.489 , 100.82 , 98.34 , 2.480003
20.491 , 100.8 , 98.33 , 2.470001
20.492 , 100.78 , 98.33 , 2.449997
20.494 , 100.78 , 98.32 , 2.459999
20.496 , 100.73 , 98.32 , 2.410004
20.498 , 100.73 , 98.31 , 2.420006
20.499 , 100.78 , 98.31 , 2.470001
20.501 , 100.73 , 98.3 , 2.43
20.503 , 100.78 , 98.3 , 2.479996
20.504 , 100.73 , 98.29 , 2.440002
20.506 , 100.73 , 98.29 , 2.440002
20.508 , 100.73 , 98.28 , 2.450005
20.509 , 100.71 , 98.28 , 2.43
20.511 , 100.73 , 98.27 , 2.460007
20.513 , 100.71 , 98.27 , 2.440002
20.515 , 100.71 , 98.26 , 2.449997
20.516 , 100.71 , 98.26 , 2.449997
20.518 , 100.71 , 98.25 , 2.459999
20.52 , 100.71 , 98.25 , 2.459999
20.522 , 100.66 , 98.24 , 2.420006
20.523 , 100.71 , 98.24 , 2.470001
20.525 , 100.66 , 98.23 , 2.43
20.527 , 100.71 , 98.22 , 2.489998
20.528 , 100.71 , 98.22 , 2.489998
20.53 , 100.66 , 98.22 , 2.440002
20.532 , 100.71 , 98.21 , 2.5
20.533 , 100.64 , 98.21 , 2.43
20.535 , 100.66 , 98.2 , 2.460007
20.537 , 100.66 , 98.19 , 2.470001
20.539 , 100.64 , 98.19 , 2.449997
20.54 , 100.71 , 98.19 , 2.519997
20.542 , 100.66 , 98.18 , 2.480003
20.544 , 100.71 , 98.17 , 2.540001
20.545 , 100.64 , 98.17 , 2.470001
20.547 , 100.66 , 98.16 , 2.5
20.549 , 100.66 , 98.16 , 2.5
20.55 , 100.66 , 98.16 , 2.5
20.552 , 100.64 , 98.15 , 2.489998
20.554 , 100.66 , 98.14 , 2.520004
20.555 , 100.66 , 98.14 , 2.520004
20.557 , 100.66 , 98.13 , 2.530006
20.559 , 100.66 , 98.13 , 2.530006
20.561 , 100.64 , 98.12 , 2.519997
20.562 , 100.66 , 98.12 , 2.540001
20.564 , 100.71 , 98.11 , 2.599998
20.566 , 100.71 , 98.11 , 2.599998
20.567 , 100.73 , 98.1 , 2.630005
20.569 , 100.73 , 98.1 , 2.630005
20.571 , 100.73 , 98.09 , 2.640007
20.572 , 100.78 , 98.09 , 2.690002
20.574 , 100.78 , 98.08 , 2.699997
20.576 , 100.78 , 98.08 , 2.699997
20.578 , 100.73 , 98.07 , 2.660004
20.579 , 100.73 , 98.07 , 2.660004
20.581 , 100.73 , 98.06 , 2.670006
20.583 , 100.71 , 98.06 , 2.650002
20.585 , 100.66 , 98.05 , 2.610001
20.586 , 100.71 , 98.05 , 2.659996
20.588 , 100.64 , 98.04 , 2.599998
20.59 , 100.64 , 98.04 , 2.599998
20.591 , 100.62 , 98.03 , 2.590004
20.593 , 100.62 , 98.03 , 2.590004
20.595 , 100.64 , 98.02 , 2.620003
20.597 , 100.57 , 98.01 , 2.559998
20.598 , 100.55 , 98.01 , 2.540001
20.6 , 100.55 , 98.01 , 2.540001
20.602 , 100.5 , 98.0 , 2.5
20.603 , 100.5 , 98.0 , 2.5
20.605 , 100.55 , 97.99 , 2.560005
20.606 , 100.48 , 97.99 , 2.490005
20.608 , 100.46 , 97.98 , 2.479996
20.61 , 100.46 , 97.98 , 2.479996
20.612 , 100.46 , 97.97 , 2.489998
20.613 , 100.46 , 97.97 , 2.489998
20.615 , 100.48 , 97.96 , 2.520004
20.617 , 100.41 , 97.96 , 2.450005
20.619 , 100.41 , 97.95 , 2.460007
20.62 , 100.39 , 97.95 , 2.440002
20.622 , 100.41 , 97.94 , 2.470001
20.624 , 100.39 , 97.93 , 2.459999
20.625 , 100.39 , 97.93 , 2.459999
20.627 , 100.39 , 97.93 , 2.459999
20.629 , 100.32 , 97.92 , 2.400002
20.631 , 100.39 , 97.91 , 2.479996
20.632 , 100.32 , 97.91 , 2.409996
20.634 , 100.32 , 97.9 , 2.419998
20.636 , 100.39 , 97.9 , 2.489998
20.637 , 100.32 , 97.9 , 2.419998
20.639 , 100.39 , 97.89 , 2.5
20.641 , 100.32 , 97.88 , 2.440002
20.643 , 100.32 , 97.88 , 2.440002
20.644 , 100.32 , 97.87 , 2.449997
20.646 , 100.39 , 97.87 , 2.519997
20.648 , 100.41 , 97.86 , 2.550003
20.65 , 100.39 , 97.86 , 2.529999
20.651 , 100.32 , 97.85 , 2.470001
20.653 , 100.41 , 97.85 , 2.560005
20.655 , 100.39 , 97.84 , 2.550003
20.657 , 100.41 , 97.84 , 2.570007
20.658 , 100.39 , 97.83 , 2.559998
20.66 , 100.41 , 97.83 , 2.580002
20.662 , 100.39 , 97.82 , 2.57
20.672 , 100.41 , 97.79 , 2.620003
20.673 , 100.41 , 97.79 , 2.620003
20.675 , 100.41 , 97.78 , 2.630005
20.677 , 100.39 , 97.78 , 2.610001
20.679 , 100.41 , 97.77 , 2.640007
20.68 , 100.41 , 97.77 , 2.640007
20.682 , 100.39 , 97.76 , 2.629997
20.684 , 100.41 , 97.75 , 2.660004
20.685 , 100.39 , 97.75 , 2.639999
20.687 , 100.46 , 97.75 , 2.709999
20.689 , 100.41 , 97.74 , 2.670006
20.69 , 100.46 , 97.74 , 2.720001
20.692 , 100.46 , 97.73 , 2.729996
20.694 , 100.48 , 97.72 , 2.760002
20.696 , 100.48 , 97.72 , 2.760002
20.697 , 100.48 , 97.72 , 2.760002
20.699 , 100.5 , 97.71 , 2.790001
20.701 , 100.5 , 97.7 , 2.800003
20.702 , 100.55 , 97.7 , 2.850006
20.704 , 100.62 , 97.7 , 2.920006
20.706 , 100.62 , 97.69 , 2.93
20.707 , 100.64 , 97.69 , 2.949997
20.709 , 100.66 , 97.68 , 2.980003
20.711 , 100.71 , 97.67 , 3.040001
20.713 , 100.8 , 97.67 , 3.130005
20.714 , 100.8 , 97.67 , 3.130005
20.716 , 100.82 , 97.66 , 3.159996
20.718 , 100.94 , 97.65 , 3.290001
20.719 , 100.96 , 97.65 , 3.309998
20.721 , 101.01 , 97.64 , 3.370003
20.723 , 101.05 , 97.64 , 3.410004
20.725 , 101.1 , 97.63 , 3.470001
20.726 , 101.19 , 97.63 , 3.560005
20.728 , 101.26 , 97.62 , 3.639999
20.73 , 101.28 , 97.62 , 3.659996
20.731 , 101.35 , 97.61 , 3.739998
20.733 , 101.35 , 97.61 , 3.739998
20.735 , 101.44 , 97.6 , 3.840004
20.737 , 101.51 , 97.6 , 3.910004
20.738 , 101.56 , 97.59 , 3.970001
20.74 , 101.58 , 97.59 , 3.990005
20.742 , 101.67 , 97.58 , 4.089996
20.744 , 101.72 , 97.58 , 4.139999
20.745 , 101.76 , 97.57 , 4.190002
20.747 , 101.81 , 97.57 , 4.239998
20.749 , 101.88 , 97.56 , 4.32
20.751 , 101.95 , 97.55 , 4.399994
20.752 , 101.99 , 97.55 , 4.439995
20.754 , 102.04 , 97.55 , 4.489998
20.756 , 102.11 , 97.54 , 4.57
20.758 , 102.2 , 97.53 , 4.669998
20.759 , 102.2 , 97.53 , 4.669998
20.761 , 102.29 , 97.52 , 4.770004
20.763 , 102.31 , 97.52 , 4.790001
20.765 , 102.31 , 97.51 , 4.799995
20.766 , 102.36 , 97.51 , 4.849998
20.768 , 102.38 , 97.5 , 4.879997
20.77 , 102.43 , 97.5 , 4.93
20.771 , 102.45 , 97.49 , 4.959999
20.773 , 102.45 , 97.49 , 4.959999
20.775 , 102.49 , 97.48 , 5.009995
20.777 , 102.52 , 97.48 , 5.039993
20.779 , 102.49 , 97.47 , 5.019997
20.78 , 102.52 , 97.47 , 5.049995
20.782 , 102.54 , 97.46 , 5.080002
20.784 , 102.59 , 97.46 , 5.129997
20.786 , 102.52 , 97.45 , 5.07
20.787 , 102.59 , 97.45 , 5.139999
20.789 , 102.59 , 97.44 , 5.149994
20.791 , 102.59 , 97.43 , 5.159996
20.793 , 102.59 , 97.43 , 5.159996
20.794 , 102.66 , 97.43 , 5.230003
20.796 , 102.59 , 97.42 , 5.169998
20.798 , 102.61 , 97.41 , 5.199997
20.8 , 102.61 , 97.41 , 5.199997
20.801 , 102.61 , 97.41 , 5.199997
20.803 , 102.61 , 97.4 , 5.209999
20.805 , 102.61 , 97.39 , 5.220001
20.806 , 102.61 , 97.39 , 5.220001
20.808 , 102.61 , 97.38 , 5.230003
20.81 , 102.59 , 97.38 , 5.209999
20.812 , 102.59 , 97.37 , 5.219994
20.813 , 102.54 , 97.37 , 5.169998
20.815 , 102.59 , 97.36 , 5.229996
20.817 , 102.59 , 97.36 , 5.229996
20.818 , 102.59 , 97.35 , 5.239998
20.82 , 102.52 , 97.35 , 5.169998
20.822 , 102.52 , 97.34 , 5.18
20.824 , 102.52 , 97.34 , 5.18
20.826 , 102.49 , 97.33 , 5.159996
20.827 , 102.49 , 97.33 , 5.159996
20.829 , 102.49 , 97.32 , 5.169998
20.831 , 102.45 , 97.32 , 5.129997
20.833 , 102.43 , 97.31 , 5.120003
20.834 , 102.45 , 97.31 , 5.139999
20.836 , 102.43 , 97.3 , 5.129997
20.838 , 102.38 , 97.29 , 5.089996
20.839 , 102.38 , 97.29 , 5.089996
20.841 , 102.38 , 97.29 , 5.089996
20.843 , 102.38 , 97.28 , 5.099998
20.845 , 102.31 , 97.27 , 5.040001
20.846 , 102.31 , 97.27 , 5.040001
20.848 , 102.31 , 97.26 , 5.049995
20.85 , 102.29 , 97.26 , 5.029999
20.852 , 102.29 , 97.25 , 5.040001
20.853 , 102.29 , 97.25 , 5.040001
20.855 , 102.27 , 97.24 , 5.029999
20.857 , 102.22 , 97.24 , 4.980003
20.858 , 102.2 , 97.23 , 4.969994
20.86 , 102.2 , 97.23 , 4.969994
20.862 , 102.15 , 97.22 , 4.93
20.864 , 102.11 , 97.22 , 4.889999
20.865 , 102.11 , 97.21 , 4.900002
20.867 , 102.06 , 97.21 , 4.849998
20.869 , 102.04 , 97.2 , 4.840004
20.871 , 101.97 , 97.2 , 4.770004
20.872 , 101.9 , 97.19 , 4.709999
20.874 , 101.83 , 97.19 , 4.639999
20.876 , 101.76 , 97.18 , 4.580002
20.877 , 101.74 , 97.18 , 4.559998
20.879 , 101.83 , 97.17 , 4.660004
20.881 , 101.9 , 97.17 , 4.730003
20.883 , 101.88 , 97.16 , 4.719994
20.884 , 101.81 , 97.16 , 4.649994
20.886 , 101.72 , 97.15 , 4.57
20.888 , 101.67 , 97.14 , 4.529999
20.89 , 101.74 , 97.14 , 4.599998
20.891 , 101.81 , 97.14 , 4.669998
20.893 , 101.76 , 97.13 , 4.630005
20.895 , 101.76 , 97.12 , 4.639999
20.897 , 101.67 , 97.12 , 4.549995
20.898 , 101.6 , 97.11 , 4.489998
20.9 , 101.6 , 97.11 , 4.489998
20.902 , 101.58 , 97.1 , 4.480003
20.904 , 101.65 , 97.1 , 4.550003
20.905 , 101.6 , 97.09 , 4.510002
20.907 , 101.58 , 97.09 , 4.490005
20.909 , 101.56 , 97.08 , 4.479996
20.91 , 101.56 , 97.08 , 4.479996
20.912 , 101.51 , 97.07 , 4.440002
20.914 , 101.49 , 97.07 , 4.419998
20.916 , 101.49 , 97.06 , 4.43
20.917 , 101.42 , 97.06 , 4.360001
20.919 , 101.44 , 97.05 , 4.389999
20.921 , 101.42 , 97.05 , 4.369995
20.923 , 101.35 , 97.04 , 4.309998
20.924 , 101.35 , 97.04 , 4.309998
20.926 , 101.35 , 97.03 , 4.32
20.928 , 101.33 , 97.03 , 4.300003
20.929 , 101.33 , 97.02 , 4.310005
20.931 , 101.26 , 97.02 , 4.240005
20.933 , 101.26 , 97.01 , 4.25
20.934 , 101.26 , 97.01 , 4.25
20.936 , 101.26 , 97.0 , 4.260002
20.938 , 101.21 , 97.0 , 4.209999
20.939 , 101.19 , 96.99 , 4.200005
20.941 , 101.19 , 96.99 , 4.200005
20.943 , 101.17 , 96.98 , 4.189995
20.945 , 101.17 , 96.97 , 4.199997
20.946 , 101.17 , 96.97 , 4.199997
20.948 , 101.12 , 96.97 , 4.150002
20.95 , 101.12 , 96.96 , 4.160004
20.952 , 101.1 , 96.95 , 4.150002
20.953 , 101.05 , 96.95 , 4.100006
20.955 , 101.05 , 96.94 , 4.110001
20.957 , 101.05 , 96.94 , 4.110001
20.958 , 101.05 , 96.94 , 4.110001
20.96 , 101.01 , 96.93 , 4.080002
20.962 , 100.96 , 96.92 , 4.040001
20.963 , 101.01 , 96.92 , 4.090004
20.965 , 100.96 , 96.91 , 4.049995
20.967 , 101.01 , 96.91 , 4.099998
20.969 , 100.96 , 96.9 , 4.059998
20.97 , 100.94 , 96.9 , 4.040001
20.972 , 100.87 , 96.89 , 3.980003
20.974 , 100.87 , 96.89 , 3.980003
20.975 , 100.82 , 96.88 , 3.940002
20.977 , 100.82 , 96.88 , 3.940002
20.979 , 100.82 , 96.87 , 3.949997
20.981 , 100.8 , 96.87 , 3.93
20.982 , 100.8 , 96.86 , 3.940002
20.984 , 100.78 , 96.86 , 3.919998
20.986 , 100.78 , 96.85 , 3.93
20.987 , 100.73 , 96.85 , 3.880005
20.989 , 100.66 , 96.84 , 3.820007
20.991 , 100.78 , 96.84 , 3.940002
20.993 , 100.71 , 96.83 , 3.879997
20.994 , 100.66 , 96.83 , 3.830002
20.996 , 100.66 , 96.82 , 3.840004
20.998 , 100.64 , 96.82 , 3.82
21.0 , 100.62 , 96.81 , 3.810005
21.001 , 100.64 , 96.81 , 3.830002
21.003 , 100.62 , 96.8 , 3.82
21.005 , 100.62 , 96.8 , 3.82
21.006 , 100.57 , 96.79 , 3.779999
21.008 , 100.57 , 96.79 , 3.779999
21.01 , 100.57 , 96.78 , 3.790001
21.012 , 100.55 , 96.77 , 3.780006
21.013 , 100.57 , 96.77 , 3.800003
21.015 , 100.57 , 96.77 , 3.800003
21.017 , 100.55 , 96.76 , 3.790001
21.018 , 100.5 , 96.76 , 3.739998
21.02 , 100.5 , 96.75 , 3.75
21.022 , 100.5 , 96.74 , 3.760002
21.023 , 100.5 , 96.74 , 3.760002
21.025 , 100.48 , 96.74 , 3.740005
21.027 , 100.48 , 96.73 , 3.75
21.029 , 100.48 , 96.72 , 3.760002
21.03 , 100.48 , 96.72 , 3.760002
21.032 , 100.46 , 96.71 , 3.75
21.034 , 100.46 , 96.71 , 3.75
21.035 , 100.46 , 96.71 , 3.75
21.037 , 100.41 , 96.7 , 3.710007
21.039 , 100.41 , 96.69 , 3.720001
21.04 , 100.41 , 96.69 , 3.720001
21.042 , 100.41 , 96.68 , 3.730003
21.044 , 100.41 , 96.68 , 3.730003
21.045 , 100.41 , 96.68 , 3.730003
21.047 , 100.39 , 96.67 , 3.720001
21.049 , 100.39 , 96.66 , 3.729996
21.05 , 100.39 , 96.66 , 3.729996
21.052 , 100.3 , 96.65 , 3.650002
21.054 , 100.32 , 96.65 , 3.669998
21.055 , 100.32 , 96.65 , 3.669998
21.057 , 100.25 , 96.64 , 3.610001
21.059 , 100.3 , 96.63 , 3.670006
21.061 , 100.3 , 96.63 , 3.670006
21.062 , 100.25 , 96.62 , 3.629997
21.064 , 100.21 , 96.62 , 3.589996
21.066 , 100.23 , 96.61 , 3.620003
21.067 , 100.23 , 96.61 , 3.620003
21.069 , 100.23 , 96.6 , 3.630005
21.071 , 100.23 , 96.6 , 3.630005
21.072 , 100.16 , 96.59 , 3.570007
21.074 , 100.21 , 96.59 , 3.620003
21.076 , 100.16 , 96.58 , 3.580002
21.077 , 100.16 , 96.58 , 3.580002
21.079 , 100.14 , 96.57 , 3.57
21.081 , 100.16 , 96.57 , 3.590004
21.083 , 100.14 , 96.56 , 3.580002
21.084 , 100.07 , 96.56 , 3.510002
21.086 , 100.07 , 96.55 , 3.519997
21.088 , 100.07 , 96.55 , 3.519997
21.09 , 100.07 , 96.54 , 3.529999
21.091 , 100.05 , 96.54 , 3.510002
21.093 , 100.05 , 96.53 , 3.520004
21.095 , 100.0 , 96.53 , 3.470001
21.096 , 100.0 , 96.52 , 3.480003
21.098 , 100.0 , 96.52 , 3.480003
21.1 , 100.0 , 96.51 , 3.489998
21.101 , 99.98 , 96.51 , 3.470001
21.103 , 99.93 , 96.5 , 3.43
21.104 , 99.98 , 96.5 , 3.480003
21.106 , 99.98 , 96.49 , 3.490005
21.108 , 99.98 , 96.49 , 3.490005
21.109 , 99.93 , 96.48 , 3.449997
21.111 , 99.91 , 96.48 , 3.43
21.112 , 99.91 , 96.48 , 3.43
21.114 , 99.84 , 96.47 , 3.369995
21.115 , 99.84 , 96.47 , 3.369995
21.117 , 99.86 , 96.46 , 3.400002
21.118 , 99.84 , 96.46 , 3.379997
21.12 , 99.82 , 96.45 , 3.370003
21.122 , 99.77 , 96.45 , 3.32
21.123 , 99.82 , 96.44 , 3.379997
21.125 , 99.75 , 96.44 , 3.309998
21.127 , 99.75 , 96.43 , 3.32
21.128 , 99.7 , 96.43 , 3.269997
21.13 , 99.75 , 96.42 , 3.330002
21.131 , 99.7 , 96.42 , 3.279999
21.133 , 99.7 , 96.41 , 3.289993
21.135 , 99.7 , 96.41 , 3.289993
21.136 , 99.68 , 96.4 , 3.279999
21.138 , 99.66 , 96.4 , 3.260002
21.139 , 99.66 , 96.39 , 3.270004
21.141 , 99.66 , 96.39 , 3.270004
21.142 , 99.61 , 96.39 , 3.220001
21.144 , 99.61 , 96.38 , 3.230003
21.146 , 99.54 , 96.37 , 3.169998
21.147 , 99.59 , 96.37 , 3.219994
21.149 , 99.54 , 96.36 , 3.18
21.15 , 99.52 , 96.36 , 3.159996
21.152 , 99.5 , 96.36 , 3.139999
21.153 , 99.5 , 96.35 , 3.150002
21.155 , 99.5 , 96.35 , 3.150002
21.157 , 99.45 , 96.34 , 3.110001
21.158 , 99.45 , 96.34 , 3.110001
21.16 , 99.43 , 96.33 , 3.099998
21.161 , 99.43 , 96.33 , 3.099998
21.163 , 99.43 , 96.32 , 3.110001
21.164 , 99.38 , 96.32 , 3.059998
21.166 , 99.38 , 96.31 , 3.07
21.168 , 99.36 , 96.31 , 3.050003
21.169 , 99.31 , 96.3 , 3.009995
21.171 , 99.31 , 96.3 , 3.009995
21.173 , 99.31 , 96.29 , 3.019997
21.174 , 99.29 , 96.29 , 3.0
21.176 , 99.29 , 96.28 , 3.010002
21.177 , 99.27 , 96.28 , 2.989998
21.179 , 99.27 , 96.27 , 3.0
21.18 , 99.22 , 96.27 , 2.950005
21.182 , 99.22 , 96.27 , 2.950005
21.184 , 99.2 , 96.26 , 2.939995
21.185 , 99.2 , 96.26 , 2.939995
21.187 , 99.2 , 96.25 , 2.949997
21.188 , 99.2 , 96.25 , 2.949997
21.19 , 99.13 , 96.24 , 2.889999
21.192 , 99.15 , 96.24 , 2.910004
21.193 , 99.13 , 96.23 , 2.899994
21.195 , 99.13 , 96.23 , 2.899994
21.197 , 99.11 , 96.22 , 2.889999
21.198 , 99.11 , 96.22 , 2.889999
21.2 , 99.11 , 96.21 , 2.900002
21.201 , 99.06 , 96.21 , 2.849998
21.203 , 99.04 , 96.2 , 2.840004
21.204 , 98.99 , 96.2 , 2.790001
21.206 , 98.99 , 96.19 , 2.799995
21.208 , 98.97 , 96.19 , 2.779999
21.209 , 98.97 , 96.19 , 2.779999
21.211 , 98.92 , 96.18 , 2.739998
21.212 , 98.97 , 96.18 , 2.790001
21.214 , 98.97 , 96.17 , 2.800003
21.216 , 98.92 , 96.16 , 2.759995
21.217 , 98.88 , 96.16 , 2.719994
21.219 , 98.9 , 96.16 , 2.739998
21.22 , 98.88 , 96.15 , 2.729996
21.222 , 98.81 , 96.15 , 2.659996
21.224 , 98.88 , 96.14 , 2.739998
21.225 , 98.81 , 96.14 , 2.669998
21.227 , 98.81 , 96.13 , 2.68
21.229 , 98.74 , 96.13 , 2.610001
21.23 , 98.74 , 96.12 , 2.619995
21.232 , 98.76 , 96.12 , 2.639999
21.233 , 98.74 , 96.11 , 2.629997
21.235 , 98.67 , 96.11 , 2.559998
21.236 , 98.72 , 96.1 , 2.620003
21.238 , 98.67 , 96.1 , 2.57
21.24 , 98.67 , 96.09 , 2.580002
21.241 , 98.67 , 96.09 , 2.580002
21.243 , 98.65 , 96.08 , 2.57
21.245 , 98.6 , 96.08 , 2.519997
21.246 , 98.6 , 96.07 , 2.529999
21.248 , 98.6 , 96.07 , 2.529999
21.249 , 98.58 , 96.07 , 2.510002
21.251 , 98.58 , 96.06 , 2.520004
21.253 , 98.58 , 96.05 , 2.529999
21.254 , 98.56 , 96.05 , 2.509995
21.256 , 98.51 , 96.04 , 2.470001
21.257 , 98.51 , 96.04 , 2.470001
21.259 , 98.51 , 96.04 , 2.470001
21.26 , 98.49 , 96.03 , 2.459999
21.262 , 98.44 , 96.03 , 2.410004
21.264 , 98.44 , 96.02 , 2.420006
21.265 , 98.44 , 96.02 , 2.420006
21.267 , 98.44 , 96.01 , 2.43
21.268 , 98.37 , 96.01 , 2.360001
21.27 , 98.37 , 96.0 , 2.370003
21.271 , 98.35 , 96.0 , 2.349998
21.273 , 98.35 , 95.99 , 2.360001
21.274 , 98.33 , 95.99 , 2.340004
21.276 , 98.28 , 95.98 , 2.299995
21.278 , 98.33 , 95.98 , 2.349998
21.279 , 98.28 , 95.98 , 2.299995
21.281 , 98.28 , 95.97 , 2.309998
21.282 , 98.26 , 95.97 , 2.290001
21.284 , 98.28 , 95.96 , 2.32
21.286 , 98.21 , 95.95 , 2.260002
21.287 , 98.21 , 95.95 , 2.260002
21.289 , 98.21 , 95.95 , 2.260002
21.29 , 98.19 , 95.94 , 2.25
21.292 , 98.17 , 95.94 , 2.229996
21.294 , 98.19 , 95.93 , 2.260002
21.295 , 98.17 , 95.93 , 2.239998
21.297 , 98.17 , 95.92 , 2.25
21.298 , 98.12 , 95.92 , 2.200005
21.3 , 98.17 , 95.91 , 2.259995
21.301 , 98.12 , 95.91 , 2.209999
21.303 , 98.12 , 95.9 , 2.220001
21.304 , 98.1 , 95.9 , 2.199997
21.306 , 98.1 , 95.9 , 2.199997
21.308 , 98.1 , 95.89 , 2.209999
21.309 , 98.05 , 95.89 , 2.160004
21.311 , 98.05 , 95.88 , 2.170006
21.313 , 98.05 , 95.87 , 2.18
21.314 , 98.05 , 95.87 , 2.18
21.316 , 98.03 , 95.87 , 2.159996
21.317 , 98.01 , 95.86 , 2.150002
21.319 , 98.03 , 95.86 , 2.169998
21.32 , 97.96 , 95.85 , 2.110001
21.322 , 98.01 , 95.85 , 2.160004
21.323 , 97.94 , 95.84 , 2.100006
21.325 , 97.96 , 95.84 , 2.120003
21.327 , 97.94 , 95.83 , 2.110001
21.328 , 97.96 , 95.83 , 2.129997
21.33 , 97.96 , 95.82 , 2.139999
21.332 , 97.94 , 95.82 , 2.120003
21.333 , 97.94 , 95.81 , 2.130005
21.335 , 97.89 , 95.81 , 2.080002
21.336 , 97.94 , 95.81 , 2.130005
21.338 , 97.89 , 95.8 , 2.089996
21.34 , 97.87 , 95.79 , 2.080002
21.341 , 97.87 , 95.79 , 2.080002
21.343 , 97.8 , 95.78 , 2.020004
21.344 , 97.87 , 95.78 , 2.090004
21.346 , 97.83 , 95.78 , 2.050003
21.347 , 97.83 , 95.77 , 2.060005
21.349 , 97.83 , 95.77 , 2.060005
21.35 , 97.83 , 95.76 , 2.07
21.352 , 97.8 , 95.76 , 2.040001
21.353 , 97.78 , 95.75 , 2.029999
21.355 , 97.78 , 95.75 , 2.029999
21.357 , 97.78 , 95.74 , 2.040001
21.358 , 97.78 , 95.74 , 2.040001
21.36 , 97.73 , 95.73 , 2.0
21.361 , 97.73 , 95.73 , 2.0
21.363 , 97.73 , 95.72 , 2.010002
21.364 , 97.73 , 95.72 , 2.010002
21.366 , 97.71 , 95.72 , 1.989998
21.368 , 97.71 , 95.71 , 2.0
21.369 , 97.67 , 95.71 , 1.959999
21.371 , 97.71 , 95.7 , 2.010002
21.372 , 97.64 , 95.7 , 1.940002
21.374 , 97.67 , 95.69 , 1.979996
21.376 , 97.67 , 95.69 , 1.979996
21.377 , 97.67 , 95.68 , 1.989998
21.379 , 97.67 , 95.68 , 1.989998
21.381 , 97.64 , 95.67 , 1.970001
21.382 , 97.64 , 95.67 , 1.970001
21.384 , 97.55 , 95.66 , 1.889999
21.385 , 97.55 , 95.66 , 1.889999
21.395 , 97.51 , 95.63 , 1.880005
21.397 , 97.48 , 95.62 , 1.860001
21.399 , 97.51 , 95.62 , 1.889999
21.4 , 97.51 , 95.61 , 1.900002
21.402 , 97.48 , 95.61 , 1.870003
21.403 , 97.48 , 95.61 , 1.870003
21.405 , 97.48 , 95.6 , 1.880005
21.406 , 97.44 , 95.6 , 1.840004
21.408 , 97.48 , 95.59 , 1.890007
21.409 , 97.48 , 95.59 , 1.890007
21.411 , 97.44 , 95.58 , 1.860001
21.413 , 97.44 , 95.58 , 1.860001
21.414 , 97.44 , 95.57 , 1.870003
21.416 , 97.41 , 95.57 , 1.840004
21.417 , 97.44 , 95.56 , 1.880005
21.419 , 97.39 , 95.56 , 1.830002
21.42 , 97.41 , 95.55 , 1.860001
21.422 , 97.41 , 95.55 , 1.860001
21.423 , 97.39 , 95.55 , 1.839996
21.425 , 97.39 , 95.54 , 1.849998
21.427 , 97.39 , 95.53 , 1.860001
21.428 , 97.39 , 95.53 , 1.860001
21.43 , 97.32 , 95.52 , 1.800003
21.431 , 97.34 , 95.52 , 1.82
21.433 , 97.34 , 95.52 , 1.82
21.435 , 97.28 , 95.51 , 1.769997
21.436 , 97.34 , 95.51 , 1.829994
21.438 , 97.32 , 95.5 , 1.82
21.44 , 97.32 , 95.49 , 1.830002
21.441 , 97.28 , 95.49 , 1.790001
21.443 , 97.28 , 95.49 , 1.790001
21.444 , 97.28 , 95.48 , 1.799995
21.446 , 97.25 , 95.48 , 1.769997
21.448 , 97.25 , 95.47 , 1.779999
21.449 , 97.25 , 95.47 , 1.779999
21.451 , 97.23 , 95.46 , 1.770004
21.452 , 97.23 , 95.46 , 1.770004
21.454 , 97.23 , 95.45 , 1.780006
21.455 , 97.23 , 95.45 , 1.780006
21.457 , 97.18 , 95.44 , 1.739998
21.459 , 97.23 , 95.44 , 1.790001
21.46 , 97.18 , 95.43 , 1.75
21.462 , 97.18 , 95.43 , 1.75
21.463 , 97.18 , 95.43 , 1.75
21.465 , 97.16 , 95.42 , 1.740005
21.466 , 97.16 , 95.42 , 1.740005
21.468 , 97.16 , 95.41 , 1.75
21.469 , 97.12 , 95.41 , 1.709999
21.471 , 97.16 , 95.4 , 1.760002
21.472 , 97.12 , 95.4 , 1.720001
21.474 , 97.12 , 95.39 , 1.730003
21.475 , 97.12 , 95.39 , 1.730003
21.477 , 97.09 , 95.38 , 1.709999
21.479 , 97.09 , 95.38 , 1.709999
21.48 , 97.12 , 95.37 , 1.75
21.482 , 97.12 , 95.37 , 1.75
21.483 , 97.09 , 95.37 , 1.719994
21.485 , 97.09 , 95.36 , 1.729996
21.487 , 97.09 , 95.35 , 1.739998
21.488 , 97.16 , 95.35 , 1.810005
21.49 , 97.12 , 95.34 , 1.780006
21.491 , 97.12 , 95.34 , 1.780006
21.493 , 97.09 , 95.34 , 1.75
21.495 , 97.12 , 95.33 , 1.790001
21.496 , 97.12 , 95.33 , 1.790001
21.498 , 97.12 , 95.32 , 1.800003
21.499 , 97.12 , 95.32 , 1.800003
21.501 , 97.07 , 95.31 , 1.760002
21.502 , 97.12 , 95.31 , 1.810005
21.504 , 97.09 , 95.3 , 1.789993
21.505 , 97.07 , 95.3 , 1.769997
21.507 , 97.09 , 95.29 , 1.799995
21.509 , 97.09 , 95.29 , 1.799995
21.51 , 97.09 , 95.29 , 1.799995
21.512 , 97.09 , 95.28 , 1.809998
21.514 , 97.07 , 95.27 , 1.800003
21.515 , 97.07 , 95.27 , 1.800003
21.517 , 97.09 , 95.26 , 1.829994
21.518 , 97.09 , 95.26 , 1.829994
21.52 , 97.07 , 95.26 , 1.809998
21.522 , 97.09 , 95.25 , 1.839996
21.523 , 97.09 , 95.25 , 1.839996
21.525 , 97.09 , 95.24 , 1.849998
21.526 , 97.09 , 95.24 , 1.849998
21.528 , 97.12 , 95.23 , 1.889999
21.53 , 97.12 , 95.23 , 1.889999
21.531 , 97.16 , 95.22 , 1.940002
21.533 , 97.16 , 95.22 , 1.940002
21.534 , 97.18 , 95.21 , 1.970001
21.536 , 97.16 , 95.21 , 1.950005
21.537 , 97.18 , 95.2 , 1.980003
21.539 , 97.23 , 95.2 , 2.030006
21.541 , 97.28 , 95.19 , 2.089996
21.542 , 97.28 , 95.19 , 2.089996
21.544 , 97.32 , 95.18 , 2.139999
21.545 , 97.39 , 95.18 , 2.209999
21.547 , 97.39 , 95.17 , 2.220001
21.549 , 97.41 , 95.17 , 2.240005
21.55 , 97.44 , 95.17 , 2.270004
21.552 , 97.51 , 95.16 , 2.349998
21.553 , 97.57 , 95.16 , 2.409996
21.555 , 97.57 , 95.15 , 2.419998
21.557 , 97.64 , 95.14 , 2.5
21.558 , 97.71 , 95.14 , 2.57
21.56 , 97.73 , 95.14 , 2.590004
21.561 , 97.8 , 95.13 , 2.670006
21.563 , 97.8 , 95.13 , 2.670006
21.565 , 97.87 , 95.12 , 2.75
21.566 , 97.94 , 95.12 , 2.82
21.568 , 98.01 , 95.11 , 2.900002
21.569 , 98.03 , 95.11 , 2.919998
21.571 , 98.1 , 95.1 , 3.0
21.572 , 98.12 , 95.1 , 3.020004
21.574 , 98.17 , 95.09 , 3.080002
21.576 , 98.21 , 95.09 , 3.120003
21.577 , 98.28 , 95.08 , 3.199997
21.579 , 98.35 , 95.08 , 3.269997
21.58 , 98.37 , 95.08 , 3.290001
21.582 , 98.44 , 95.07 , 3.370003
21.584 , 98.49 , 95.06 , 3.43
21.585 , 98.56 , 95.06 , 3.5
21.587 , 98.58 , 95.05 , 3.529999
21.588 , 98.65 , 95.05 , 3.599998
21.59 , 98.74 , 95.05 , 3.689995
21.592 , 98.74 , 95.04 , 3.699997
21.593 , 98.81 , 95.04 , 3.769997
21.595 , 98.88 , 95.03 , 3.849998
21.597 , 98.88 , 95.02 , 3.860001
21.598 , 98.92 , 95.02 , 3.900002
21.6 , 98.92 , 95.02 , 3.900002
21.601 , 98.97 , 95.01 , 3.959999
21.603 , 98.99 , 95.01 , 3.979996
21.605 , 99.04 , 95.0 , 4.040001
21.606 , 99.04 , 95.0 , 4.040001
21.608 , 99.06 , 94.99 , 4.07
21.609 , 99.13 , 94.99 , 4.139999
21.611 , 99.13 , 94.98 , 4.149994
21.613 , 99.13 , 94.98 , 4.149994
21.614 , 99.15 , 94.97 , 4.18
21.616 , 99.15 , 94.97 , 4.18
21.617 , 99.2 , 94.97 , 4.229996
21.619 , 99.22 , 94.96 , 4.260002
21.62 , 99.22 , 94.96 , 4.260002
21.622 , 99.27 , 94.95 , 4.32
21.624 , 99.22 , 94.94 , 4.279999
21.625 , 99.29 , 94.94 , 4.349998
21.627 , 99.31 , 94.94 , 4.369995
21.628 , 99.31 , 94.93 , 4.379997
21.63 , 99.31 , 94.93 , 4.379997
21.632 , 99.31 , 94.92 , 4.389999
21.633 , 99.31 , 94.92 , 4.389999
21.635 , 99.36 , 94.91 , 4.449997
21.637 , 99.36 , 94.91 , 4.449997
21.638 , 99.38 , 94.9 , 4.479996
21.64 , 99.38 , 94.9 , 4.479996
21.641 , 99.43 , 94.89 , 4.540001
21.643 , 99.45 , 94.89 , 4.559998
21.645 , 99.43 , 94.88 , 4.550003
21.646 , 99.38 , 94.88 , 4.5
21.648 , 99.43 , 94.87 , 4.559998
21.649 , 99.43 , 94.87 , 4.559998
21.651 , 99.43 , 94.86 , 4.57
21.653 , 99.45 , 94.86 , 4.589996
21.654 , 99.45 , 94.85 , 4.599998
21.656 , 99.45 , 94.85 , 4.599998
21.658 , 99.45 , 94.84 , 4.610001
21.659 , 99.43 , 94.84 , 4.590004
21.661 , 99.43 , 94.83 , 4.599998
21.662 , 99.45 , 94.83 , 4.619995
21.664 , 99.45 , 94.82 , 4.629997
21.666 , 99.43 , 94.82 , 4.610001
21.667 , 99.45 , 94.82 , 4.629997
21.669 , 99.43 , 94.81 , 4.620003
21.67 , 99.43 , 94.81 , 4.620003
21.672 , 99.45 , 94.8 , 4.649994
21.674 , 99.43 , 94.79 , 4.639999
21.675 , 99.43 , 94.79 , 4.639999
21.677 , 99.43 , 94.79 , 4.639999
21.678 , 99.43 , 94.78 , 4.650002
21.68 , 99.43 , 94.78 , 4.650002
21.682 , 99.38 , 94.77 , 4.610001
21.683 , 99.36 , 94.77 , 4.590004
21.685 , 99.38 , 94.76 , 4.619995
21.686 , 99.36 , 94.76 , 4.599998
21.688 , 99.36 , 94.75 , 4.610001
21.689 , 99.36 , 94.75 , 4.610001
21.691 , 99.31 , 94.74 , 4.57
21.693 , 99.31 , 94.74 , 4.57
21.694 , 99.31 , 94.73 , 4.579994
21.696 , 99.31 , 94.73 , 4.579994
21.698 , 99.31 , 94.72 , 4.589996
21.699 , 99.29 , 94.72 , 4.57
21.701 , 99.27 , 94.71 , 4.559998
21.703 , 99.27 , 94.71 , 4.559998
21.704 , 99.27 , 94.71 , 4.559998
21.706 , 99.27 , 94.7 , 4.57
21.708 , 99.22 , 94.69 , 4.529999
21.709 , 99.27 , 94.69 , 4.579994
21.711 , 99.22 , 94.68 , 4.540001
21.712 , 99.22 , 94.68 , 4.540001
21.714 , 99.2 , 94.68 , 4.519997
21.715 , 99.2 , 94.67 , 4.529999
21.717 , 99.2 , 94.67 , 4.529999
21.719 , 99.15 , 94.66 , 4.489998
21.72 , 99.15 , 94.66 , 4.489998
21.722 , 99.15 , 94.65 , 4.5
21.724 , 99.15 , 94.65 , 4.5
21.725 , 99.13 , 94.64 , 4.489998
21.727 , 99.06 , 94.64 , 4.419998
21.728 , 99.06 , 94.63 , 4.43
21.73 , 99.04 , 94.63 , 4.410004
21.732 , 99.06 , 94.62 , 4.439995
21.733 , 99.04 , 94.62 , 4.419998
21.735 , 98.99 , 94.61 , 4.379997
21.736 , 99.04 , 94.61 , 4.43
21.738 , 98.99 , 94.6 , 4.389999
21.739 , 98.92 , 94.6 , 4.32
21.741 , 98.92 , 94.59 , 4.330002
21.743 , 98.92 , 94.59 , 4.330002
21.744 , 98.92 , 94.59 , 4.330002
21.746 , 98.9 , 94.58 , 4.32
21.748 , 98.92 , 94.57 , 4.349998
21.749 , 98.88 , 94.57 , 4.309998
21.751 , 98.88 , 94.56 , 4.32
21.753 , 98.81 , 94.56 , 4.25
21.754 , 98.81 , 94.56 , 4.25
21.756 , 98.76 , 94.55 , 4.209999
21.757 , 98.76 , 94.55 , 4.209999
21.759 , 98.74 , 94.54 , 4.199997
21.761 , 98.72 , 94.53 , 4.190002
21.762 , 98.72 , 94.53 , 4.190002
21.764 , 98.72 , 94.53 , 4.190002
21.765 , 98.65 , 94.52 , 4.130005
21.767 , 98.67 , 94.52 , 4.150002
21.769 , 98.58 , 94.51 , 4.07
21.77 , 98.65 , 94.51 , 4.139999
21.772 , 98.58 , 94.5 , 4.080002
21.773 , 98.56 , 94.5 , 4.059998
21.775 , 98.56 , 94.49 , 4.07
21.777 , 98.51 , 94.49 , 4.020004
21.778 , 98.51 , 94.48 , 4.029999
21.78 , 98.51 , 94.48 , 4.029999
21.781 , 98.49 , 94.47 , 4.019997
21.783 , 98.49 , 94.47 , 4.019997
21.784 , 98.44 , 94.47 , 3.970001
21.786 , 98.37 , 94.46 , 3.910004
21.788 , 98.35 , 94.45 , 3.900002
21.789 , 98.35 , 94.45 , 3.900002
21.791 , 98.35 , 94.44 , 3.909996
21.792 , 98.33 , 94.44 , 3.889999
21.794 , 98.28 , 94.44 , 3.839996
21.796 , 98.33 , 94.43 , 3.900002
21.797 , 98.28 , 94.43 , 3.849998
21.799 , 98.26 , 94.42 , 3.840004
21.8 , 98.26 , 94.42 , 3.840004
21.802 , 98.19 , 94.41 , 3.779999
21.804 , 98.19 , 94.41 , 3.779999
21.805 , 98.21 , 94.4 , 3.809998
21.807 , 98.17 , 94.4 , 3.769997
21.808 , 98.17 , 94.39 , 3.779999
21.81 , 98.17 , 94.39 , 3.779999
21.812 , 98.12 , 94.38 , 3.740005
21.813 , 98.1 , 94.38 , 3.720001
21.815 , 98.1 , 94.37 , 3.729996
21.817 , 98.1 , 94.37 , 3.729996
21.818 , 98.1 , 94.36 , 3.739998
21.82 , 98.03 , 94.36 , 3.669998
21.821 , 98.05 , 94.36 , 3.690002
21.823 , 98.01 , 94.35 , 3.660004
21.825 , 98.01 , 94.34 , 3.670006
21.826 , 98.01 , 94.34 , 3.670006
21.828 , 97.96 , 94.33 , 3.629997
21.829 , 98.01 , 94.33 , 3.68
21.831 , 98.01 , 94.33 , 3.68
21.832 , 97.94 , 94.32 , 3.620003
21.834 , 97.96 , 94.32 , 3.639999
21.836 , 97.89 , 94.31 , 3.580002
21.837 , 97.89 , 94.31 , 3.580002
21.839 , 97.89 , 94.3 , 3.589996
21.84 , 97.87 , 94.3 , 3.57
21.842 , 97.87 , 94.29 , 3.580002
21.844 , 97.87 , 94.29 , 3.580002
21.845 , 97.87 , 94.28 , 3.590004
21.847 , 97.83 , 94.28 , 3.550003
21.848 , 97.83 , 94.27 , 3.560005
21.85 , 97.8 , 94.27 , 3.530006
21.852 , 97.8 , 94.26 , 3.540001
21.853 , 97.78 , 94.26 , 3.519997
21.855 , 97.73 , 94.25 , 3.480003
21.856 , 97.73 , 94.25 , 3.480003
21.858 , 97.73 , 94.24 , 3.490005
21.859 , 97.71 , 94.24 , 3.470001
21.861 , 97.67 , 94.24 , 3.43
21.863 , 97.71 , 94.23 , 3.479996
21.864 , 97.67 , 94.23 , 3.439995
21.866 , 97.71 , 94.22 , 3.489998
21.867 , 97.64 , 94.22 , 3.419998
21.869 , 97.64 , 94.21 , 3.43
21.871 , 97.64 , 94.21 , 3.43
21.872 , 97.62 , 94.2 , 3.420006
21.874 , 97.64 , 94.2 , 3.440002
21.875 , 97.64 , 94.19 , 3.449997
21.877 , 97.62 , 94.19 , 3.43
21.879 , 97.57 , 94.18 , 3.389999
21.88 , 97.57 , 94.18 , 3.389999
21.882 , 97.57 , 94.17 , 3.400002
21.884 , 97.55 , 94.17 , 3.380005
21.885 , 97.55 , 94.16 , 3.389999
21.887 , 97.55 , 94.16 , 3.389999
21.888 , 97.51 , 94.15 , 3.360001
21.89 , 97.55 , 94.15 , 3.400002
21.891 , 97.51 , 94.15 , 3.360001
21.893 , 97.48 , 94.14 , 3.340004
21.894 , 97.51 , 94.14 , 3.370003
21.896 , 97.48 , 94.13 , 3.350006
21.898 , 97.48 , 94.12 , 3.360001
21.899 , 97.44 , 94.12 , 3.32
21.901 , 97.41 , 94.12 , 3.290001
21.902 , 97.41 , 94.11 , 3.300003
21.904 , 97.41 , 94.11 , 3.300003
21.905 , 97.39 , 94.1 , 3.290001
21.907 , 97.34 , 94.1 , 3.239998
21.908 , 97.39 , 94.1 , 3.290001
21.91 , 97.34 , 94.09 , 3.25
21.912 , 97.39 , 94.08 , 3.309998
21.913 , 97.39 , 94.08 , 3.309998
21.915 , 97.34 , 94.07 , 3.269997
21.916 , 97.34 , 94.07 , 3.269997
21.918 , 97.32 , 94.07 , 3.25
21.92 , 97.32 , 94.06 , 3.260002
21.921 , 97.32 , 94.06 , 3.260002
21.923 , 97.28 , 94.05 , 3.229996
21.925 , 97.25 , 94.04 , 3.209999
21.926 , 97.28 , 94.04 , 3.239998
21.928 , 97.25 , 94.04 , 3.209999
21.929 , 97.23 , 94.03 , 3.200005
21.931 , 97.25 , 94.03 , 3.220001
21.932 , 97.23 , 94.02 , 3.210007
21.934 , 97.18 , 94.02 , 3.160004
21.935 , 97.18 , 94.01 , 3.169998
21.937 , 97.18 , 94.01 , 3.169998
21.939 , 97.18 , 94.0 , 3.18
21.94 , 97.16 , 94.0 , 3.160004
21.942 , 97.18 , 93.99 , 3.190002
21.943 , 97.16 , 93.99 , 3.170006
21.945 , 97.16 , 93.98 , 3.18
21.946 , 97.12 , 93.98 , 3.139999
21.948 , 97.12 , 93.98 , 3.139999
21.95 , 97.09 , 93.97 , 3.119995
21.951 , 97.07 , 93.97 , 3.099998
21.953 , 97.07 , 93.96 , 3.110001
21.954 , 97.09 , 93.96 , 3.129997
21.956 , 97.02 , 93.95 , 3.07
21.958 , 97.02 , 93.95 , 3.07
21.959 , 97.02 , 93.94 , 3.079994
21.961 , 97.02 , 93.94 , 3.079994
21.963 , 97.02 , 93.93 , 3.089996
21.964 , 97.0 , 93.93 , 3.07
21.966 , 96.96 , 93.92 , 3.040001
21.967 , 96.96 , 93.92 , 3.040001
21.969 , 96.93 , 93.91 , 3.019997
21.971 , 96.96 , 93.91 , 3.049995
21.972 , 96.96 , 93.9 , 3.059998
21.974 , 96.89 , 93.9 , 2.989998
21.975 , 96.89 , 93.89 , 3.0
21.977 , 96.89 , 93.89 , 3.0
21.979 , 96.89 , 93.88 , 3.010002
21.98 , 96.86 , 93.88 , 2.980003
21.982 , 96.86 , 93.87 , 2.989998
21.984 , 96.86 , 93.87 , 2.989998
21.985 , 96.84 , 93.86 , 2.979996
21.987 , 96.8 , 93.86 , 2.940002
21.988 , 96.8 , 93.86 , 2.940002
21.99 , 96.84 , 93.85 , 2.989998
21.992 , 96.8 , 93.84 , 2.960007
21.993 , 96.8 , 93.84 , 2.960007
21.995 , 96.8 , 93.83 , 2.970001
21.996 , 96.7 , 93.83 , 2.869995
21.998 , 96.7 , 93.83 , 2.869995
22.0 , 96.68 , 93.82 , 2.860001
22.001 , 96.66 , 93.82 , 2.840004
22.003 , 96.68 , 93.81 , 2.870003
22.004 , 96.68 , 93.81 , 2.870003
22.006 , 96.66 , 93.8 , 2.860001
22.007 , 96.66 , 93.8 , 2.860001
22.009 , 96.68 , 93.79 , 2.889999
22.01 , 96.61 , 93.79 , 2.82
22.012 , 96.61 , 93.78 , 2.830002
22.014 , 96.59 , 93.78 , 2.809998
22.015 , 96.61 , 93.78 , 2.830002
22.017 , 96.59 , 93.77 , 2.82
22.019 , 96.59 , 93.76 , 2.829994
22.02 , 96.54 , 93.76 , 2.779999
22.022 , 96.54 , 93.75 , 2.790001
22.023 , 96.54 , 93.75 , 2.790001
22.025 , 96.52 , 93.75 , 2.769997
22.026 , 96.52 , 93.74 , 2.779999
22.028 , 96.52 , 93.74 , 2.779999
22.03 , 96.45 , 93.73 , 2.719994
22.031 , 96.5 , 93.73 , 2.769997
22.033 , 96.45 , 93.72 , 2.729996
22.034 , 96.45 , 93.72 , 2.729996
22.036 , 96.45 , 93.71 , 2.739998
22.038 , 96.43 , 93.71 , 2.720001
22.039 , 96.38 , 93.7 , 2.68
22.041 , 96.38 , 93.7 , 2.68
22.042 , 96.38 , 93.69 , 2.689995
22.044 , 96.38 , 93.69 , 2.689995
22.046 , 96.31 , 93.68 , 2.629997
22.047 , 96.31 , 93.68 , 2.629997
22.049 , 96.31 , 93.67 , 2.639999
22.05 , 96.31 , 93.67 , 2.639999
22.052 , 96.31 , 93.66 , 2.649994
22.054 , 96.29 , 93.66 , 2.629997
22.055 , 96.29 , 93.66 , 2.629997
22.057 , 96.29 , 93.65 , 2.639999
22.058 , 96.29 , 93.65 , 2.639999
22.06 , 96.27 , 93.64 , 2.629997
22.062 , 96.22 , 93.63 , 2.590004
22.063 , 96.22 , 93.63 , 2.590004
22.065 , 96.27 , 93.63 , 2.639999
22.066 , 96.27 , 93.62 , 2.649994
22.068 , 96.2 , 93.62 , 2.579994
22.07 , 96.15 , 93.61 , 2.540001
22.071 , 96.15 , 93.61 , 2.540001
22.073 , 96.15 , 93.6 , 2.550003
22.074 , 96.13 , 93.6 , 2.529999
22.076 , 96.13 , 93.59 , 2.540001
22.078 , 96.15 , 93.59 , 2.560005
22.079 , 96.13 , 93.58 , 2.549995
22.081 , 96.11 , 93.58 , 2.529999
22.091 , 96.04 , 93.55 , 2.489998
22.092 , 95.97 , 93.54 , 2.43
22.094 , 95.99 , 93.54 , 2.449997
22.095 , 95.99 , 93.54 , 2.449997
22.097 , 95.97 , 93.53 , 2.440002
22.099 , 95.97 , 93.52 , 2.450005
22.1 , 95.93 , 93.52 , 2.410004
22.102 , 95.93 , 93.52 , 2.410004
22.103 , 95.93 , 93.51 , 2.419998
22.105 , 95.9 , 93.51 , 2.389999
22.106 , 95.83 , 93.5 , 2.330002
22.108 , 95.83 , 93.5 , 2.330002
22.109 , 95.83 , 93.49 , 2.340004
22.111 , 95.83 , 93.49 , 2.340004
22.112 , 95.81 , 93.49 , 2.32
22.114 , 95.81 , 93.48 , 2.329994
22.116 , 95.81 , 93.47 , 2.339996
22.117 , 95.77 , 93.47 , 2.299995
22.119 , 95.77 , 93.46 , 2.309998
22.121 , 95.74 , 93.46 , 2.279999
22.122 , 95.77 , 93.46 , 2.309998
22.124 , 95.77 , 93.45 , 2.32
22.126 , 95.72 , 93.44 , 2.279999
22.127 , 95.74 , 93.44 , 2.299995
22.129 , 95.67 , 93.43 , 2.239998
22.13 , 95.72 , 93.43 , 2.290001
22.132 , 95.72 , 93.43 , 2.290001
22.133 , 95.67 , 93.42 , 2.25
22.135 , 95.61 , 93.42 , 2.190002
22.137 , 95.65 , 93.41 , 2.239998
22.138 , 95.65 , 93.41 , 2.239998
22.14 , 95.65 , 93.4 , 2.25
22.141 , 95.61 , 93.4 , 2.209999
22.143 , 95.58 , 93.39 , 2.190002
22.144 , 95.58 , 93.39 , 2.190002
22.146 , 95.58 , 93.38 , 2.200005
22.147 , 95.56 , 93.38 , 2.18
22.149 , 95.56 , 93.37 , 2.189995
22.151 , 95.56 , 93.37 , 2.189995
22.152 , 95.51 , 93.37 , 2.139999
22.154 , 95.51 , 93.36 , 2.150002
22.155 , 95.51 , 93.36 , 2.150002
22.157 , 95.49 , 93.35 , 2.139999
22.159 , 95.51 , 93.34 , 2.170006
22.16 , 95.49 , 93.34 , 2.150002
22.162 , 95.51 , 93.34 , 2.170006
22.163 , 95.49 , 93.33 , 2.159996
22.165 , 95.45 , 93.33 , 2.119995
22.166 , 95.45 , 93.32 , 2.129997
22.168 , 95.45 , 93.32 , 2.129997
22.17 , 95.45 , 93.31 , 2.139999
22.171 , 95.42 , 93.31 , 2.110001
22.173 , 95.42 , 93.3 , 2.119995
22.174 , 95.45 , 93.3 , 2.149994
22.176 , 95.38 , 93.29 , 2.089996
22.178 , 95.42 , 93.29 , 2.129997
22.179 , 95.42 , 93.28 , 2.139999
22.181 , 95.38 , 93.28 , 2.099998
22.183 , 95.38 , 93.27 , 2.110001
22.184 , 95.38 , 93.27 , 2.110001
22.186 , 95.33 , 93.26 , 2.07
22.187 , 95.35 , 93.26 , 2.089996
22.189 , 95.38 , 93.25 , 2.129997
22.191 , 95.35 , 93.25 , 2.099998
22.192 , 95.35 , 93.25 , 2.099998
22.194 , 95.33 , 93.24 , 2.090004
22.195 , 95.33 , 93.24 , 2.090004
22.197 , 95.35 , 93.23 , 2.119995
22.198 , 95.33 , 93.23 , 2.099998
22.2 , 95.33 , 93.22 , 2.110001
22.201 , 95.28 , 93.22 , 2.059998
22.203 , 95.26 , 93.21 , 2.050003
22.205 , 95.26 , 93.21 , 2.050003
22.206 , 95.28 , 93.2 , 2.080002
22.208 , 95.26 , 93.2 , 2.060005
22.209 , 95.26 , 93.2 , 2.060005
22.211 , 95.26 , 93.19 , 2.07
22.213 , 95.22 , 93.18 , 2.040001
22.214 , 95.26 , 93.18 , 2.080002
22.215 , 95.22 , 93.18 , 2.040001
22.217 , 95.22 , 93.17 , 2.050003
22.219 , 95.22 , 93.17 , 2.050003
22.22 , 95.19 , 93.16 , 2.029999
22.222 , 95.22 , 93.16 , 2.059998
22.223 , 95.22 , 93.15 , 2.07
22.225 , 95.19 , 93.15 , 2.040001
22.226 , 95.17 , 93.14 , 2.029999
22.228 , 95.17 , 93.14 , 2.029999
22.229 , 95.17 , 93.14 , 2.029999
22.231 , 95.17 , 93.13 , 2.040001
22.233 , 95.17 , 93.12 , 2.049995
22.234 , 95.12 , 93.12 , 2.0
22.236 , 95.12 , 93.11 , 2.010002
22.237 , 95.17 , 93.11 , 2.059998
22.239 , 95.12 , 93.11 , 2.010002
22.24 , 95.12 , 93.1 , 2.020004
22.242 , 95.12 , 93.1 , 2.020004
22.243 , 95.1 , 93.09 , 2.010002
22.245 , 95.06 , 93.09 , 1.970001
22.247 , 95.1 , 93.08 , 2.019997
22.248 , 95.1 , 93.08 , 2.019997
22.25 , 95.06 , 93.07 , 1.989998
22.251 , 95.06 , 93.07 , 1.989998
22.253 , 95.06 , 93.06 , 2.0
22.255 , 95.03 , 93.06 , 1.970001
22.256 , 95.06 , 93.05 , 2.009995
22.258 , 95.06 , 93.05 , 2.009995
22.259 , 95.03 , 93.05 , 1.979996
22.261 , 95.01 , 93.04 , 1.970001
22.263 , 95.03 , 93.03 , 2.0
22.264 , 95.03 , 93.03 , 2.0
22.266 , 94.96 , 93.02 , 1.940002
22.267 , 94.96 , 93.02 , 1.940002
22.269 , 94.96 , 93.02 , 1.940002
22.27 , 94.96 , 93.01 , 1.949997
22.272 , 94.96 , 93.01 , 1.949997
22.274 , 94.96 , 93.0 , 1.959999
22.275 , 94.94 , 93.0 , 1.940002
22.277 , 94.94 , 92.99 , 1.950005
22.278 , 94.94 , 92.99 , 1.950005
22.28 , 94.94 , 92.98 , 1.959999
22.282 , 94.94 , 92.98 , 1.959999
22.283 , 94.94 , 92.97 , 1.970001
22.285 , 94.9 , 92.97 , 1.93
22.286 , 94.9 , 92.96 , 1.940002
22.288 , 94.87 , 92.96 , 1.910004
22.289 , 94.87 , 92.96 , 1.910004
22.291 , 94.87 , 92.95 , 1.920006
22.293 , 94.87 , 92.94 , 1.93
22.294 , 94.87 , 92.94 , 1.93
22.296 , 94.83 , 92.93 , 1.900002
22.297 , 94.87 , 92.93 , 1.940002
22.299 , 94.83 , 92.93 , 1.900002
22.3 , 94.83 , 92.92 , 1.910004
22.302 , 94.83 , 92.92 , 1.910004
22.303 , 94.83 , 92.91 , 1.919998
22.305 , 94.8 , 92.91 , 1.889999
22.306 , 94.8 , 92.91 , 1.889999
22.308 , 94.8 , 92.9 , 1.900002
22.31 , 94.8 , 92.89 , 1.910004
22.311 , 94.78 , 92.89 , 1.889999
22.313 , 94.78 , 92.88 , 1.900002
22.314 , 94.78 , 92.88 , 1.900002
22.316 , 94.78 , 92.88 , 1.900002
22.318 , 94.8 , 92.87 , 1.93
22.319 , 94.8 , 92.87 , 1.93
22.321 , 94.78 , 92.86 , 1.919998
22.322 , 94.78 , 92.86 , 1.919998
22.324 , 94.78 , 92.85 , 1.93
22.326 , 94.78 , 92.85 , 1.93
22.327 , 94.78 , 92.84 , 1.940002
22.329 , 94.78 , 92.84 , 1.940002
22.33 , 94.78 , 92.83 , 1.949997
22.332 , 94.74 , 92.83 , 1.909996
22.334 , 94.74 , 92.82 , 1.919998
22.335 , 94.78 , 92.82 , 1.959999
22.337 , 94.71 , 92.81 , 1.900002
22.339 , 94.74 , 92.81 , 1.93
22.34 , 94.71 , 92.8 , 1.909996
22.342 , 94.74 , 92.8 , 1.939995
22.343 , 94.71 , 92.79 , 1.919998
22.345 , 94.74 , 92.79 , 1.949997
22.347 , 94.74 , 92.78 , 1.959999
22.348 , 94.71 , 92.78 , 1.93
22.35 , 94.71 , 92.77 , 1.940002
22.352 , 94.71 , 92.77 , 1.940002
22.353 , 94.71 , 92.76 , 1.949997
22.355 , 94.71 , 92.76 , 1.949997
22.356 , 94.74 , 92.76 , 1.979996
22.358 , 94.71 , 92.75 , 1.959999
22.36 , 94.74 , 92.74 , 2.0
22.361 , 94.71 , 92.74 , 1.970001
22.363 , 94.74 , 92.73 , 2.009995
22.364 , 94.71 , 92.73 , 1.979996
22.366 , 94.71 , 92.73 , 1.979996
22.368 , 94.74 , 92.72 , 2.019997
22.369 , 94.74 , 92.72 , 2.019997
22.371 , 94.74 , 92.71 , 2.029999
22.372 , 94.74 , 92.71 , 2.029999
22.374 , 94.8 , 92.7 , 2.100006
22.376 , 94.83 , 92.7 , 2.130005
22.377 , 94.83 , 92.69 , 2.139999
22.379 , 94.87 , 92.69 , 2.18
22.38 , 94.94 , 92.68 , 2.260002
22.382 , 94.96 , 92.68 , 2.279999
22.384 , 94.96 , 92.67 , 2.290001
22.385 , 95.03 , 92.67 , 2.360001
22.387 , 95.06 , 92.66 , 2.399994
22.388 , 95.06 , 92.66 , 2.399994
22.39 , 95.1 , 92.65 , 2.449997
22.392 , 95.17 , 92.65 , 2.519997
22.393 , 95.19 , 92.64 , 2.550003
22.395 , 95.26 , 92.64 , 2.620003
22.396 , 95.26 , 92.64 , 2.620003
22.398 , 95.35 , 92.63 , 2.720001
22.4 , 95.45 , 92.62 , 2.829994
22.401 , 95.51 , 92.62 , 2.889999
22.403 , 95.51 , 92.62 , 2.889999
22.404 , 95.58 , 92.61 , 2.970001
22.406 , 95.61 , 92.61 , 3.0
22.407 , 95.67 , 92.6 , 3.07
22.409 , 95.74 , 92.6 , 3.139999
22.411 , 95.77 , 92.59 , 3.18
22.412 , 95.83 , 92.59 , 3.240005
22.414 , 95.88 , 92.58 , 3.299995
22.416 , 95.93 , 92.58 , 3.349998
22.417 , 95.99 , 92.57 , 3.419998
22.419 , 96.04 , 92.57 , 3.470001
22.42 , 96.06 , 92.56 , 3.5
22.422 , 96.13 , 92.56 , 3.57
22.424 , 96.15 , 92.55 , 3.599998
22.425 , 96.22 , 92.55 , 3.669998
22.427 , 96.29 , 92.54 , 3.75
22.428 , 96.31 , 92.54 , 3.769997
22.43 , 96.36 , 92.53 , 3.830002
22.431 , 96.38 , 92.53 , 3.849998
22.433 , 96.38 , 92.53 , 3.849998
22.435 , 96.45 , 92.52 , 3.93
22.436 , 96.5 , 92.52 , 3.980003
22.438 , 96.52 , 92.51 , 4.009995
22.439 , 96.54 , 92.51 , 4.029999
22.441 , 96.59 , 92.5 , 4.089996
22.443 , 96.54 , 92.5 , 4.040001
22.444 , 96.59 , 92.49 , 4.099998
22.446 , 96.59 , 92.49 , 4.099998
22.447 , 96.61 , 92.48 , 4.129997
22.449 , 96.61 , 92.48 , 4.129997
22.451 , 96.66 , 92.47 , 4.190002
22.452 , 96.7 , 92.47 , 4.229996
22.454 , 96.75 , 92.46 , 4.290001
22.455 , 96.7 , 92.46 , 4.239998
22.457 , 96.8 , 92.45 , 4.350006
22.458 , 96.8 , 92.45 , 4.350006
22.46 , 96.8 , 92.44 , 4.360001
22.462 , 96.8 , 92.44 , 4.360001
22.463 , 96.86 , 92.44 , 4.419998
22.465 , 96.84 , 92.43 , 4.409996
22.466 , 96.86 , 92.43 , 4.43
22.468 , 96.89 , 92.42 , 4.470001
22.469 , 96.89 , 92.42 , 4.470001
22.471 , 96.89 , 92.41 , 4.479996
22.473 , 96.89 , 92.41 , 4.479996
22.474 , 96.89 , 92.4 , 4.489998
22.476 , 96.93 , 92.4 , 4.529999
22.478 , 96.93 , 92.39 , 4.540001
22.479 , 96.96 , 92.39 , 4.57
22.481 , 96.93 , 92.38 , 4.550003
22.482 , 96.96 , 92.38 , 4.580002
22.484 , 96.96 , 92.37 , 4.589996
22.486 , 96.96 , 92.37 , 4.589996
22.487 , 96.93 , 92.36 , 4.57
22.489 , 96.96 , 92.36 , 4.599998
22.49 , 96.93 , 92.35 , 4.580002
22.492 , 96.96 , 92.35 , 4.610001
22.494 , 96.93 , 92.34 , 4.590004
22.495 , 96.93 , 92.34 , 4.590004
22.497 , 96.89 , 92.33 , 4.559998
22.498 , 96.89 , 92.33 , 4.559998
22.5 , 96.89 , 92.32 , 4.57
22.502 , 96.86 , 92.32 , 4.540001
22.503 , 96.89 , 92.32 , 4.57
22.505 , 96.86 , 92.31 , 4.550003
22.506 , 96.86 , 92.31 , 4.550003
22.508 , 96.86 , 92.3 , 4.559998
22.51 , 96.84 , 92.3 , 4.539993
22.511 , 96.84 , 92.29 , 4.549995
22.513 , 96.84 , 92.29 , 4.549995
22.514 , 96.8 , 92.28 , 4.520004
22.516 , 96.84 , 92.28 , 4.559998
22.518 , 96.84 , 92.27 , 4.57
22.519 , 96.84 , 92.27 , 4.57
22.521 , 96.8 , 92.26 , 4.540001
22.522 , 96.8 , 92.26 , 4.540001
22.524 , 96.8 , 92.25 , 4.550003
22.526 , 96.75 , 92.25 , 4.5
22.527 , 96.75 , 92.24 , 4.510002
22.529 , 96.7 , 92.24 , 4.459999
22.53 , 96.75 , 92.24 , 4.510002
22.532 , 96.68 , 92.23 , 4.449997
22.533 , 96.68 , 92.23 , 4.449997
22.535 , 96.68 , 92.22 , 4.459999
22.536 , 96.68 , 92.22 , 4.459999
22.538 , 96.66 , 92.21 , 4.450005
22.54 , 96.66 , 92.21 , 4.450005
22.541 , 96.61 , 92.2 , 4.410004
22.543 , 96.61 , 92.2 , 4.410004
22.544 , 96.59 , 92.19 , 4.399994
22.546 , 96.54 , 92.19 , 4.349998
22.547 , 96.59 , 92.18 , 4.409996
22.549 , 96.54 , 92.18 , 4.360001
22.551 , 96.54 , 92.17 , 4.370003
22.552 , 96.54 , 92.17 , 4.370003
22.554 , 96.52 , 92.16 , 4.359993
22.555 , 96.5 , 92.16 , 4.339996
22.557 , 96.5 , 92.15 , 4.349998
22.558 , 96.45 , 92.15 , 4.299995
22.56 , 96.45 , 92.15 , 4.299995
22.562 , 96.43 , 92.14 , 4.290001
22.563 , 96.43 , 92.14 , 4.290001
22.565 , 96.43 , 92.13 , 4.300003
22.566 , 96.38 , 92.13 , 4.25
22.568 , 96.36 , 92.12 , 4.239998
22.569 , 96.36 , 92.12 , 4.239998
22.571 , 96.36 , 92.11 , 4.25
22.572 , 96.31 , 92.11 , 4.199997
22.574 , 96.27 , 92.1 , 4.169998
22.576 , 96.29 , 92.1 , 4.190002
22.577 , 96.27 , 92.09 , 4.18
22.579 , 96.22 , 92.09 , 4.130005
22.58 , 96.27 , 92.09 , 4.18
22.582 , 96.22 , 92.08 , 4.139999
22.584 , 96.2 , 92.07 , 4.129997
22.585 , 96.15 , 92.07 , 4.080002
22.587 , 96.15 , 92.06 , 4.090004
22.588 , 96.13 , 92.06 , 4.07
22.59 , 96.11 , 92.06 , 4.050003
22.592 , 96.11 , 92.05 , 4.059998
22.593 , 96.06 , 92.05 , 4.009995
22.595 , 96.04 , 92.04 , 4.0
22.596 , 96.06 , 92.04 , 4.019997
22.598 , 95.99 , 92.03 , 3.959999
22.6 , 95.99 , 92.03 , 3.959999
22.601 , 95.99 , 92.02 , 3.970001
22.603 , 95.93 , 92.02 , 3.910004
22.604 , 95.9 , 92.01 , 3.889999
22.606 , 95.9 , 92.01 , 3.889999
22.607 , 95.88 , 92.01 , 3.869995
22.609 , 95.88 , 92.0 , 3.879997
22.611 , 95.88 , 91.99 , 3.889999
22.612 , 95.83 , 91.99 , 3.840004
22.614 , 95.81 , 91.98 , 3.829994
22.615 , 95.77 , 91.98 , 3.789993
22.617 , 95.77 , 91.98 , 3.789993
22.619 , 95.74 , 91.97 , 3.769997
22.62 , 95.74 , 91.97 , 3.769997
22.622 , 95.67 , 91.96 , 3.709999
22.624 , 95.67 , 91.95 , 3.720001
22.625 , 95.65 , 91.95 , 3.700005
22.627 , 95.61 , 91.95 , 3.660004
22.628 , 95.58 , 91.94 , 3.639999
22.63 , 95.58 , 91.94 , 3.639999
22.631 , 95.56 , 91.93 , 3.629997
22.633 , 95.58 , 91.93 , 3.650002
22.635 , 95.56 , 91.92 , 3.639999
22.636 , 95.49 , 91.92 , 3.57
22.638 , 95.49 , 91.91 , 3.579994
22.64 , 95.49 , 91.91 , 3.579994
22.641 , 95.45 , 91.9 , 3.549995
22.643 , 95.42 , 91.9 , 3.519997
22.644 , 95.42 , 91.89 , 3.529999
22.646 , 95.38 , 91.89 , 3.489998
22.648 , 95.35 , 91.88 , 3.470001
22.649 , 95.35 , 91.88 , 3.470001
22.651 , 95.33 , 91.87 , 3.459999
22.653 , 95.35 , 91.87 , 3.479996
22.654 , 95.33 , 91.86 , 3.470001
22.656 , 95.28 , 91.86 , 3.419998
22.657 , 95.28 , 91.86 , 3.419998
22.659 , 95.28 , 91.85 , 3.43
22.661 , 95.26 , 91.84 , 3.420006
22.662 , 95.26 , 91.84 , 3.420006
22.664 , 95.22 , 91.83 , 3.389999
22.665 , 95.22 , 91.83 , 3.389999
22.667 , 95.22 , 91.83 , 3.389999
22.668 , 95.17 , 91.82 , 3.349998
22.67 , 95.19 , 91.82 , 3.370003
22.672 , 95.12 , 91.81 , 3.310005
22.673 , 95.12 , 91.81 , 3.310005
22.675 , 95.17 , 91.8 , 3.369995
22.676 , 95.12 , 91.8 , 3.32
22.678 , 95.1 , 91.79 , 3.309998
22.679 , 95.12 , 91.79 , 3.330002
22.681 , 95.1 , 91.78 , 3.32
22.683 , 95.06 , 91.78 , 3.279999
22.684 , 95.1 , 91.77 , 3.330002
22.686 , 95.06 , 91.77 , 3.290001
22.688 , 95.06 , 91.76 , 3.299995
22.689 , 95.03 , 91.76 , 3.269997
22.691 , 95.03 , 91.75 , 3.279999
22.692 , 95.01 , 91.75 , 3.260002
22.694 , 95.03 , 91.74 , 3.290001
22.696 , 95.01 , 91.74 , 3.270004
22.697 , 95.01 , 91.74 , 3.270004
22.699 , 94.96 , 91.73 , 3.229996
22.7 , 94.96 , 91.73 , 3.229996
22.702 , 94.96 , 91.72 , 3.239998
22.704 , 94.96 , 91.72 , 3.239998
22.705 , 94.94 , 91.71 , 3.230003
22.707 , 94.94 , 91.71 , 3.230003
22.708 , 94.94 , 91.7 , 3.240005
22.71 , 94.87 , 91.7 , 3.170006
22.711 , 94.9 , 91.69 , 3.209999
22.713 , 94.87 , 91.69 , 3.18
22.715 , 94.87 , 91.68 , 3.190002
22.716 , 94.87 , 91.68 , 3.190002
22.718 , 94.87 , 91.67 , 3.200005
22.719 , 94.87 , 91.67 , 3.200005
22.721 , 94.87 , 91.66 , 3.209999
22.722 , 94.83 , 91.66 , 3.169998
22.724 , 94.9 , 91.66 , 3.239998
22.725 , 94.9 , 91.65 , 3.25
22.727 , 94.87 , 91.65 , 3.220001
22.728 , 94.83 , 91.64 , 3.190002
22.73 , 94.83 , 91.64 , 3.190002
22.732 , 94.87 , 91.63 , 3.240005
22.733 , 94.83 , 91.63 , 3.200005
22.735 , 94.83 , 91.62 , 3.209999
22.736 , 94.83 , 91.62 , 3.209999
22.738 , 94.83 , 91.61 , 3.220001
22.739 , 94.8 , 91.61 , 3.190002
22.741 , 94.8 , 91.6 , 3.200005
22.742 , 94.8 , 91.6 , 3.200005
22.744 , 94.78 , 91.6 , 3.18
22.746 , 94.78 , 91.59 , 3.190002
22.747 , 94.78 , 91.59 , 3.190002
22.749 , 94.71 , 91.58 , 3.129997
22.75 , 94.71 , 91.58 , 3.129997
22.752 , 94.74 , 91.57 , 3.169998
22.754 , 94.74 , 91.57 , 3.169998
22.755 , 94.71 , 91.56 , 3.150002
22.757 , 94.71 , 91.56 , 3.150002
22.758 , 94.71 , 91.55 , 3.159996
22.76 , 94.71 , 91.55 , 3.159996
22.762 , 94.71 , 91.54 , 3.169998
22.763 , 94.64 , 91.54 , 3.099998
22.765 , 94.62 , 91.53 , 3.090004
22.766 , 94.58 , 91.53 , 3.050003
22.768 , 94.62 , 91.52 , 3.100006
22.77 , 94.55 , 91.52 , 3.030006
22.771 , 94.58 , 91.51 , 3.07
22.781 , 94.48 , 91.48 , 3.0
22.782 , 94.51 , 91.48 , 3.029999
22.784 , 94.48 , 91.48 , 3.0
22.786 , 94.48 , 91.47 , 3.010002
22.787 , 94.48 , 91.47 , 3.010002
22.789 , 94.44 , 91.46 , 2.980003
22.79 , 94.44 , 91.46 , 2.980003
22.792 , 94.44 , 91.45 , 2.990005
22.793 , 94.44 , 91.45 , 2.990005
22.795 , 94.44 , 91.44 , 3.0
22.796 , 94.42 , 91.44 , 2.979996
22.798 , 94.42 , 91.43 , 2.989998
22.8 , 94.35 , 91.43 , 2.919998
22.801 , 94.39 , 91.43 , 2.959999
22.803 , 94.39 , 91.42 , 2.970001
22.805 , 94.39 , 91.41 , 2.979996
22.806 , 94.32 , 91.41 , 2.909996
22.808 , 94.32 , 91.4 , 2.919998
22.809 , 94.32 , 91.4 , 2.919998
22.811 , 94.35 , 91.4 , 2.949997
22.813 , 94.28 , 91.39 , 2.889999
22.814 , 94.28 , 91.39 , 2.889999
22.816 , 94.28 , 91.38 , 2.900002
22.818 , 94.25 , 91.37 , 2.879997
22.819 , 94.28 , 91.37 , 2.909996
22.821 , 94.25 , 91.37 , 2.879997
22.822 , 94.23 , 91.36 , 2.870003
22.824 , 94.23 , 91.36 , 2.870003
22.825 , 94.23 , 91.35 , 2.880005
22.827 , 94.16 , 91.35 , 2.810005
22.828 , 94.16 , 91.34 , 2.820007
22.83 , 94.19 , 91.34 , 2.850006
22.832 , 94.12 , 91.33 , 2.790001
22.833 , 94.12 , 91.33 , 2.790001
22.835 , 94.12 , 91.32 , 2.800003
22.836 , 94.12 , 91.32 , 2.800003
22.838 , 94.09 , 91.31 , 2.779999
22.839 , 94.09 , 91.31 , 2.779999
22.841 , 94.09 , 91.31 , 2.779999
22.843 , 94.09 , 91.3 , 2.789993
22.844 , 94.05 , 91.3 , 2.75
22.846 , 94.05 , 91.29 , 2.760002
22.847 , 94.0 , 91.29 , 2.709999
22.849 , 93.98 , 91.28 , 2.700005
22.85 , 93.98 , 91.28 , 2.700005
22.852 , 93.98 , 91.27 , 2.710007
22.854 , 93.98 , 91.27 , 2.710007
22.855 , 93.98 , 91.26 , 2.720001
22.857 , 93.93 , 91.26 , 2.669998
22.858 , 93.93 , 91.25 , 2.68
22.86 , 93.98 , 91.25 , 2.730003
22.861 , 93.91 , 91.25 , 2.660004
22.863 , 93.91 , 91.24 , 2.670006
22.864 , 93.93 , 91.24 , 2.690002
22.866 , 93.87 , 91.23 , 2.639999
22.868 , 93.87 , 91.22 , 2.650002
22.869 , 93.87 , 91.22 , 2.650002
22.871 , 93.87 , 91.22 , 2.650002
22.872 , 93.82 , 91.21 , 2.610001
22.874 , 93.87 , 91.21 , 2.660004
22.875 , 93.82 , 91.2 , 2.620003
22.877 , 93.82 , 91.2 , 2.620003
22.879 , 93.77 , 91.19 , 2.579994
22.88 , 93.77 , 91.19 , 2.579994
22.882 , 93.75 , 91.18 , 2.57
22.883 , 93.75 , 91.18 , 2.57
22.885 , 93.75 , 91.17 , 2.580002
22.887 , 93.71 , 91.17 , 2.540001
22.888 , 93.75 , 91.16 , 2.589996
22.89 , 93.71 , 91.16 , 2.549995
22.891 , 93.68 , 91.16 , 2.519997
22.893 , 93.68 , 91.15 , 2.529999
22.895 , 93.68 , 91.14 , 2.540001
22.896 , 93.66 , 91.14 , 2.520004
22.898 , 93.66 , 91.13 , 2.530006
22.899 , 93.66 , 91.13 , 2.530006
22.901 , 93.66 , 91.13 , 2.530006
22.902 , 93.61 , 91.12 , 2.489998
22.904 , 93.66 , 91.12 , 2.540001
22.905 , 93.61 , 91.11 , 2.5
22.907 , 93.61 , 91.11 , 2.5
22.908 , 93.52 , 91.11 , 2.409996
22.91 , 93.55 , 91.1 , 2.450005
22.912 , 93.55 , 91.09 , 2.460007
22.913 , 93.55 , 91.09 , 2.460007
22.915 , 93.52 , 91.08 , 2.439995
22.916 , 93.52 , 91.08 , 2.439995
22.918 , 93.45 , 91.08 , 2.369995
22.919 , 93.48 , 91.07 , 2.410004
22.921 , 93.48 , 91.07 , 2.410004
22.922 , 93.48 , 91.06 , 2.420006
22.924 , 93.45 , 91.06 , 2.389999
22.926 , 93.43 , 91.05 , 2.379997
22.927 , 93.43 , 91.05 , 2.379997
22.929 , 93.43 , 91.04 , 2.389999
22.93 , 93.43 , 91.04 , 2.389999
22.932 , 93.39 , 91.03 , 2.360001
22.933 , 93.39 , 91.03 , 2.360001
22.935 , 93.39 , 91.02 , 2.370003
22.937 , 93.36 , 91.02 , 2.340004
22.938 , 93.36 , 91.02 , 2.340004
22.94 , 93.39 , 91.01 , 2.379997
22.941 , 93.36 , 91.01 , 2.349998
22.943 , 93.32 , 91.0 , 2.32
22.944 , 93.32 , 91.0 , 2.32
22.946 , 93.32 , 90.99 , 2.330002
22.948 , 93.32 , 90.99 , 2.330002
22.949 , 93.29 , 90.98 , 2.309998
22.951 , 93.27 , 90.98 , 2.289993
22.953 , 93.27 , 90.97 , 2.299995
22.954 , 93.29 , 90.97 , 2.32
22.956 , 93.22 , 90.96 , 2.260002
22.957 , 93.22 , 90.96 , 2.260002
22.959 , 93.22 , 90.95 , 2.270004
22.96 , 93.22 , 90.95 , 2.270004
22.962 , 93.2 , 90.94 , 2.259995
22.964 , 93.2 , 90.94 , 2.259995
22.965 , 93.2 , 90.93 , 2.269997
22.967 , 93.16 , 90.93 , 2.230003
22.968 , 93.2 , 90.93 , 2.269997
22.97 , 93.16 , 90.92 , 2.240005
22.972 , 93.16 , 90.91 , 2.25
22.973 , 93.13 , 90.91 , 2.219994
22.975 , 93.13 , 90.9 , 2.229996
22.976 , 93.13 , 90.9 , 2.229996
22.978 , 93.06 , 90.9 , 2.159996
22.979 , 93.06 , 90.89 , 2.169998
22.981 , 93.11 , 90.89 , 2.220001
22.983 , 93.11 , 90.88 , 2.230003
22.984 , 93.06 , 90.88 , 2.18
22.986 , 93.04 , 90.87 , 2.169998
22.987 , 93.06 , 90.87 , 2.189995
22.989 , 93.04 , 90.86 , 2.18
22.991 , 93.0 , 90.86 , 2.139999
22.992 , 93.0 , 90.85 , 2.150002
22.994 , 93.0 , 90.85 , 2.150002
22.995 , 93.0 , 90.84 , 2.160004
22.997 , 93.0 , 90.84 , 2.160004
22.998 , 93.0 , 90.84 , 2.160004
23.0 , 92.97 , 90.83 , 2.139999
23.002 , 93.0 , 90.82 , 2.18
23.003 , 92.9 , 90.82 , 2.080002
23.005 , 92.93 , 90.82 , 2.110001
23.006 , 92.93 , 90.81 , 2.120003
23.008 , 92.9 , 90.81 , 2.090004
23.009 , 92.9 , 90.8 , 2.099998
23.011 , 92.9 , 90.8 , 2.099998
23.012 , 92.88 , 90.79 , 2.089996
23.014 , 92.88 , 90.79 , 2.089996
23.016 , 92.88 , 90.78 , 2.099998
23.017 , 92.88 , 90.78 , 2.099998
23.019 , 92.88 , 90.77 , 2.110001
23.02 , 92.84 , 90.77 , 2.07
23.022 , 92.84 , 90.76 , 2.079994
23.024 , 92.84 , 90.76 , 2.079994
23.025 , 92.84 , 90.76 , 2.079994
23.027 , 92.77 , 90.75 , 2.019997
23.029 , 92.81 , 90.74 , 2.07
23.03 , 92.81 , 90.74 , 2.07
23.032 , 92.81 , 90.73 , 2.079994
23.033 , 92.77 , 90.73 , 2.039993
23.035 , 92.77 , 90.73 , 2.039993
23.037 , 92.77 , 90.72 , 2.049995
23.038 , 92.74 , 90.72 , 2.019997
23.04 , 92.77 , 90.71 , 2.059998
23.041 , 92.74 , 90.71 , 2.029999
23.043 , 92.74 , 90.7 , 2.040001
23.045 , 92.72 , 90.7 , 2.020004
23.046 , 92.72 , 90.69 , 2.029999
23.048 , 92.74 , 90.69 , 2.049995
23.049 , 92.72 , 90.68 , 2.040001
23.051 , 92.72 , 90.68 , 2.040001
23.052 , 92.68 , 90.67 , 2.010002
23.054 , 92.72 , 90.67 , 2.050003
23.055 , 92.68 , 90.67 , 2.010002
23.057 , 92.68 , 90.66 , 2.019997
23.058 , 92.65 , 90.66 , 1.989998
23.06 , 92.65 , 90.65 , 2.0
23.061 , 92.65 , 90.65 , 2.0
23.063 , 92.65 , 90.64 , 2.010002
23.064 , 92.65 , 90.64 , 2.010002
23.066 , 92.65 , 90.63 , 2.020004
23.068 , 92.65 , 90.63 , 2.020004
23.069 , 92.58 , 90.62 , 1.959999
23.071 , 92.61 , 90.62 , 1.989998
23.072 , 92.61 , 90.61 , 2.0
23.074 , 92.61 , 90.61 , 2.0
23.075 , 92.61 , 90.61 , 2.0
23.077 , 92.58 , 90.6 , 1.980003
23.078 , 92.58 , 90.6 , 1.980003
23.08 , 92.61 , 90.59 , 2.020004
23.081 , 92.58 , 90.59 , 1.990005
23.083 , 92.58 , 90.58 , 2.0
23.084 , 92.58 , 90.58 , 2.0
23.086 , 92.56 , 90.57 , 1.989998
23.088 , 92.56 , 90.57 , 1.989998
23.089 , 92.49 , 90.56 , 1.93
23.091 , 92.49 , 90.56 , 1.93
23.093 , 92.49 , 90.55 , 1.939995
23.094 , 92.49 , 90.55 , 1.939995
23.096 , 92.49 , 90.54 , 1.949997
23.097 , 92.49 , 90.54 , 1.949997
23.099 , 92.45 , 90.53 , 1.919998
23.101 , 92.45 , 90.53 , 1.919998
23.102 , 92.45 , 90.53 , 1.919998
23.104 , 92.42 , 90.52 , 1.900002
23.106 , 92.45 , 90.51 , 1.939995
23.107 , 92.38 , 90.51 , 1.869995
23.109 , 92.42 , 90.5 , 1.919998
23.11 , 92.42 , 90.5 , 1.919998
23.112 , 92.42 , 90.5 , 1.919998
23.113 , 92.38 , 90.49 , 1.889999
23.115 , 92.36 , 90.49 , 1.870003
23.117 , 92.38 , 90.48 , 1.899994
23.118 , 92.38 , 90.48 , 1.899994
23.12 , 92.36 , 90.47 , 1.889999
23.121 , 92.36 , 90.47 , 1.889999
23.123 , 92.36 , 90.46 , 1.900002
23.124 , 92.33 , 90.46 , 1.870003
23.126 , 92.33 , 90.45 , 1.880005
23.128 , 92.33 , 90.45 , 1.880005
23.129 , 92.29 , 90.44 , 1.849998
23.131 , 92.33 , 90.44 , 1.889999
23.132 , 92.29 , 90.44 , 1.849998
23.134 , 92.33 , 90.43 , 1.900002
23.135 , 92.29 , 90.43 , 1.860001
23.137 , 92.29 , 90.42 , 1.870003
23.138 , 92.26 , 90.42 , 1.840004
23.14 , 92.26 , 90.41 , 1.849998
23.141 , 92.26 , 90.41 , 1.849998
23.143 , 92.26 , 90.4 , 1.860001
23.144 , 92.26 , 90.4 , 1.860001
23.146 , 92.26 , 90.39 , 1.870003
23.148 , 92.22 , 90.39 , 1.830002
23.149 , 92.22 , 90.38 , 1.840004
23.151 , 92.22 , 90.38 , 1.840004
23.152 , 92.2 , 90.38 , 1.82
23.154 , 92.22 , 90.37 , 1.849998
23.155 , 92.2 , 90.37 , 1.829994
23.157 , 92.2 , 90.36 , 1.839996
23.159 , 92.2 , 90.35 , 1.849998
23.16 , 92.2 , 90.35 , 1.849998
23.162 , 92.2 , 90.35 , 1.849998
23.164 , 92.2 , 90.34 , 1.860001
23.165 , 92.17 , 90.34 , 1.830002
23.167 , 92.17 , 90.33 , 1.839996
23.168 , 92.17 , 90.33 , 1.839996
23.17 , 92.17 , 90.32 , 1.849998
23.172 , 92.17 , 90.32 , 1.849998
23.173 , 92.17 , 90.31 , 1.860001
23.175 , 92.17 , 90.31 , 1.860001
23.176 , 92.13 , 90.3 , 1.829994
23.178 , 92.17 , 90.3 , 1.869995
23.18 , 92.17 , 90.29 , 1.879997
23.181 , 92.17 , 90.29 , 1.879997
23.183 , 92.17 , 90.28 , 1.889999
23.184 , 92.17 , 90.28 , 1.889999
23.186 , 92.17 , 90.27 , 1.900002
23.188 , 92.17 , 90.27 , 1.900002
23.189 , 92.13 , 90.26 , 1.869995
23.191 , 92.17 , 90.26 , 1.909996
23.193 , 92.17 , 90.25 , 1.919998
23.194 , 92.17 , 90.25 , 1.919998
23.196 , 92.2 , 90.24 , 1.959999
23.197 , 92.17 , 90.24 , 1.93
23.199 , 92.2 , 90.23 , 1.969994
23.201 , 92.22 , 90.23 , 1.989998
23.202 , 92.22 , 90.23 , 1.989998
23.204 , 92.26 , 90.22 , 2.040001
23.205 , 92.26 , 90.22 , 2.040001
23.207 , 92.29 , 90.21 , 2.080002
23.208 , 92.29 , 90.21 , 2.080002
23.21 , 92.36 , 90.2 , 2.160004
23.211 , 92.36 , 90.2 , 2.160004
23.213 , 92.38 , 90.19 , 2.189995
23.214 , 92.45 , 90.19 , 2.259995
23.216 , 92.49 , 90.18 , 2.309998
23.218 , 92.56 , 90.18 , 2.379997
23.219 , 92.56 , 90.18 , 2.379997
23.221 , 92.61 , 90.17 , 2.440002
23.222 , 92.72 , 90.17 , 2.550003
23.224 , 92.68 , 90.16 , 2.519997
23.225 , 92.74 , 90.16 , 2.579994
23.227 , 92.77 , 90.15 , 2.619995
23.229 , 92.84 , 90.15 , 2.689995
23.23 , 92.88 , 90.14 , 2.739998
23.232 , 92.97 , 90.14 , 2.830002
23.233 , 92.97 , 90.13 , 2.840004
23.235 , 93.0 , 90.13 , 2.870003
23.237 , 93.11 , 90.12 , 2.989998
23.238 , 93.13 , 90.12 , 3.009995
23.24 , 93.2 , 90.11 , 3.089996
23.241 , 93.27 , 90.11 , 3.159996
23.243 , 93.29 , 90.1 , 3.190002
23.244 , 93.39 , 90.1 , 3.290001
23.246 , 93.43 , 90.09 , 3.340004
23.248 , 93.45 , 90.09 , 3.360001
23.249 , 93.52 , 90.09 , 3.43
23.251 , 93.59 , 90.08 , 3.509995
23.252 , 93.66 , 90.08 , 3.580002
23.254 , 93.68 , 90.07 , 3.610001
23.256 , 93.77 , 90.06 , 3.709999
23.257 , 93.84 , 90.06 , 3.779999
23.259 , 93.82 , 90.06 , 3.760002
23.26 , 93.87 , 90.05 , 3.82
23.262 , 93.91 , 90.05 , 3.860001
23.264 , 93.91 , 90.04 , 3.870003
23.265 , 93.93 , 90.04 , 3.889999
23.267 , 93.98 , 90.03 , 3.950005
23.268 , 94.0 , 90.03 , 3.970001
23.27 , 94.0 , 90.02 , 3.980003
23.271 , 94.09 , 90.02 , 4.07
23.273 , 94.05 , 90.01 , 4.040001
23.274 , 94.12 , 90.01 , 4.110001
23.276 , 94.16 , 90.0 , 4.160004
23.277 , 94.16 , 90.0 , 4.160004
23.279 , 94.16 , 90.0 , 4.160004
23.28 , 94.19 , 89.99 , 4.200005
23.282 , 94.19 , 89.99 , 4.200005
23.284 , 94.28 , 89.98 , 4.299995
23.285 , 94.25 , 89.98 , 4.269997
23.287 , 94.28 , 89.97 , 4.309998
23.288 , 94.32 , 89.97 , 4.349998
23.29 , 94.32 , 89.96 , 4.360001
23.292 , 94.39 , 89.96 , 4.43
23.293 , 94.35 , 89.95 , 4.400002
23.295 , 94.39 , 89.95 , 4.440002
23.297 , 94.44 , 89.94 , 4.5
23.298 , 94.42 , 89.94 , 4.479996
23.3 , 94.42 , 89.93 , 4.489998
23.301 , 94.44 , 89.93 , 4.510002
23.303 , 94.44 , 89.92 , 4.520004
23.304 , 94.44 , 89.92 , 4.520004
23.306 , 94.42 , 89.92 , 4.5
23.308 , 94.44 , 89.91 , 4.529999
23.309 , 94.44 , 89.91 , 4.529999
23.311 , 94.44 , 89.9 , 4.540001
23.312 , 94.44 , 89.9 , 4.540001
23.314 , 94.42 , 89.89 , 4.529999
23.315 , 94.44 , 89.89 , 4.550003
23.317 , 94.44 , 89.88 , 4.560005
23.318 , 94.42 , 89.88 , 4.540001
23.32 , 94.39 , 89.87 , 4.519997
23.322 , 94.42 , 89.87 , 4.549995
23.323 , 94.39 , 89.86 , 4.529999
23.325 , 94.39 , 89.86 , 4.529999
23.327 , 94.39 , 89.85 , 4.540001
23.328 , 94.39 , 89.85 , 4.540001
23.33 , 94.35 , 89.84 , 4.510002
23.332 , 94.35 , 89.84 , 4.510002
23.333 , 94.32 , 89.83 , 4.489998
23.335 , 94.32 , 89.83 , 4.489998
23.336 , 94.32 , 89.83 , 4.489998
23.338 , 94.32 , 89.82 , 4.5
23.34 , 94.32 , 89.81 , 4.510002
23.341 , 94.32 , 89.81 , 4.510002
23.343 , 94.28 , 89.8 , 4.479996
23.344 , 94.25 , 89.8 , 4.449997
23.346 , 94.23 , 89.8 , 4.43
23.348 , 94.25 , 89.79 , 4.459999
23.349 , 94.23 , 89.79 , 4.440002
23.351 , 94.23 , 89.78 , 4.450005
23.352 , 94.23 , 89.78 , 4.450005
23.354 , 94.19 , 89.77 , 4.420006
23.355 , 94.19 , 89.77 , 4.420006
23.357 , 94.16 , 89.76 , 4.400002
23.359 , 94.16 , 89.76 , 4.400002
23.36 , 94.16 , 89.75 , 4.410004
23.362 , 94.16 , 89.75 , 4.410004
23.363 , 94.09 , 89.74 , 4.349998
23.365 , 94.12 , 89.74 , 4.380005
23.366 , 94.09 , 89.74 , 4.349998
23.368 , 94.09 , 89.73 , 4.359993
23.37 , 94.09 , 89.72 , 4.369995
23.371 , 94.09 , 89.72 , 4.369995
23.373 , 94.05 , 89.71 , 4.340004
23.374 , 94.0 , 89.71 , 4.290001
23.376 , 94.05 , 89.71 , 4.340004
23.378 , 94.0 , 89.7 , 4.300003
23.379 , 94.0 , 89.7 , 4.300003
23.381 , 93.98 , 89.69 , 4.290001
23.382 , 93.98 , 89.69 , 4.290001
23.384 , 93.93 , 89.68 , 4.25
23.385 , 93.93 , 89.68 , 4.25
23.387 , 93.91 , 89.67 , 4.240005
23.388 , 93.91 , 89.67 , 4.240005
23.39 , 93.87 , 89.66 , 4.209999
23.392 , 93.84 , 89.66 , 4.179993
23.393 , 93.84 , 89.65 , 4.189995
23.395 , 93.87 , 89.65 , 4.220001
23.396 , 93.84 , 89.65 , 4.189995
23.398 , 93.82 , 89.64 , 4.18
23.4 , 93.77 , 89.63 , 4.139999
23.401 , 93.77 , 89.63 , 4.139999
23.403 , 93.75 , 89.63 , 4.120003
23.405 , 93.71 , 89.62 , 4.089996
23.406 , 93.68 , 89.62 , 4.059998
23.408 , 93.66 , 89.61 , 4.050003
23.409 , 93.68 , 89.61 , 4.07
23.411 , 93.66 , 89.6 , 4.060005
23.412 , 93.68 , 89.6 , 4.080002
23.414 , 93.61 , 89.59 , 4.020004
23.416 , 93.61 , 89.59 , 4.020004
23.417 , 93.59 , 89.58 , 4.009995
23.419 , 93.59 , 89.58 , 4.009995
23.42 , 93.59 , 89.57 , 4.019997
23.422 , 93.52 , 89.57 , 3.949997
23.424 , 93.48 , 89.56 , 3.920006
23.425 , 93.45 , 89.56 , 3.889999
23.427 , 93.43 , 89.55 , 3.879997
23.428 , 93.43 , 89.55 , 3.879997
23.43 , 93.39 , 89.54 , 3.849998
23.432 , 93.39 , 89.54 , 3.849998
23.433 , 93.36 , 89.54 , 3.82
23.435 , 93.32 , 89.53 , 3.790001
23.436 , 93.32 , 89.53 , 3.790001
23.438 , 93.27 , 89.52 , 3.75
23.44 , 93.22 , 89.51 , 3.709999
23.441 , 93.27 , 89.51 , 3.759995
23.443 , 93.22 , 89.51 , 3.709999
23.444 , 93.22 , 89.5 , 3.720001
23.446 , 93.22 , 89.5 , 3.720001
23.447 , 93.2 , 89.49 , 3.709999
23.449 , 93.13 , 89.49 , 3.639999
23.451 , 93.16 , 89.48 , 3.68
23.452 , 93.13 , 89.48 , 3.649994
23.454 , 93.11 , 89.47 , 3.639999
23.455 , 93.11 , 89.47 , 3.639999
23.457 , 93.06 , 89.46 , 3.599998
23.459 , 93.06 , 89.46 , 3.599998
23.46 , 93.0 , 89.45 , 3.550003
23.47 , 92.97 , 89.42 , 3.550003
23.472 , 92.93 , 89.42 , 3.510002
23.473 , 92.88 , 89.42 , 3.459999
23.475 , 92.88 , 89.41 , 3.469994
23.477 , 92.88 , 89.4 , 3.479996
23.478 , 92.84 , 89.4 , 3.439995
23.48 , 92.84 , 89.39 , 3.449997
23.482 , 92.81 , 89.39 , 3.419998
23.483 , 92.84 , 89.39 , 3.449997
23.485 , 92.81 , 89.38 , 3.43
23.487 , 92.77 , 89.37 , 3.399994
23.488 , 92.77 , 89.37 , 3.399994
23.49 , 92.74 , 89.36 , 3.379997
23.491 , 92.77 , 89.36 , 3.409996
23.493 , 92.72 , 89.36 , 3.360001
23.495 , 92.74 , 89.35 , 3.389999
23.496 , 92.68 , 89.35 , 3.330002
23.498 , 92.72 , 89.34 , 3.380005
23.499 , 92.68 , 89.34 , 3.340004
23.501 , 92.65 , 89.33 , 3.32
23.503 , 92.68 , 89.33 , 3.349998
23.504 , 92.65 , 89.32 , 3.330002
23.506 , 92.65 , 89.32 , 3.330002
23.507 , 92.61 , 89.31 , 3.300003
23.509 , 92.61 , 89.31 , 3.300003
23.51 , 92.58 , 89.31 , 3.270004
23.512 , 92.58 , 89.3 , 3.279999
23.513 , 92.61 , 89.3 , 3.309998
23.515 , 92.58 , 89.29 , 3.290001
23.516 , 92.58 , 89.29 , 3.290001
23.518 , 92.56 , 89.28 , 3.279999
23.52 , 92.49 , 89.28 , 3.209999
23.521 , 92.52 , 89.27 , 3.25
23.523 , 92.49 , 89.27 , 3.220001
23.524 , 92.49 , 89.26 , 3.229996
23.526 , 92.49 , 89.26 , 3.229996
23.528 , 92.45 , 89.25 , 3.199997
23.529 , 92.45 , 89.25 , 3.199997
23.531 , 92.45 , 89.24 , 3.209999
23.533 , 92.42 , 89.24 , 3.18
23.534 , 92.45 , 89.23 , 3.219994
23.536 , 92.42 , 89.23 , 3.189995
23.537 , 92.42 , 89.22 , 3.199997
23.539 , 92.38 , 89.22 , 3.159996
23.541 , 92.38 , 89.21 , 3.169998
23.542 , 92.42 , 89.21 , 3.209999
23.544 , 92.36 , 89.2 , 3.160004
23.545 , 92.36 , 89.2 , 3.160004
23.547 , 92.33 , 89.19 , 3.139999
23.548 , 92.29 , 89.19 , 3.099998
23.55 , 92.33 , 89.19 , 3.139999
23.552 , 92.29 , 89.18 , 3.110001
23.553 , 92.33 , 89.18 , 3.150002
23.555 , 92.29 , 89.17 , 3.120003
23.556 , 92.29 , 89.17 , 3.120003
23.558 , 92.29 , 89.16 , 3.129997
23.559 , 92.26 , 89.16 , 3.099998
23.561 , 92.26 , 89.15 , 3.110001
23.562 , 92.26 , 89.15 , 3.110001
23.564 , 92.22 , 89.14 , 3.080002
23.565 , 92.22 , 89.14 , 3.080002
23.567 , 92.22 , 89.13 , 3.090004
23.569 , 92.22 , 89.13 , 3.090004
23.57 , 92.22 , 89.13 , 3.090004
23.572 , 92.2 , 89.12 , 3.079994
23.573 , 92.2 , 89.12 , 3.079994
23.575 , 92.22 , 89.11 , 3.110001
23.576 , 92.2 , 89.11 , 3.089996
23.578 , 92.17 , 89.1 , 3.07
23.58 , 92.13 , 89.1 , 3.029999
23.581 , 92.17 , 89.09 , 3.080002
23.583 , 92.13 , 89.09 , 3.040001
23.585 , 92.13 , 89.08 , 3.049995
23.586 , 92.13 , 89.08 , 3.049995
23.588 , 92.13 , 89.07 , 3.059998
23.589 , 92.13 , 89.07 , 3.059998
23.591 , 92.13 , 89.06 , 3.07
23.593 , 92.1 , 89.06 , 3.040001
23.594 , 92.06 , 89.05 , 3.009995
23.596 , 92.1 , 89.05 , 3.049995
23.598 , 92.06 , 89.04 , 3.019997
23.599 , 92.06 , 89.04 , 3.019997
23.601 , 92.06 , 89.03 , 3.029999
23.602 , 92.1 , 89.03 , 3.07
23.604 , 92.03 , 89.02 , 3.010002
23.606 , 92.03 , 89.02 , 3.010002
23.607 , 92.03 , 89.02 , 3.010002
23.609 , 91.99 , 89.01 , 2.979996
23.61 , 91.99 , 89.01 , 2.979996
23.612 , 91.99 , 89.0 , 2.989998
23.614 , 91.97 , 88.99 , 2.980003
23.615 , 91.97 , 88.99 , 2.980003
23.617 , 91.97 , 88.99 , 2.980003
23.618 , 91.97 , 88.98 , 2.989998
23.62 , 91.97 , 88.98 , 2.989998
23.622 , 91.94 , 88.97 , 2.970001
23.623 , 91.97 , 88.97 , 3.0
23.625 , 91.94 , 88.96 , 2.980003
23.626 , 91.87 , 88.96 , 2.910004
23.628 , 91.9 , 88.95 , 2.950005
23.629 , 91.87 , 88.95 , 2.920006
23.631 , 91.87 , 88.94 , 2.93
23.633 , 91.87 , 88.94 , 2.93
23.634 , 91.87 , 88.93 , 2.940002
23.636 , 91.87 , 88.93 , 2.940002
23.637 , 91.87 , 88.93 , 2.940002
23.639 , 91.87 , 88.92 , 2.950005
23.64 , 91.83 , 88.92 , 2.910004
23.642 , 91.81 , 88.91 , 2.899994
23.644 , 91.81 , 88.9 , 2.909996
23.645 , 91.78 , 88.9 , 2.879997
23.647 , 91.78 , 88.9 , 2.879997
23.649 , 91.74 , 88.89 , 2.849998
23.65 , 91.74 , 88.89 , 2.849998
23.652 , 91.81 , 88.88 , 2.93
23.654 , 91.78 , 88.87 , 2.909996
23.655 , 91.74 , 88.87 , 2.869995
23.657 , 91.78 , 88.87 , 2.909996
23.658 , 91.74 , 88.86 , 2.879997
23.66 , 91.71 , 88.86 , 2.849998
23.662 , 91.74 , 88.85 , 2.889999
23.663 , 91.71 , 88.85 , 2.860001
23.665 , 91.71 , 88.84 , 2.870003
23.666 , 91.67 , 88.84 , 2.830002
23.668 , 91.71 , 88.83 , 2.879997
23.67 , 91.67 , 88.83 , 2.839996
23.671 , 91.65 , 88.82 , 2.830002
23.673 , 91.65 , 88.82 , 2.830002
23.675 , 91.65 , 88.81 , 2.840004
23.676 , 91.62 , 88.81 , 2.810005
23.678 , 91.62 , 88.8 , 2.82
23.679 , 91.58 , 88.8 , 2.779999
23.681 , 91.58 , 88.79 , 2.790001
23.682 , 91.58 , 88.79 , 2.790001
23.684 , 91.58 , 88.78 , 2.800003
23.685 , 91.55 , 88.78 , 2.770004
23.687 , 91.51 , 88.78 , 2.730003
23.689 , 91.51 , 88.77 , 2.740005
23.69 , 91.51 , 88.77 , 2.740005
23.692 , 91.51 , 88.76 , 2.75
23.693 , 91.51 , 88.76 , 2.75
23.695 , 91.49 , 88.75 , 2.739998
23.697 , 91.49 , 88.75 , 2.739998
23.698 , 91.49 , 88.74 , 2.75
23.7 , 91.44 , 88.74 , 2.700005
23.701 , 91.42 , 88.73 , 2.689995
23.703 , 91.42 , 88.73 , 2.689995
23.705 , 91.42 , 88.72 , 2.699997
23.706 , 91.35 , 88.72 , 2.629997
23.708 , 91.35 , 88.71 , 2.639999
23.709 , 91.33 , 88.71 , 2.620003
23.711 , 91.35 , 88.7 , 2.650002
23.713 , 91.35 , 88.7 , 2.650002
23.714 , 91.33 , 88.7 , 2.630005
23.716 , 91.33 , 88.69 , 2.639999
23.717 , 91.26 , 88.69 , 2.57
23.719 , 91.28 , 88.68 , 2.599998
23.721 , 91.28 , 88.67 , 2.610001
23.722 , 91.23 , 88.67 , 2.560005
23.724 , 91.23 , 88.67 , 2.560005
23.725 , 91.23 , 88.66 , 2.57
23.727 , 91.26 , 88.66 , 2.599998
23.729 , 91.23 , 88.65 , 2.580002
23.73 , 91.19 , 88.65 , 2.540001
23.732 , 91.17 , 88.64 , 2.529999
23.733 , 91.19 , 88.64 , 2.550003
23.735 , 91.17 , 88.63 , 2.540001
23.736 , 91.17 , 88.63 , 2.540001
23.738 , 91.12 , 88.62 , 2.5
23.74 , 91.17 , 88.62 , 2.549995
23.741 , 91.12 , 88.61 , 2.510002
23.743 , 91.12 , 88.61 , 2.510002
23.744 , 91.1 , 88.61 , 2.489998
23.746 , 91.1 , 88.6 , 2.5
23.747 , 91.07 , 88.6 , 2.470001
23.749 , 91.1 , 88.59 , 2.510002
23.751 , 91.07 , 88.58 , 2.489998
23.752 , 91.07 , 88.58 , 2.489998
23.754 , 91.03 , 88.58 , 2.449997
23.756 , 91.0 , 88.57 , 2.43
23.757 , 91.03 , 88.57 , 2.459999
23.759 , 91.0 , 88.56 , 2.440002
23.76 , 90.96 , 88.56 , 2.400002
23.762 , 90.96 , 88.55 , 2.409996
23.764 , 90.96 , 88.55 , 2.409996
23.765 , 90.94 , 88.54 , 2.400002
23.767 , 90.94 , 88.54 , 2.400002
23.768 , 90.94 , 88.53 , 2.410004
23.77 , 90.89 , 88.53 , 2.360001
23.771 , 90.89 , 88.52 , 2.370003
23.773 , 90.89 , 88.52 , 2.370003
23.775 , 90.89 , 88.51 , 2.379997
23.776 , 90.87 , 88.51 , 2.360001
23.778 , 90.84 , 88.5 , 2.339996
23.779 , 90.87 , 88.5 , 2.370003
23.781 , 90.84 , 88.49 , 2.349998
23.783 , 90.84 , 88.49 , 2.349998
23.784 , 90.8 , 88.49 , 2.310005
23.786 , 90.8 , 88.48 , 2.32
23.787 , 90.84 , 88.48 , 2.359993
23.789 , 90.78 , 88.47 , 2.309998
23.791 , 90.73 , 88.46 , 2.270004
23.792 , 90.78 , 88.46 , 2.32
23.794 , 90.78 , 88.46 , 2.32
23.796 , 90.73 , 88.45 , 2.280006
23.797 , 90.73 , 88.45 , 2.280006
23.799 , 90.73 , 88.44 , 2.290001
23.8 , 90.73 , 88.44 , 2.290001
23.802 , 90.71 , 88.43 , 2.279999
23.804 , 90.71 , 88.43 , 2.279999
23.805 , 90.68 , 88.42 , 2.260002
23.807 , 90.68 , 88.42 , 2.260002
23.808 , 90.68 , 88.41 , 2.269997
23.81 , 90.64 , 88.41 , 2.229996
23.811 , 90.68 , 88.41 , 2.269997
23.813 , 90.64 , 88.4 , 2.239998
23.815 , 90.64 , 88.39 , 2.25
23.816 , 90.64 , 88.39 , 2.25
23.818 , 90.62 , 88.38 , 2.240005
23.819 , 90.62 , 88.38 , 2.240005
23.821 , 90.57 , 88.38 , 2.190002
23.823 , 90.62 , 88.37 , 2.25
23.824 , 90.57 , 88.37 , 2.199997
23.826 , 90.57 , 88.36 , 2.209999
23.827 , 90.55 , 88.36 , 2.190002
23.829 , 90.5 , 88.35 , 2.150002
23.83 , 90.55 , 88.35 , 2.200005
23.832 , 90.5 , 88.34 , 2.160004
23.833 , 90.5 , 88.34 , 2.160004
23.835 , 90.5 , 88.33 , 2.169998
23.837 , 90.5 , 88.33 , 2.169998
23.838 , 90.48 , 88.32 , 2.160004
23.84 , 90.48 , 88.32 , 2.160004
23.841 , 90.5 , 88.32 , 2.18
23.843 , 90.48 , 88.31 , 2.170006
23.844 , 90.46 , 88.31 , 2.150002
23.846 , 90.46 , 88.3 , 2.159996
23.848 , 90.46 , 88.29 , 2.169998
23.849 , 90.41 , 88.29 , 2.120003
23.851 , 90.41 , 88.29 , 2.120003
23.852 , 90.41 , 88.28 , 2.130005
23.854 , 90.41 , 88.28 , 2.130005
23.855 , 90.41 , 88.27 , 2.140007
23.857 , 90.41 , 88.27 , 2.140007
23.859 , 90.41 , 88.26 , 2.150002
23.86 , 90.34 , 88.26 , 2.079994
23.862 , 90.39 , 88.25 , 2.139999
23.863 , 90.39 , 88.25 , 2.139999
23.865 , 90.34 , 88.24 , 2.099998
23.867 , 90.32 , 88.24 , 2.080002
23.868 , 90.32 , 88.23 , 2.089996
23.87 , 90.3 , 88.23 , 2.07
23.871 , 90.3 , 88.23 , 2.07
23.873 , 90.3 , 88.22 , 2.080002
23.874 , 90.25 , 88.22 , 2.029999
23.876 , 90.3 , 88.21 , 2.090004
23.877 , 90.32 , 88.21 , 2.110001
23.879 , 90.3 , 88.2 , 2.100006
23.881 , 90.3 , 88.2 , 2.100006
23.882 , 90.25 , 88.19 , 2.059998
23.884 , 90.25 , 88.19 , 2.059998
23.885 , 90.25 , 88.18 , 2.07
23.887 , 90.23 , 88.18 , 2.050003
23.888 , 90.23 , 88.17 , 2.060005
23.89 , 90.18 , 88.17 , 2.010002
23.892 , 90.16 , 88.16 , 2.0
23.893 , 90.23 , 88.16 , 2.07
23.895 , 90.23 , 88.15 , 2.080002
23.896 , 90.18 , 88.15 , 2.029999
23.898 , 90.18 , 88.14 , 2.040001
23.899 , 90.18 , 88.14 , 2.040001
23.901 , 90.16 , 88.14 , 2.020004
23.902 , 90.23 , 88.13 , 2.100006
23.904 , 90.16 , 88.13 , 2.030006
23.905 , 90.14 , 88.12 , 2.019997
23.907 , 90.14 , 88.12 , 2.019997
23.909 , 90.16 , 88.11 , 2.050003
23.91 , 90.14 , 88.11 , 2.029999
23.912 , 90.14 , 88.1 , 2.040001
23.913 , 90.09 , 88.1 , 1.989998
23.915 , 90.14 , 88.09 , 2.050003
23.917 , 90.14 , 88.09 , 2.050003
23.918 , 90.09 , 88.09 , 2.0
23.92 , 90.07 , 88.08 , 1.989998
23.921 , 90.09 , 88.08 , 2.009995
23.923 , 90.09 , 88.07 , 2.019997
23.925 , 90.07 , 88.06 , 2.010002
23.926 , 90.02 , 88.06 , 1.959999
23.928 , 90.0 , 88.06 , 1.940002
23.929 , 90.02 , 88.05 , 1.969994
23.931 , 90.0 , 88.05 , 1.949997
23.933 , 90.02 , 88.04 , 1.979996
23.934 , 90.0 , 88.04 , 1.959999
23.936 , 90.02 , 88.03 , 1.989998
23.937 , 90.0 , 88.03 , 1.970001
23.939 , 90.0 , 88.02 , 1.980003
23.941 , 90.0 , 88.02 , 1.980003
23.942 , 90.0 , 88.01 , 1.989998
23.944 , 89.95 , 88.01 , 1.939995
23.945 , 89.91 , 88.0 , 1.910004
23.947 , 89.93 , 88.0 , 1.93
23.948 , 89.95 , 88.0 , 1.949997
23.95 , 89.95 , 87.99 , 1.959999
23.952 , 89.91 , 87.98 , 1.93
23.953 , 89.91 , 87.98 , 1.93
23.955 , 89.91 , 87.97 , 1.940002
23.956 , 89.86 , 87.97 , 1.889999
23.958 , 89.91 , 87.97 , 1.940002
23.96 , 89.84 , 87.96 , 1.879997
23.961 , 89.86 , 87.96 , 1.900002
23.963 , 89.86 , 87.95 , 1.910004
23.964 , 89.86 , 87.95 , 1.910004
23.966 , 89.84 , 87.94 , 1.899994
23.968 , 89.84 , 87.94 , 1.899994
23.969 , 89.84 , 87.93 , 1.909996
23.971 , 89.84 , 87.93 , 1.909996
23.973 , 89.84 , 87.92 , 1.919998
23.974 , 89.79 , 87.92 , 1.870003
23.976 , 89.79 , 87.91 , 1.879997
23.977 , 89.77 , 87.91 , 1.859993
23.979 , 89.79 , 87.9 , 1.889999
23.981 , 89.77 , 87.9 , 1.869995
23.982 , 89.77 , 87.89 , 1.879997
23.984 , 89.77 , 87.89 , 1.879997
23.986 , 89.75 , 87.88 , 1.870003
23.987 , 89.7 , 87.88 , 1.82
23.989 , 89.77 , 87.87 , 1.899994
23.991 , 89.75 , 87.87 , 1.879997
23.992 , 89.75 , 87.86 , 1.889999
23.994 , 89.75 , 87.86 , 1.889999
23.995 , 89.7 , 87.85 , 1.849998
23.997 , 89.7 , 87.85 , 1.849998
23.999 , 89.7 , 87.84 , 1.860001
24.0 , 89.7 , 87.84 , 1.860001
24.002 , 89.75 , 87.83 , 1.919998
24.004 , 89.7 , 87.83 , 1.869995
24.005 , 89.7 , 87.83 , 1.869995
24.007 , 89.7 , 87.82 , 1.879997
24.009 , 89.7 , 87.81 , 1.889999
24.01 , 89.63 , 87.81 , 1.82
24.012 , 89.68 , 87.8 , 1.879997
24.013 , 89.7 , 87.8 , 1.899994
24.015 , 89.68 , 87.8 , 1.879997
24.017 , 89.68 , 87.79 , 1.889999
24.018 , 89.68 , 87.79 , 1.889999
24.02 , 89.68 , 87.78 , 1.900002
24.021 , 89.68 , 87.78 , 1.900002
24.023 , 89.7 , 87.77 , 1.93
24.025 , 89.7 , 87.77 , 1.93
24.026 , 89.7 , 87.76 , 1.939995
24.028 , 89.7 , 87.76 , 1.939995
24.029 , 89.68 , 87.75 , 1.93
24.031 , 89.7 , 87.75 , 1.949997
24.033 , 89.75 , 87.74 , 2.010002
24.034 , 89.77 , 87.74 , 2.029999
24.036 , 89.77 , 87.73 , 2.039993
24.037 , 89.79 , 87.73 , 2.059998
24.039 , 89.84 , 87.72 , 2.119995
24.041 , 89.79 , 87.72 , 2.07
24.042 , 89.86 , 87.71 , 2.150002
24.044 , 89.86 , 87.71 , 2.150002
24.045 , 89.91 , 87.71 , 2.200005
24.047 , 89.93 , 87.7 , 2.230003
24.048 , 89.95 , 87.7 , 2.25
24.05 , 90.02 , 87.69 , 2.329994
24.052 , 90.07 , 87.68 , 2.389999
24.053 , 90.14 , 87.68 , 2.459999
24.055 , 90.14 , 87.68 , 2.459999
24.056 , 90.16 , 87.67 , 2.490005
24.058 , 90.23 , 87.67 , 2.560005
24.06 , 90.32 , 87.66 , 2.659996
24.061 , 90.32 , 87.66 , 2.659996
24.063 , 90.39 , 87.65 , 2.739998
24.064 , 90.41 , 87.65 , 2.760002
24.066 , 90.48 , 87.64 , 2.840004
24.068 , 90.55 , 87.64 , 2.910004
24.069 , 90.55 , 87.63 , 2.920006
24.071 , 90.64 , 87.63 , 3.010002
24.072 , 90.71 , 87.62 , 3.089996
24.074 , 90.78 , 87.62 , 3.159996
24.075 , 90.8 , 87.62 , 3.18
24.077 , 90.84 , 87.61 , 3.229996
24.079 , 90.96 , 87.6 , 3.360001
24.08 , 91.0 , 87.6 , 3.400002
24.082 , 91.07 , 87.59 , 3.480003
24.083 , 91.12 , 87.59 , 3.530006
24.085 , 91.17 , 87.59 , 3.580002
24.087 , 91.23 , 87.58 , 3.650002
24.088 , 91.26 , 87.58 , 3.68
24.09 , 91.33 , 87.57 , 3.760002
24.091 , 91.35 , 87.57 , 3.779999
24.093 , 91.35 , 87.56 , 3.790001
24.095 , 91.42 , 87.56 , 3.860001
24.096 , 91.44 , 87.55 , 3.889999
24.098 , 91.49 , 87.55 , 3.939995
24.099 , 91.55 , 87.54 , 4.010002
24.101 , 91.51 , 87.54 , 3.970001
24.102 , 91.58 , 87.54 , 4.040001
24.104 , 91.58 , 87.53 , 4.050003
24.106 , 91.62 , 87.52 , 4.100006
24.107 , 91.65 , 87.52 , 4.130005
24.109 , 91.71 , 87.51 , 4.199997
24.11 , 91.67 , 87.51 , 4.159996
24.112 , 91.74 , 87.51 , 4.229996
24.113 , 91.78 , 87.5 , 4.279999
24.115 , 91.78 , 87.5 , 4.279999
24.117 , 91.83 , 87.49 , 4.340004
24.118 , 91.83 , 87.49 , 4.340004
24.12 , 91.87 , 87.48 , 4.389999
24.121 , 91.9 , 87.48 , 4.419998
24.123 , 91.9 , 87.47 , 4.43
24.124 , 91.9 , 87.47 , 4.43
24.126 , 91.94 , 87.46 , 4.480003
24.127 , 91.97 , 87.46 , 4.510002
24.129 , 91.94 , 87.45 , 4.490005
24.131 , 91.94 , 87.45 , 4.490005
24.132 , 91.97 , 87.45 , 4.520004
24.134 , 91.94 , 87.44 , 4.5
24.135 , 91.94 , 87.44 , 4.5
24.137 , 91.99 , 87.43 , 4.559998
24.138 , 91.94 , 87.43 , 4.510002
24.14 , 91.94 , 87.42 , 4.520004
24.141 , 91.94 , 87.42 , 4.520004
24.143 , 91.94 , 87.41 , 4.529999
24.145 , 91.9 , 87.41 , 4.489998
24.146 , 91.9 , 87.4 , 4.5
24.148 , 91.9 , 87.4 , 4.5
24.149 , 91.9 , 87.39 , 4.510002
24.151 , 91.87 , 87.39 , 4.480003
24.152 , 91.87 , 87.39 , 4.480003
24.162 , 91.81 , 87.36 , 4.449997
24.164 , 91.83 , 87.35 , 4.480003
24.165 , 91.83 , 87.35 , 4.480003
24.167 , 91.78 , 87.34 , 4.440002
24.168 , 91.81 , 87.34 , 4.470001
24.17 , 91.78 , 87.33 , 4.449997
24.172 , 91.81 , 87.33 , 4.479996
24.173 , 91.78 , 87.32 , 4.459999
24.175 , 91.74 , 87.32 , 4.419998
24.177 , 91.78 , 87.31 , 4.470001
24.178 , 91.74 , 87.31 , 4.43
24.18 , 91.74 , 87.3 , 4.439995
24.181 , 91.71 , 87.3 , 4.409996
24.183 , 91.74 , 87.29 , 4.449997
24.185 , 91.67 , 87.29 , 4.379997
24.186 , 91.67 , 87.28 , 4.389999
24.188 , 91.67 , 87.28 , 4.389999
24.19 , 91.65 , 87.27 , 4.380005
24.191 , 91.65 , 87.27 , 4.380005
24.193 , 91.62 , 87.26 , 4.360001
24.194 , 91.65 , 87.26 , 4.389999
24.196 , 91.58 , 87.25 , 4.330002
24.197 , 91.58 , 87.25 , 4.330002
24.199 , 91.62 , 87.24 , 4.380005
24.2 , 91.62 , 87.24 , 4.380005
24.202 , 91.55 , 87.24 , 4.310005
24.204 , 91.55 , 87.23 , 4.32
24.205 , 91.55 , 87.23 , 4.32
24.207 , 91.49 , 87.22 , 4.269997
24.208 , 91.51 , 87.22 , 4.290001
24.21 , 91.49 , 87.21 , 4.279999
24.211 , 91.44 , 87.21 , 4.230003
24.213 , 91.49 , 87.2 , 4.290001
24.215 , 91.39 , 87.2 , 4.190002
24.216 , 91.39 , 87.19 , 4.199997
24.218 , 91.35 , 87.19 , 4.159996
24.219 , 91.39 , 87.19 , 4.199997
24.221 , 91.35 , 87.18 , 4.169998
24.223 , 91.35 , 87.17 , 4.18
24.224 , 91.35 , 87.17 , 4.18
24.226 , 91.33 , 87.16 , 4.169998
24.227 , 91.33 , 87.16 , 4.169998
24.229 , 91.26 , 87.16 , 4.099998
24.23 , 91.28 , 87.15 , 4.129997
24.232 , 91.23 , 87.15 , 4.080002
24.234 , 91.23 , 87.14 , 4.090004
24.235 , 91.19 , 87.14 , 4.050003
24.237 , 91.12 , 87.13 , 3.990005
24.238 , 91.17 , 87.13 , 4.040001
24.24 , 91.17 , 87.12 , 4.049995
24.241 , 91.19 , 87.12 , 4.07
24.243 , 91.12 , 87.11 , 4.010002
24.244 , 91.1 , 87.11 , 3.989998
24.246 , 91.1 , 87.1 , 4.0
24.248 , 91.1 , 87.1 , 4.0
24.249 , 91.07 , 87.1 , 3.970001
24.251 , 91.0 , 87.09 , 3.910004
24.252 , 91.03 , 87.09 , 3.940002
24.254 , 90.96 , 87.08 , 3.879997
24.256 , 90.96 , 87.07 , 3.889999
24.257 , 90.96 , 87.07 , 3.889999
24.259 , 90.87 , 87.07 , 3.800003
24.261 , 90.87 , 87.06 , 3.810005
24.262 , 90.84 , 87.06 , 3.779999
24.264 , 90.84 , 87.05 , 3.789993
24.265 , 90.8 , 87.05 , 3.75
24.267 , 90.78 , 87.04 , 3.739998
24.269 , 90.78 , 87.04 , 3.739998
24.27 , 90.73 , 87.03 , 3.700005
24.272 , 90.71 , 87.03 , 3.68
24.273 , 90.64 , 87.02 , 3.620003
24.275 , 90.68 , 87.02 , 3.660004
24.277 , 90.64 , 87.01 , 3.629997
24.278 , 90.62 , 87.01 , 3.610001
24.28 , 90.57 , 87.0 , 3.57
24.281 , 90.57 , 87.0 , 3.57
24.283 , 90.57 , 86.99 , 3.580002
24.285 , 90.55 , 86.99 , 3.560005
24.286 , 90.55 , 86.98 , 3.57
24.288 , 90.48 , 86.98 , 3.5
24.289 , 90.48 , 86.98 , 3.5
24.291 , 90.48 , 86.97 , 3.510002
24.292 , 90.46 , 86.97 , 3.489998
24.294 , 90.46 , 86.96 , 3.5
24.296 , 90.41 , 86.95 , 3.460007
24.297 , 90.41 , 86.95 , 3.460007
24.299 , 90.39 , 86.95 , 3.440002
24.3 , 90.39 , 86.94 , 3.449997
24.302 , 90.32 , 86.94 , 3.379997
24.304 , 90.32 , 86.93 , 3.389999
24.305 , 90.32 , 86.93 , 3.389999
24.307 , 90.32 , 86.92 , 3.400002
24.308 , 90.3 , 86.92 , 3.380005
24.31 , 90.25 , 86.91 , 3.339996
24.312 , 90.25 , 86.91 , 3.339996
24.313 , 90.23 , 86.9 , 3.330002
24.315 , 90.25 , 86.9 , 3.349998
24.316 , 90.23 , 86.9 , 3.330002
24.318 , 90.18 , 86.89 , 3.290001
24.319 , 90.18 , 86.89 , 3.290001
24.321 , 90.18 , 86.88 , 3.300003
24.322 , 90.16 , 86.88 , 3.280006
24.324 , 90.14 , 86.87 , 3.269997
24.326 , 90.14 , 86.87 , 3.269997
24.327 , 90.14 , 86.86 , 3.279999
24.329 , 90.16 , 86.86 , 3.300003
24.33 , 90.14 , 86.85 , 3.290001
24.332 , 90.09 , 86.85 , 3.239998
24.334 , 90.09 , 86.84 , 3.25
24.335 , 90.07 , 86.84 , 3.230003
24.337 , 90.07 , 86.83 , 3.239998
24.338 , 90.07 , 86.83 , 3.239998
24.34 , 90.02 , 86.82 , 3.199997
24.342 , 90.02 , 86.82 , 3.199997
24.343 , 90.0 , 86.81 , 3.190002
24.345 , 90.02 , 86.81 , 3.209999
24.346 , 89.95 , 86.81 , 3.139999
24.348 , 90.0 , 86.8 , 3.199997
24.35 , 90.0 , 86.79 , 3.209999
24.351 , 89.95 , 86.79 , 3.159996
24.353 , 89.93 , 86.78 , 3.150002
24.354 , 89.93 , 86.78 , 3.150002
24.356 , 89.93 , 86.78 , 3.150002
24.358 , 89.93 , 86.77 , 3.160004
24.359 , 89.93 , 86.77 , 3.160004
24.361 , 89.93 , 86.76 , 3.169998
24.362 , 89.93 , 86.76 , 3.169998
24.364 , 89.93 , 86.75 , 3.18
24.365 , 89.91 , 86.75 , 3.160004
24.367 , 89.86 , 86.74 , 3.120003
24.369 , 89.91 , 86.74 , 3.170006
24.37 , 89.86 , 86.73 , 3.129997
24.372 , 89.86 , 86.73 , 3.129997
24.373 , 89.86 , 86.72 , 3.139999
24.375 , 89.84 , 86.72 , 3.119995
24.377 , 89.84 , 86.71 , 3.129997
24.378 , 89.84 , 86.71 , 3.129997
24.38 , 89.84 , 86.7 , 3.139999
24.382 , 89.86 , 86.7 , 3.160004
24.383 , 89.84 , 86.69 , 3.149994
24.385 , 89.84 , 86.69 , 3.149994
24.386 , 89.79 , 86.69 , 3.099998
24.388 , 89.84 , 86.68 , 3.159996
24.39 , 89.79 , 86.67 , 3.120003
24.391 , 89.79 , 86.67 , 3.120003
24.393 , 89.77 , 86.66 , 3.109993
24.394 , 89.79 , 86.66 , 3.129997
24.396 , 89.79 , 86.66 , 3.129997
24.398 , 89.77 , 86.65 , 3.119995
24.399 , 89.75 , 86.65 , 3.099998
24.401 , 89.75 , 86.64 , 3.110001
24.402 , 89.75 , 86.64 , 3.110001
24.404 , 89.75 , 86.63 , 3.120003
24.406 , 89.75 , 86.63 , 3.120003
24.407 , 89.75 , 86.62 , 3.129997
24.409 , 89.75 , 86.62 , 3.129997
24.41 , 89.7 , 86.61 , 3.089996
24.412 , 89.75 , 86.61 , 3.139999
24.413 , 89.7 , 86.61 , 3.089996
24.415 , 89.7 , 86.6 , 3.099998
24.417 , 89.7 , 86.59 , 3.110001
24.418 , 89.7 , 86.59 , 3.110001
24.42 , 89.7 , 86.58 , 3.119995
24.422 , 89.68 , 86.58 , 3.099998
24.423 , 89.68 , 86.58 , 3.099998
24.425 , 89.68 , 86.57 , 3.110001
24.426 , 89.68 , 86.57 , 3.110001
24.428 , 89.61 , 86.56 , 3.050003
24.429 , 89.61 , 86.56 , 3.050003
24.431 , 89.63 , 86.55 , 3.079994
24.433 , 89.61 , 86.55 , 3.059998
24.434 , 89.61 , 86.54 , 3.07
24.436 , 89.63 , 86.54 , 3.089996
24.437 , 89.61 , 86.53 , 3.080002
24.439 , 89.61 , 86.53 , 3.080002
24.44 , 89.61 , 86.52 , 3.090004
24.442 , 89.56 , 86.52 , 3.040001
24.444 , 89.56 , 86.51 , 3.049995
24.445 , 89.61 , 86.51 , 3.099998
24.447 , 89.54 , 86.5 , 3.040001
24.448 , 89.56 , 86.5 , 3.059998
24.45 , 89.56 , 86.49 , 3.07
24.452 , 89.54 , 86.49 , 3.050003
24.453 , 89.54 , 86.49 , 3.050003
24.455 , 89.52 , 86.48 , 3.039993
24.456 , 89.54 , 86.48 , 3.059998
24.458 , 89.47 , 86.47 , 3.0
24.459 , 89.52 , 86.47 , 3.049995
24.461 , 89.47 , 86.46 , 3.010002
24.463 , 89.47 , 86.46 , 3.010002
24.464 , 89.47 , 86.45 , 3.020004
24.466 , 89.47 , 86.45 , 3.020004
24.467 , 89.45 , 86.44 , 3.009995
24.469 , 89.45 , 86.44 , 3.009995
24.47 , 89.45 , 86.43 , 3.019997
24.472 , 89.4 , 86.43 , 2.970001
24.474 , 89.45 , 86.42 , 3.029999
24.475 , 89.4 , 86.42 , 2.980003
24.477 , 89.4 , 86.41 , 2.989998
24.478 , 89.4 , 86.41 , 2.989998
24.48 , 89.45 , 86.4 , 3.049995
24.482 , 89.45 , 86.4 , 3.049995
24.483 , 89.4 , 86.4 , 3.0
24.485 , 89.38 , 86.39 , 2.989998
24.486 , 89.36 , 86.39 , 2.970001
24.488 , 89.36 , 86.38 , 2.980003
24.489 , 89.36 , 86.38 , 2.980003
24.491 , 89.31 , 86.37 , 2.939995
24.493 , 89.31 , 86.37 , 2.939995
24.494 , 89.31 , 86.36 , 2.949997
24.496 , 89.31 , 86.36 , 2.949997
24.498 , 89.29 , 86.35 , 2.940002
24.499 , 89.31 , 86.35 , 2.959999
24.501 , 89.31 , 86.34 , 2.970001
24.502 , 89.24 , 86.34 , 2.900002
24.504 , 89.24 , 86.33 , 2.909996
24.506 , 89.24 , 86.33 , 2.909996
24.507 , 89.22 , 86.32 , 2.900002
24.509 , 89.22 , 86.32 , 2.900002
24.51 , 89.24 , 86.32 , 2.919998
24.512 , 89.22 , 86.31 , 2.910004
24.513 , 89.2 , 86.31 , 2.889999
24.515 , 89.22 , 86.3 , 2.919998
24.517 , 89.2 , 86.29 , 2.909996
24.518 , 89.2 , 86.29 , 2.909996
24.52 , 89.2 , 86.29 , 2.909996
24.521 , 89.15 , 86.28 , 2.870003
24.523 , 89.15 , 86.28 , 2.870003
24.525 , 89.13 , 86.27 , 2.860001
24.526 , 89.15 , 86.27 , 2.880005
24.528 , 89.08 , 86.26 , 2.82
24.529 , 89.08 , 86.26 , 2.82
24.531 , 89.08 , 86.25 , 2.830002
24.533 , 89.13 , 86.25 , 2.879997
24.534 , 89.08 , 86.24 , 2.840004
24.536 , 89.06 , 86.24 , 2.82
24.537 , 89.08 , 86.23 , 2.849998
24.539 , 89.06 , 86.23 , 2.829994
24.541 , 89.06 , 86.22 , 2.839996
24.542 , 89.06 , 86.22 , 2.839996
24.544 , 89.01 , 86.21 , 2.800003
24.545 , 89.01 , 86.21 , 2.800003
24.547 , 89.01 , 86.2 , 2.810005
24.548 , 89.01 , 86.2 , 2.810005
24.55 , 88.99 , 86.2 , 2.790001
24.552 , 88.97 , 86.19 , 2.779999
24.553 , 88.99 , 86.19 , 2.799995
24.555 , 88.92 , 86.18 , 2.739998
24.556 , 88.97 , 86.18 , 2.790001
24.558 , 88.92 , 86.17 , 2.75
24.56 , 88.92 , 86.17 , 2.75
24.561 , 88.9 , 86.16 , 2.739998
24.563 , 88.92 , 86.16 , 2.759995
24.564 , 88.9 , 86.15 , 2.75
24.566 , 88.9 , 86.15 , 2.75
24.568 , 88.85 , 86.14 , 2.709999
24.569 , 88.9 , 86.14 , 2.760002
24.571 , 88.85 , 86.13 , 2.720001
24.572 , 88.81 , 86.13 , 2.68
24.574 , 88.83 , 86.12 , 2.709999
24.575 , 88.83 , 86.12 , 2.709999
24.577 , 88.83 , 86.11 , 2.720001
24.579 , 88.81 , 86.11 , 2.699997
24.58 , 88.81 , 86.11 , 2.699997
24.582 , 88.81 , 86.1 , 2.709999
24.584 , 88.76 , 86.09 , 2.670006
24.585 , 88.76 , 86.09 , 2.670006
24.587 , 88.81 , 86.08 , 2.729996
24.588 , 88.74 , 86.08 , 2.659996
24.59 , 88.74 , 86.08 , 2.659996
24.592 , 88.74 , 86.07 , 2.669998
24.593 , 88.69 , 86.07 , 2.620003
24.595 , 88.69 , 86.06 , 2.630005
24.596 , 88.69 , 86.06 , 2.630005
24.598 , 88.67 , 86.05 , 2.619995
24.6 , 88.69 , 86.05 , 2.639999
24.601 , 88.67 , 86.04 , 2.629997
24.603 , 88.65 , 86.04 , 2.610001
24.604 , 88.65 , 86.03 , 2.620003
24.606 , 88.65 , 86.03 , 2.620003
24.607 , 88.65 , 86.03 , 2.620003
24.609 , 88.6 , 86.02 , 2.580002
24.611 , 88.65 , 86.01 , 2.639999
24.612 , 88.6 , 86.01 , 2.589996
24.614 , 88.6 , 86.0 , 2.599998
24.615 , 88.58 , 86.0 , 2.580002
24.617 , 88.53 , 86.0 , 2.529999
24.619 , 88.53 , 85.99 , 2.540001
24.62 , 88.53 , 85.99 , 2.540001
24.622 , 88.58 , 85.98 , 2.599998
24.623 , 88.58 , 85.98 , 2.599998
24.625 , 88.51 , 85.97 , 2.540001
24.627 , 88.51 , 85.97 , 2.540001
24.628 , 88.46 , 85.96 , 2.5
24.63 , 88.46 , 85.96 , 2.5
24.631 , 88.44 , 85.95 , 2.490005
24.633 , 88.46 , 85.95 , 2.510002
24.635 , 88.44 , 85.94 , 2.5
24.636 , 88.44 , 85.94 , 2.5
24.638 , 88.44 , 85.93 , 2.510002
24.639 , 88.44 , 85.93 , 2.510002
24.641 , 88.42 , 85.92 , 2.5
24.642 , 88.44 , 85.92 , 2.520004
24.644 , 88.42 , 85.91 , 2.509995
24.645 , 88.42 , 85.91 , 2.509995
24.647 , 88.37 , 85.91 , 2.459999
24.649 , 88.37 , 85.9 , 2.470001
24.65 , 88.37 , 85.9 , 2.470001
24.652 , 88.35 , 85.89 , 2.459999
24.653 , 88.35 , 85.89 , 2.459999
24.655 , 88.35 , 85.88 , 2.470001
24.657 , 88.3 , 85.88 , 2.420006
24.658 , 88.35 , 85.87 , 2.479996
24.66 , 88.28 , 85.87 , 2.409996
24.662 , 88.28 , 85.86 , 2.419998
24.663 , 88.3 , 85.86 , 2.440002
24.665 , 88.28 , 85.85 , 2.43
24.666 , 88.26 , 85.85 , 2.410004
24.668 , 88.26 , 85.84 , 2.420006
24.669 , 88.26 , 85.84 , 2.420006
24.671 , 88.21 , 85.83 , 2.379997
24.673 , 88.19 , 85.83 , 2.360001
24.674 , 88.21 , 85.82 , 2.389999
24.676 , 88.21 , 85.82 , 2.389999
24.677 , 88.21 , 85.82 , 2.389999
24.679 , 88.19 , 85.81 , 2.380005
24.681 , 88.19 , 85.8 , 2.389999
24.682 , 88.19 , 85.8 , 2.389999
24.684 , 88.12 , 85.79 , 2.330002
24.685 , 88.14 , 85.79 , 2.349998
24.687 , 88.14 , 85.79 , 2.349998
24.689 , 88.14 , 85.78 , 2.360001
24.69 , 88.12 , 85.78 , 2.340004
24.692 , 88.14 , 85.77 , 2.370003
24.693 , 88.14 , 85.77 , 2.370003
24.695 , 88.12 , 85.76 , 2.360001
24.697 , 88.12 , 85.76 , 2.360001
24.698 , 88.08 , 85.75 , 2.330002
24.7 , 88.12 , 85.75 , 2.370003
24.701 , 88.12 , 85.74 , 2.380005
24.703 , 88.08 , 85.74 , 2.340004
24.704 , 88.08 , 85.74 , 2.340004
24.706 , 88.03 , 85.73 , 2.299995
24.708 , 88.05 , 85.72 , 2.330002
24.709 , 88.05 , 85.72 , 2.330002
24.711 , 88.05 , 85.71 , 2.340004
24.712 , 88.03 , 85.71 , 2.32
24.714 , 88.05 , 85.71 , 2.340004
24.715 , 88.05 , 85.7 , 2.350006
24.717 , 88.03 , 85.7 , 2.330002
24.719 , 87.98 , 85.69 , 2.290001
24.72 , 87.98 , 85.69 , 2.290001
24.722 , 87.98 , 85.68 , 2.300003
24.723 , 87.98 , 85.68 , 2.300003
24.725 , 87.98 , 85.67 , 2.310005
24.726 , 87.96 , 85.67 , 2.290001
24.728 , 87.98 , 85.66 , 2.32
24.73 , 87.96 , 85.66 , 2.299995
24.731 , 87.96 , 85.65 , 2.309998
24.733 , 87.96 , 85.65 , 2.309998
24.735 , 87.96 , 85.64 , 2.32
24.736 , 87.96 , 85.64 , 2.32
24.738 , 87.91 , 85.63 , 2.280006
24.739 , 87.91 , 85.63 , 2.280006
24.741 , 87.89 , 85.62 , 2.269997
24.743 , 87.91 , 85.62 , 2.290001
24.744 , 87.87 , 85.62 , 2.25
24.746 , 87.89 , 85.61 , 2.279999
24.747 , 87.89 , 85.61 , 2.279999
24.749 , 87.89 , 85.6 , 2.290001
24.751 , 87.87 , 85.59 , 2.280006
24.752 , 87.89 , 85.59 , 2.300003
24.754 , 87.87 , 85.59 , 2.280006
24.755 , 87.82 , 85.58 , 2.239998
24.757 , 87.82 , 85.58 , 2.239998
24.759 , 87.82 , 85.57 , 2.25
24.76 , 87.82 , 85.57 , 2.25
24.762 , 87.82 , 85.56 , 2.260002
24.763 , 87.73 , 85.56 , 2.170006
24.765 , 87.78 , 85.55 , 2.229996
24.767 , 87.78 , 85.55 , 2.229996
24.768 , 87.71 , 85.54 , 2.169998
24.77 , 87.73 , 85.54 , 2.190002
24.771 , 87.71 , 85.53 , 2.18
24.773 , 87.71 , 85.53 , 2.18
24.775 , 87.71 , 85.52 , 2.190002
24.776 , 87.71 , 85.52 , 2.190002
24.778 , 87.71 , 85.51 , 2.199997
24.78 , 87.71 , 85.51 , 2.199997
24.781 , 87.69 , 85.5 , 2.190002
24.783 , 87.64 , 85.5 , 2.139999
24.784 , 87.64 , 85.5 , 2.139999
24.786 , 87.62 , 85.49 , 2.130005
24.787 , 87.69 , 85.49 , 2.200005
24.789 , 87.62 , 85.48 , 2.139999
24.791 , 87.64 , 85.47 , 2.169998
24.792 , 87.62 , 85.47 , 2.150002
24.794 , 87.62 , 85.47 , 2.150002
24.795 , 87.57 , 85.46 , 2.110001
24.797 , 87.62 , 85.46 , 2.160004
24.798 , 87.57 , 85.45 , 2.120003
24.8 , 87.57 , 85.45 , 2.120003
24.802 , 87.55 , 85.44 , 2.110001
24.803 , 87.55 , 85.44 , 2.110001
24.805 , 87.5 , 85.43 , 2.07
24.806 , 87.55 , 85.43 , 2.120003
24.808 , 87.55 , 85.42 , 2.130005
24.809 , 87.48 , 85.42 , 2.060005
24.811 , 87.5 , 85.42 , 2.080002
24.812 , 87.48 , 85.41 , 2.07
24.814 , 87.48 , 85.41 , 2.07
24.816 , 87.5 , 85.4 , 2.099998
24.817 , 87.48 , 85.4 , 2.080002
24.819 , 87.46 , 85.39 , 2.07
24.82 , 87.48 , 85.39 , 2.090004
24.822 , 87.48 , 85.38 , 2.100006
24.824 , 87.46 , 85.38 , 2.080002
24.825 , 87.46 , 85.37 , 2.089996
24.827 , 87.41 , 85.37 , 2.040001
24.828 , 87.46 , 85.36 , 2.099998
24.83 , 87.41 , 85.36 , 2.050003
24.832 , 87.41 , 85.35 , 2.060005
24.833 , 87.39 , 85.35 , 2.040001
24.835 , 87.41 , 85.34 , 2.070007
24.836 , 87.39 , 85.34 , 2.050003
24.838 , 87.34 , 85.33 , 2.009995
24.839 , 87.39 , 85.33 , 2.059998
24.841 , 87.39 , 85.33 , 2.059998
24.843 , 87.34 , 85.32 , 2.019997
24.844 , 87.41 , 85.32 , 2.090004
24.846 , 87.32 , 85.31 , 2.010002
24.856 , 87.34 , 85.28 , 2.059998
24.857 , 87.34 , 85.28 , 2.059998
24.859 , 87.34 , 85.27 , 2.07
24.861 , 87.34 , 85.27 , 2.07
24.862 , 87.34 , 85.26 , 2.079994
24.864 , 87.39 , 85.26 , 2.129997
24.866 , 87.34 , 85.25 , 2.089996
24.867 , 87.34 , 85.25 , 2.089996
24.869 , 87.39 , 85.24 , 2.150002
24.87 , 87.39 , 85.24 , 2.150002
24.872 , 87.41 , 85.23 , 2.18
24.873 , 87.46 , 85.23 , 2.229996
24.875 , 87.46 , 85.22 , 2.239998
24.877 , 87.5 , 85.22 , 2.279999
24.878 , 87.55 , 85.21 , 2.340004
24.88 , 87.57 , 85.21 , 2.360001
24.882 , 87.57 , 85.2 , 2.370003
24.883 , 87.62 , 85.2 , 2.420006
24.885 , 87.64 , 85.19 , 2.449997
24.886 , 87.69 , 85.19 , 2.5
24.888 , 87.71 , 85.18 , 2.529999
24.89 , 87.73 , 85.18 , 2.550003
24.891 , 87.87 , 85.18 , 2.690002
24.893 , 87.87 , 85.17 , 2.700005
24.894 , 87.89 , 85.17 , 2.720001
24.896 , 87.96 , 85.16 , 2.799995
24.898 , 87.98 , 85.15 , 2.830002
24.899 , 88.05 , 85.15 , 2.900002
24.901 , 88.08 , 85.15 , 2.93
24.902 , 88.14 , 85.14 , 3.0
24.904 , 88.21 , 85.14 , 3.07
24.905 , 88.26 , 85.13 , 3.130005
24.907 , 88.3 , 85.13 , 3.170006
24.909 , 88.37 , 85.12 , 3.25
24.91 , 88.44 , 85.12 , 3.32
24.912 , 88.51 , 85.11 , 3.400002
24.913 , 88.53 , 85.11 , 3.419998
24.915 , 88.58 , 85.1 , 3.480003
24.916 , 88.67 , 85.1 , 3.57
24.918 , 88.67 , 85.1 , 3.57
24.92 , 88.74 , 85.09 , 3.650002
24.921 , 88.81 , 85.09 , 3.720001
24.923 , 88.83 , 85.08 , 3.75
24.924 , 88.83 , 85.08 , 3.75
24.926 , 88.9 , 85.07 , 3.830002
24.927 , 88.92 , 85.07 , 3.849998
24.929 , 88.92 , 85.06 , 3.860001
24.931 , 89.01 , 85.06 , 3.950005
24.932 , 89.01 , 85.05 , 3.959999
24.934 , 89.01 , 85.05 , 3.959999
24.935 , 88.99 , 85.04 , 3.949997
24.937 , 89.08 , 85.04 , 4.040001
24.939 , 89.13 , 85.03 , 4.099998
24.94 , 89.15 , 85.03 , 4.120003
24.942 , 89.15 , 85.02 , 4.130005
24.943 , 89.22 , 85.02 , 4.200005
24.945 , 89.22 , 85.01 , 4.209999
24.946 , 89.24 , 85.01 , 4.229996
24.948 , 89.29 , 85.01 , 4.279999
24.95 , 89.29 , 85.0 , 4.290001
24.951 , 89.31 , 85.0 , 4.309998
24.953 , 89.36 , 84.99 , 4.370003
24.954 , 89.31 , 84.99 , 4.32
24.956 , 89.31 , 84.98 , 4.329994
24.958 , 89.36 , 84.98 , 4.379997
24.959 , 89.31 , 84.97 , 4.339996
24.961 , 89.38 , 84.97 , 4.409996
24.963 , 89.38 , 84.96 , 4.419998
24.964 , 89.36 , 84.96 , 4.400002
24.966 , 89.38 , 84.95 , 4.43
24.967 , 89.36 , 84.95 , 4.410004
24.969 , 89.36 , 84.94 , 4.419998
24.971 , 89.36 , 84.94 , 4.419998
24.972 , 89.36 , 84.93 , 4.43
24.974 , 89.31 , 84.93 , 4.379997
24.975 , 89.36 , 84.92 , 4.440002
24.977 , 89.31 , 84.92 , 4.389999
24.979 , 89.31 , 84.91 , 4.399994
24.98 , 89.29 , 84.91 , 4.379997
24.982 , 89.22 , 84.9 , 4.32
24.983 , 89.24 , 84.9 , 4.339996
24.985 , 89.24 , 84.89 , 4.349998
24.987 , 89.24 , 84.89 , 4.349998
24.988 , 89.24 , 84.89 , 4.349998
24.99 , 89.22 , 84.88 , 4.340004
24.992 , 89.22 , 84.87 , 4.349998
24.993 , 89.24 , 84.87 , 4.369995
24.995 , 89.2 , 84.86 , 4.339996
24.996 , 89.2 , 84.86 , 4.339996
24.998 , 89.15 , 84.86 , 4.290001
25.0 , 89.15 , 84.85 , 4.300003
25.001 , 89.2 , 84.85 , 4.349998
25.003 , 89.15 , 84.84 , 4.310005
25.004 , 89.15 , 84.84 , 4.310005
25.006 , 89.15 , 84.83 , 4.32
25.008 , 89.13 , 84.83 , 4.299995
25.009 , 89.08 , 84.82 , 4.260002
25.011 , 89.08 , 84.82 , 4.260002
25.012 , 89.08 , 84.81 , 4.270004
25.014 , 89.08 , 84.81 , 4.270004
25.015 , 89.08 , 84.81 , 4.270004
25.017 , 89.01 , 84.8 , 4.209999
25.019 , 89.06 , 84.79 , 4.269997
25.02 , 89.01 , 84.79 , 4.220001
25.022 , 89.01 , 84.78 , 4.230003
25.023 , 89.01 , 84.78 , 4.230003
25.025 , 88.99 , 84.78 , 4.209999
25.026 , 88.99 , 84.77 , 4.220001
25.028 , 88.97 , 84.77 , 4.200005
25.03 , 88.92 , 84.76 , 4.159996
25.031 , 88.99 , 84.76 , 4.229996
25.033 , 88.92 , 84.75 , 4.169998
25.034 , 88.9 , 84.75 , 4.150002
25.036 , 88.92 , 84.74 , 4.18
25.038 , 88.9 , 84.74 , 4.160004
25.039 , 88.9 , 84.73 , 4.169998
25.041 , 88.9 , 84.73 , 4.169998
25.042 , 88.83 , 84.72 , 4.110001
25.044 , 88.85 , 84.72 , 4.129997
25.045 , 88.83 , 84.72 , 4.110001
25.047 , 88.83 , 84.71 , 4.120003
25.048 , 88.81 , 84.71 , 4.099998
25.05 , 88.76 , 84.7 , 4.060005
25.052 , 88.76 , 84.69 , 4.07
25.053 , 88.74 , 84.69 , 4.049995
25.055 , 88.69 , 84.69 , 4.0
25.056 , 88.69 , 84.68 , 4.010002
25.058 , 88.67 , 84.68 , 3.989998
25.06 , 88.67 , 84.67 , 4.0
25.061 , 88.65 , 84.67 , 3.980003
25.063 , 88.67 , 84.66 , 4.009995
25.064 , 88.6 , 84.66 , 3.939995
25.066 , 88.6 , 84.65 , 3.949997
25.068 , 88.6 , 84.65 , 3.949997
25.069 , 88.58 , 84.64 , 3.940002
25.071 , 88.53 , 84.64 , 3.889999
25.073 , 88.53 , 84.63 , 3.900002
25.074 , 88.53 , 84.63 , 3.900002
25.076 , 88.51 , 84.62 , 3.889999
25.077 , 88.46 , 84.62 , 3.839996
25.079 , 88.46 , 84.61 , 3.849998
25.081 , 88.46 , 84.61 , 3.849998
25.082 , 88.44 , 84.6 , 3.840004
25.084 , 88.44 , 84.6 , 3.840004
25.085 , 88.42 , 84.6 , 3.82
25.087 , 88.37 , 84.59 , 3.780006
25.089 , 88.37 , 84.58 , 3.790001
25.09 , 88.35 , 84.58 , 3.769997
25.092 , 88.3 , 84.57 , 3.730003
25.093 , 88.28 , 84.57 , 3.709999
25.095 , 88.26 , 84.57 , 3.690002
25.097 , 88.28 , 84.56 , 3.720001
25.098 , 88.26 , 84.56 , 3.700005
25.1 , 88.26 , 84.55 , 3.709999
25.101 , 88.21 , 84.55 , 3.659996
25.103 , 88.21 , 84.54 , 3.669998
25.105 , 88.19 , 84.54 , 3.650002
25.106 , 88.12 , 84.53 , 3.590004
25.108 , 88.12 , 84.53 , 3.590004
25.109 , 88.14 , 84.52 , 3.620003
25.111 , 88.05 , 84.52 , 3.530006
25.112 , 88.03 , 84.52 , 3.510002
25.114 , 88.03 , 84.51 , 3.519997
25.116 , 88.03 , 84.5 , 3.529999
25.117 , 87.96 , 84.5 , 3.459999
25.119 , 87.96 , 84.49 , 3.470001
25.12 , 87.96 , 84.49 , 3.470001
25.122 , 87.91 , 84.49 , 3.420006
25.124 , 87.91 , 84.48 , 3.43
25.125 , 87.91 , 84.48 , 3.43
25.127 , 87.89 , 84.47 , 3.419998
25.128 , 87.89 , 84.47 , 3.419998
25.13 , 87.87 , 84.46 , 3.410004
25.131 , 87.82 , 84.46 , 3.360001
25.133 , 87.82 , 84.45 , 3.370003
25.135 , 87.82 , 84.45 , 3.370003
25.136 , 87.82 , 84.44 , 3.379997
25.138 , 87.78 , 84.44 , 3.339996
25.139 , 87.78 , 84.43 , 3.349998
25.141 , 87.73 , 84.43 , 3.300003
25.143 , 87.78 , 84.42 , 3.360001
25.144 , 87.73 , 84.42 , 3.310005
25.146 , 87.71 , 84.41 , 3.299995
25.147 , 87.71 , 84.41 , 3.299995
25.149 , 87.71 , 84.4 , 3.309998
25.151 , 87.73 , 84.4 , 3.330002
25.152 , 87.71 , 84.4 , 3.309998
25.154 , 87.71 , 84.39 , 3.32
25.155 , 87.64 , 84.39 , 3.25
25.157 , 87.69 , 84.38 , 3.310005
25.159 , 87.64 , 84.37 , 3.269997
25.16 , 87.62 , 84.37 , 3.25
25.162 , 87.69 , 84.37 , 3.32
25.163 , 87.62 , 84.36 , 3.260002
25.165 , 87.62 , 84.36 , 3.260002
25.166 , 87.62 , 84.35 , 3.270004
25.168 , 87.57 , 84.35 , 3.220001
25.169 , 87.55 , 84.34 , 3.210007
25.171 , 87.57 , 84.34 , 3.230003
25.173 , 87.55 , 84.33 , 3.220001
25.174 , 87.55 , 84.33 , 3.220001
25.176 , 87.55 , 84.32 , 3.230003
25.177 , 87.57 , 84.32 , 3.25
25.179 , 87.5 , 84.31 , 3.190002
25.18 , 87.5 , 84.31 , 3.190002
25.182 , 87.48 , 84.31 , 3.170006
25.183 , 87.5 , 84.3 , 3.199997
25.185 , 87.48 , 84.3 , 3.18
25.187 , 87.48 , 84.29 , 3.190002
25.188 , 87.48 , 84.29 , 3.190002
25.19 , 87.46 , 84.28 , 3.18
25.191 , 87.46 , 84.28 , 3.18
25.193 , 87.46 , 84.27 , 3.190002
25.195 , 87.46 , 84.27 , 3.190002
25.196 , 87.41 , 84.26 , 3.150002
25.198 , 87.48 , 84.26 , 3.220001
25.199 , 87.48 , 84.25 , 3.230003
25.201 , 87.41 , 84.25 , 3.160004
25.202 , 87.39 , 84.25 , 3.139999
25.204 , 87.46 , 84.24 , 3.220001
25.205 , 87.41 , 84.24 , 3.170006
25.207 , 87.39 , 84.23 , 3.159996
25.209 , 87.39 , 84.23 , 3.159996
25.21 , 87.39 , 84.22 , 3.169998
25.212 , 87.41 , 84.22 , 3.190002
25.213 , 87.39 , 84.21 , 3.18
25.215 , 87.39 , 84.21 , 3.18
25.217 , 87.41 , 84.2 , 3.210007
25.218 , 87.34 , 84.2 , 3.139999
25.22 , 87.39 , 84.19 , 3.199997
25.221 , 87.34 , 84.19 , 3.149994
25.223 , 87.34 , 84.18 , 3.159996
25.225 , 87.34 , 84.18 , 3.159996
25.226 , 87.32 , 84.17 , 3.150002
25.228 , 87.34 , 84.17 , 3.169998
25.229 , 87.32 , 84.17 , 3.150002
25.231 , 87.34 , 84.16 , 3.179993
25.233 , 87.3 , 84.15 , 3.150002
25.234 , 87.32 , 84.15 , 3.169998
25.236 , 87.32 , 84.14 , 3.18
25.237 , 87.3 , 84.14 , 3.160004
25.239 , 87.32 , 84.14 , 3.18
25.241 , 87.32 , 84.13 , 3.190002
25.242 , 87.23 , 84.13 , 3.100006
25.244 , 87.3 , 84.12 , 3.18
25.245 , 87.25 , 84.12 , 3.129997
25.247 , 87.23 , 84.11 , 3.120003
25.248 , 87.23 , 84.11 , 3.120003
25.25 , 87.23 , 84.1 , 3.130005
25.251 , 87.25 , 84.1 , 3.150002
25.253 , 87.16 , 84.09 , 3.070007
25.254 , 87.23 , 84.09 , 3.140007
25.256 , 87.16 , 84.08 , 3.080002
25.257 , 87.16 , 84.08 , 3.080002
25.259 , 87.16 , 84.08 , 3.080002
25.261 , 87.16 , 84.07 , 3.090004
25.262 , 87.14 , 84.07 , 3.07
25.264 , 87.14 , 84.06 , 3.080002
25.265 , 87.14 , 84.06 , 3.080002
25.267 , 87.14 , 84.05 , 3.089996
25.269 , 87.14 , 84.05 , 3.089996
25.27 , 87.09 , 84.04 , 3.049995
25.272 , 87.09 , 84.04 , 3.049995
25.273 , 87.07 , 84.03 , 3.040001
25.275 , 87.09 , 84.03 , 3.059998
25.277 , 87.09 , 84.02 , 3.07
25.278 , 87.07 , 84.02 , 3.050003
25.28 , 87.07 , 84.01 , 3.059998
25.282 , 87.07 , 84.01 , 3.059998
25.283 , 87.07 , 84.0 , 3.07
25.285 , 87.0 , 84.0 , 3.0
25.286 , 87.02 , 83.99 , 3.029999
25.288 , 87.02 , 83.99 , 3.029999
25.29 , 87.0 , 83.98 , 3.019997
25.291 , 86.95 , 83.98 , 2.969994
25.293 , 86.95 , 83.97 , 2.979996
25.294 , 87.0 , 83.97 , 3.029999
25.296 , 87.0 , 83.96 , 3.040001
25.298 , 87.0 , 83.96 , 3.040001
25.299 , 86.95 , 83.96 , 2.989998
25.301 , 86.93 , 83.95 , 2.980003
25.302 , 87.0 , 83.95 , 3.050003
25.304 , 86.93 , 83.94 , 2.989998
25.305 , 86.93 , 83.94 , 2.989998
25.307 , 86.91 , 83.93 , 2.980003
25.309 , 86.91 , 83.93 , 2.980003
25.31 , 86.91 , 83.92 , 2.990005
25.312 , 86.91 , 83.92 , 2.990005
25.313 , 86.91 , 83.91 , 3.0
25.315 , 86.91 , 83.91 , 3.0
25.316 , 86.91 , 83.91 , 3.0
25.318 , 86.86 , 83.9 , 2.959999
25.319 , 86.86 , 83.9 , 2.959999
25.321 , 86.86 , 83.89 , 2.970001
25.322 , 86.84 , 83.89 , 2.949997
25.324 , 86.86 , 83.88 , 2.980003
25.326 , 86.84 , 83.88 , 2.959999
25.327 , 86.84 , 83.87 , 2.969994
25.329 , 86.79 , 83.87 , 2.919998
25.331 , 86.79 , 83.86 , 2.93
25.332 , 86.79 , 83.86 , 2.93
25.334 , 86.77 , 83.85 , 2.919998
25.335 , 86.79 , 83.85 , 2.940002
25.337 , 86.75 , 83.84 , 2.910004
25.339 , 86.77 , 83.84 , 2.93
25.34 , 86.75 , 83.83 , 2.919998
25.342 , 86.75 , 83.83 , 2.919998
25.343 , 86.75 , 83.82 , 2.93
25.345 , 86.7 , 83.82 , 2.879997
25.346 , 86.75 , 83.82 , 2.93
25.348 , 86.63 , 83.81 , 2.82
25.35 , 86.68 , 83.8 , 2.879997
25.351 , 86.68 , 83.8 , 2.879997
25.353 , 86.7 , 83.79 , 2.909996
25.354 , 86.68 , 83.79 , 2.889999
25.356 , 86.63 , 83.79 , 2.839996
25.358 , 86.68 , 83.78 , 2.900002
25.359 , 86.68 , 83.78 , 2.900002
25.361 , 86.63 , 83.77 , 2.860001
25.362 , 86.61 , 83.77 , 2.840004
25.364 , 86.61 , 83.76 , 2.849998
25.366 , 86.63 , 83.76 , 2.869995
25.367 , 86.61 , 83.75 , 2.860001
25.369 , 86.61 , 83.75 , 2.860001
25.37 , 86.56 , 83.74 , 2.82
25.372 , 86.54 , 83.74 , 2.800003
25.373 , 86.54 , 83.73 , 2.809998
25.375 , 86.61 , 83.73 , 2.879997
25.377 , 86.54 , 83.72 , 2.82
25.378 , 86.54 , 83.72 , 2.82
25.38 , 86.52 , 83.71 , 2.809998
25.381 , 86.52 , 83.71 , 2.809998
25.383 , 86.52 , 83.7 , 2.82
25.385 , 86.47 , 83.7 , 2.770004
25.386 , 86.47 , 83.7 , 2.770004
25.388 , 86.47 , 83.69 , 2.779999
25.39 , 86.45 , 83.68 , 2.769997
25.391 , 86.45 , 83.68 , 2.769997
25.393 , 86.45 , 83.67 , 2.779999
25.395 , 86.4 , 83.67 , 2.730003
25.396 , 86.4 , 83.67 , 2.730003
25.398 , 86.4 , 83.66 , 2.739998
25.399 , 86.4 , 83.66 , 2.739998
25.401 , 86.38 , 83.65 , 2.729996
25.402 , 86.4 , 83.65 , 2.75
25.404 , 86.36 , 83.64 , 2.720001
25.406 , 86.38 , 83.64 , 2.739998
25.407 , 86.31 , 83.63 , 2.68
25.409 , 86.29 , 83.63 , 2.660004
25.41 , 86.29 , 83.62 , 2.669998
25.412 , 86.24 , 83.62 , 2.619995
25.414 , 86.29 , 83.61 , 2.68
25.415 , 86.29 , 83.61 , 2.68
25.417 , 86.29 , 83.6 , 2.690002
25.418 , 86.29 , 83.6 , 2.690002
25.42 , 86.29 , 83.59 , 2.700005
25.421 , 86.24 , 83.59 , 2.650002
25.423 , 86.22 , 83.59 , 2.630005
25.425 , 86.22 , 83.58 , 2.639999
25.426 , 86.22 , 83.58 , 2.639999
25.428 , 86.22 , 83.57 , 2.650002
25.429 , 86.2 , 83.57 , 2.629997
25.431 , 86.2 , 83.56 , 2.639999
25.433 , 86.2 , 83.56 , 2.639999
25.434 , 86.13 , 83.55 , 2.579994
25.436 , 86.2 , 83.55 , 2.649994
25.437 , 86.2 , 83.54 , 2.659996
25.439 , 86.13 , 83.54 , 2.589996
25.441 , 86.13 , 83.53 , 2.599998
25.442 , 86.13 , 83.53 , 2.599998
25.444 , 86.08 , 83.52 , 2.560005
25.446 , 86.08 , 83.52 , 2.560005
25.447 , 86.06 , 83.51 , 2.549995
25.449 , 86.06 , 83.51 , 2.549995
25.45 , 86.06 , 83.5 , 2.559998
25.452 , 86.08 , 83.5 , 2.580002
25.453 , 86.02 , 83.5 , 2.519997
25.455 , 86.02 , 83.49 , 2.529999
25.457 , 86.02 , 83.48 , 2.539993
25.458 , 86.02 , 83.48 , 2.539993
25.46 , 85.99 , 83.47 , 2.519997
25.462 , 85.99 , 83.47 , 2.519997
25.463 , 86.02 , 83.47 , 2.549995
25.465 , 85.99 , 83.46 , 2.529999
25.467 , 85.97 , 83.45 , 2.520004
25.468 , 85.97 , 83.45 , 2.520004
25.47 , 85.97 , 83.44 , 2.529999
25.471 , 85.97 , 83.44 , 2.529999
25.473 , 85.9 , 83.44 , 2.459999
25.474 , 85.92 , 83.43 , 2.489998
25.476 , 85.92 , 83.43 , 2.489998
25.478 , 85.97 , 83.42 , 2.550003
25.479 , 85.9 , 83.42 , 2.480003
25.481 , 85.9 , 83.41 , 2.489998
25.482 , 85.9 , 83.41 , 2.489998
25.484 , 85.85 , 83.4 , 2.449997
25.485 , 85.9 , 83.4 , 2.5
25.487 , 85.85 , 83.39 , 2.459999
25.489 , 85.9 , 83.39 , 2.510002
25.49 , 85.83 , 83.38 , 2.450005
25.492 , 85.83 , 83.38 , 2.450005
25.493 , 85.85 , 83.38 , 2.470001
25.495 , 85.83 , 83.37 , 2.459999
25.496 , 85.83 , 83.37 , 2.459999
25.498 , 85.81 , 83.36 , 2.449997
25.5 , 85.83 , 83.36 , 2.470001
25.501 , 85.83 , 83.35 , 2.480003
25.503 , 85.83 , 83.35 , 2.480003
25.504 , 85.81 , 83.34 , 2.470001
25.506 , 85.81 , 83.34 , 2.470001
25.507 , 85.83 , 83.33 , 2.5
25.509 , 85.81 , 83.33 , 2.479996
25.511 , 85.83 , 83.32 , 2.510002
25.512 , 85.81 , 83.32 , 2.489998
25.514 , 85.81 , 83.31 , 2.5
25.515 , 85.81 , 83.31 , 2.5
25.517 , 85.81 , 83.3 , 2.509995
25.519 , 85.81 , 83.3 , 2.509995
25.52 , 85.76 , 83.3 , 2.459999
25.522 , 85.76 , 83.29 , 2.470001
25.523 , 85.76 , 83.29 , 2.470001
25.525 , 85.74 , 83.28 , 2.459999
25.526 , 85.76 , 83.28 , 2.480003
25.528 , 85.81 , 83.27 , 2.540001
25.53 , 85.74 , 83.27 , 2.470001
25.531 , 85.74 , 83.26 , 2.479996
25.533 , 85.74 , 83.26 , 2.479996
25.534 , 85.74 , 83.25 , 2.489998
25.536 , 85.74 , 83.25 , 2.489998
25.538 , 85.74 , 83.24 , 2.5
25.548 , 85.69 , 83.21 , 2.480003
25.549 , 85.69 , 83.21 , 2.480003
25.551 , 85.69 , 83.2 , 2.490005
25.552 , 85.74 , 83.2 , 2.540001
25.554 , 85.67 , 83.19 , 2.479996
25.556 , 85.67 , 83.19 , 2.479996
25.557 , 85.67 , 83.18 , 2.489998
25.559 , 85.63 , 83.18 , 2.449997
25.56 , 85.69 , 83.18 , 2.510002
25.562 , 85.69 , 83.17 , 2.520004
25.564 , 85.67 , 83.16 , 2.509995
25.565 , 85.67 , 83.16 , 2.509995
25.567 , 85.63 , 83.15 , 2.479996
25.568 , 85.63 , 83.15 , 2.479996
25.57 , 85.63 , 83.15 , 2.479996
25.572 , 85.63 , 83.14 , 2.489998
25.573 , 85.6 , 83.14 , 2.459999
25.575 , 85.6 , 83.13 , 2.470001
25.577 , 85.58 , 83.12 , 2.459999
25.578 , 85.6 , 83.12 , 2.479996
25.58 , 85.6 , 83.12 , 2.479996
25.581 , 85.63 , 83.11 , 2.519997
25.583 , 85.6 , 83.11 , 2.489998
25.585 , 85.58 , 83.1 , 2.480003
25.586 , 85.58 , 83.1 , 2.480003
25.588 , 85.6 , 83.09 , 2.510002
25.589 , 85.58 , 83.09 , 2.490005
25.591 , 85.58 , 83.08 , 2.5
25.593 , 85.53 , 83.08 , 2.449997
25.594 , 85.58 , 83.07 , 2.510002
25.596 , 85.51 , 83.07 , 2.440002
25.597 , 85.58 , 83.06 , 2.520004
25.599 , 85.53 , 83.06 , 2.470001
25.6 , 85.53 , 83.06 , 2.470001
25.602 , 85.53 , 83.05 , 2.479996
25.604 , 85.53 , 83.04 , 2.489998
25.605 , 85.51 , 83.04 , 2.470001
25.607 , 85.44 , 83.04 , 2.400002
25.608 , 85.47 , 83.03 , 2.440002
25.61 , 85.47 , 83.03 , 2.440002
25.611 , 85.47 , 83.02 , 2.450005
25.613 , 85.44 , 83.02 , 2.420006
25.614 , 85.44 , 83.01 , 2.43
25.616 , 85.51 , 83.01 , 2.5
25.617 , 85.44 , 83.01 , 2.43
25.619 , 85.44 , 83.0 , 2.440002
25.62 , 85.47 , 83.0 , 2.470001
25.622 , 85.47 , 82.99 , 2.480003
25.623 , 85.42 , 82.99 , 2.43
25.625 , 85.37 , 82.98 , 2.389999
25.627 , 85.37 , 82.98 , 2.389999
25.628 , 85.37 , 82.97 , 2.400002
25.63 , 85.42 , 82.97 , 2.449997
25.631 , 85.37 , 82.96 , 2.410004
25.633 , 85.35 , 82.96 , 2.389999
25.635 , 85.35 , 82.95 , 2.400002
25.636 , 85.37 , 82.95 , 2.420006
25.638 , 85.28 , 82.94 , 2.339996
25.639 , 85.35 , 82.94 , 2.409996
25.641 , 85.31 , 82.93 , 2.379997
25.643 , 85.31 , 82.93 , 2.379997
25.644 , 85.35 , 82.92 , 2.43
25.646 , 85.31 , 82.92 , 2.389999
25.648 , 85.28 , 82.91 , 2.369995
25.649 , 85.28 , 82.91 , 2.369995
25.651 , 85.28 , 82.9 , 2.379997
25.652 , 85.26 , 82.9 , 2.360001
25.654 , 85.28 , 82.89 , 2.389999
25.656 , 85.21 , 82.89 , 2.32
25.657 , 85.26 , 82.89 , 2.370003
25.659 , 85.21 , 82.88 , 2.330002
25.66 , 85.21 , 82.88 , 2.330002
25.662 , 85.21 , 82.87 , 2.339996
25.664 , 85.21 , 82.86 , 2.349998
25.665 , 85.19 , 82.86 , 2.330002
25.667 , 85.19 , 82.86 , 2.330002
25.668 , 85.19 , 82.85 , 2.340004
25.67 , 85.15 , 82.85 , 2.300003
25.672 , 85.12 , 82.84 , 2.280006
25.673 , 85.12 , 82.84 , 2.280006
25.675 , 85.12 , 82.83 , 2.290001
25.676 , 85.12 , 82.83 , 2.290001
25.678 , 85.15 , 82.82 , 2.330002
25.679 , 85.12 , 82.82 , 2.300003
25.681 , 85.12 , 82.81 , 2.310005
25.682 , 85.08 , 82.81 , 2.270004
25.684 , 85.08 , 82.8 , 2.279999
25.686 , 85.05 , 82.8 , 2.25
25.687 , 85.08 , 82.8 , 2.279999
25.689 , 85.08 , 82.79 , 2.290001
25.69 , 85.08 , 82.79 , 2.290001
25.692 , 85.05 , 82.78 , 2.270004
25.693 , 85.05 , 82.78 , 2.270004
25.695 , 85.05 , 82.77 , 2.280006
25.696 , 85.03 , 82.77 , 2.260002
25.698 , 85.05 , 82.76 , 2.290001
25.7 , 85.08 , 82.76 , 2.32
25.701 , 85.03 , 82.75 , 2.279999
25.703 , 85.05 , 82.75 , 2.300003
25.704 , 85.05 , 82.75 , 2.300003
25.706 , 85.05 , 82.74 , 2.310005
25.707 , 85.08 , 82.74 , 2.340004
25.709 , 85.05 , 82.73 , 2.32
25.71 , 85.05 , 82.73 , 2.32
25.712 , 85.08 , 82.72 , 2.360001
25.714 , 85.21 , 82.72 , 2.489998
25.715 , 85.21 , 82.71 , 2.5
25.717 , 85.21 , 82.71 , 2.5
25.718 , 85.26 , 82.7 , 2.560005
25.72 , 85.26 , 82.7 , 2.560005
25.722 , 85.35 , 82.69 , 2.659996
25.723 , 85.35 , 82.69 , 2.659996
25.725 , 85.35 , 82.68 , 2.669998
25.726 , 85.42 , 82.68 , 2.739998
25.728 , 85.44 , 82.67 , 2.770004
25.73 , 85.51 , 82.67 , 2.840004
25.731 , 85.51 , 82.66 , 2.849998
25.733 , 85.53 , 82.66 , 2.869995
25.734 , 85.58 , 82.66 , 2.919998
25.736 , 85.67 , 82.65 , 3.019997
25.738 , 85.69 , 82.64 , 3.050003
25.739 , 85.76 , 82.64 , 3.120003
25.741 , 85.76 , 82.63 , 3.130005
25.742 , 85.83 , 82.63 , 3.200005
25.744 , 85.92 , 82.63 , 3.290001
25.745 , 85.99 , 82.62 , 3.369995
25.747 , 85.99 , 82.62 , 3.369995
25.749 , 86.06 , 82.61 , 3.449997
25.75 , 86.08 , 82.61 , 3.470001
25.752 , 86.15 , 82.6 , 3.550003
25.753 , 86.22 , 82.6 , 3.620003
25.755 , 86.29 , 82.59 , 3.700005
25.756 , 86.31 , 82.59 , 3.720001
25.758 , 86.36 , 82.58 , 3.779999
25.76 , 86.38 , 82.58 , 3.799995
25.761 , 86.4 , 82.57 , 3.830002
25.763 , 86.45 , 82.57 , 3.879997
25.765 , 86.47 , 82.56 , 3.910004
25.766 , 86.47 , 82.56 , 3.910004
25.768 , 86.52 , 82.55 , 3.969994
25.769 , 86.54 , 82.55 , 3.989998
25.771 , 86.56 , 82.54 , 4.019997
25.773 , 86.54 , 82.54 , 4.0
25.774 , 86.61 , 82.54 , 4.07
25.776 , 86.68 , 82.53 , 4.150002
25.777 , 86.7 , 82.53 , 4.169998
25.779 , 86.75 , 82.52 , 4.230003
25.78 , 86.77 , 82.52 , 4.25
25.782 , 86.77 , 82.51 , 4.259995
25.784 , 86.77 , 82.51 , 4.259995
25.785 , 86.77 , 82.5 , 4.269997
25.787 , 86.79 , 82.5 , 4.290001
25.788 , 86.84 , 82.49 , 4.349998
25.79 , 86.86 , 82.49 , 4.370003
25.792 , 86.79 , 82.48 , 4.309998
25.793 , 86.84 , 82.48 , 4.359993
25.795 , 86.86 , 82.47 , 4.389999
25.796 , 86.86 , 82.47 , 4.389999
25.798 , 86.84 , 82.46 , 4.379997
25.8 , 86.86 , 82.46 , 4.400002
25.801 , 86.79 , 82.46 , 4.330002
25.803 , 86.84 , 82.45 , 4.389999
25.805 , 86.84 , 82.44 , 4.399994
25.806 , 86.84 , 82.44 , 4.399994
25.808 , 86.77 , 82.43 , 4.339996
25.809 , 86.79 , 82.43 , 4.360001
25.811 , 86.79 , 82.43 , 4.360001
25.812 , 86.79 , 82.42 , 4.370003
25.814 , 86.79 , 82.42 , 4.370003
25.815 , 86.79 , 82.41 , 4.379997
25.817 , 86.68 , 82.41 , 4.269997
25.819 , 86.7 , 82.4 , 4.299995
25.82 , 86.68 , 82.4 , 4.279999
25.822 , 86.68 , 82.39 , 4.290001
25.823 , 86.68 , 82.39 , 4.290001
25.825 , 86.63 , 82.38 , 4.25
25.827 , 86.63 , 82.38 , 4.25
25.828 , 86.63 , 82.37 , 4.259995
25.83 , 86.61 , 82.37 , 4.239998
25.831 , 86.63 , 82.37 , 4.259995
25.833 , 86.61 , 82.36 , 4.25
25.835 , 86.56 , 82.35 , 4.209999
25.836 , 86.56 , 82.35 , 4.209999
25.838 , 86.56 , 82.34 , 4.220001
25.84 , 86.56 , 82.34 , 4.220001
25.841 , 86.54 , 82.34 , 4.200005
25.843 , 86.54 , 82.33 , 4.209999
25.844 , 86.54 , 82.33 , 4.209999
25.846 , 86.52 , 82.32 , 4.199997
25.847 , 86.52 , 82.32 , 4.199997
25.849 , 86.52 , 82.31 , 4.209999
25.851 , 86.47 , 82.31 , 4.160004
25.852 , 86.47 , 82.3 , 4.169998
25.854 , 86.45 , 82.3 , 4.149994
25.855 , 86.4 , 82.29 , 4.110001
25.857 , 86.4 , 82.29 , 4.110001
25.859 , 86.4 , 82.28 , 4.120003
25.86 , 86.4 , 82.28 , 4.120003
25.862 , 86.4 , 82.27 , 4.130005
25.863 , 86.38 , 82.27 , 4.110001
25.865 , 86.38 , 82.26 , 4.119995
25.867 , 86.31 , 82.26 , 4.049995
25.868 , 86.36 , 82.25 , 4.110001
25.87 , 86.31 , 82.25 , 4.059998
25.871 , 86.31 , 82.25 , 4.059998
25.873 , 86.29 , 82.24 , 4.050003
25.874 , 86.31 , 82.24 , 4.07
25.876 , 86.24 , 82.23 , 4.009995
25.878 , 86.24 , 82.22 , 4.019997
25.879 , 86.24 , 82.22 , 4.019997
25.881 , 86.24 , 82.22 , 4.019997
25.882 , 86.24 , 82.21 , 4.029999
25.884 , 86.22 , 82.21 , 4.010002
25.886 , 86.2 , 82.2 , 4.0
25.887 , 86.2 , 82.2 , 4.0
25.889 , 86.15 , 82.19 , 3.959999
25.89 , 86.13 , 82.19 , 3.939995
25.892 , 86.13 , 82.18 , 3.949997
25.894 , 86.13 , 82.18 , 3.949997
25.895 , 86.08 , 82.17 , 3.910004
25.897 , 86.06 , 82.17 , 3.889999
25.899 , 86.02 , 82.16 , 3.859993
25.9 , 86.06 , 82.16 , 3.899994
25.902 , 86.02 , 82.15 , 3.869995
25.903 , 85.99 , 82.15 , 3.839996
25.905 , 85.99 , 82.14 , 3.849998
25.907 , 85.97 , 82.14 , 3.830002
25.908 , 85.97 , 82.14 , 3.830002
25.91 , 85.92 , 82.13 , 3.790001
25.911 , 85.92 , 82.13 , 3.790001
25.913 , 85.9 , 82.12 , 3.779999
25.915 , 85.9 , 82.11 , 3.790001
25.916 , 85.85 , 82.11 , 3.739998
25.918 , 85.85 , 82.11 , 3.739998
25.919 , 85.85 , 82.1 , 3.75
25.921 , 85.83 , 82.1 , 3.730003
25.923 , 85.81 , 82.09 , 3.720001
25.924 , 85.81 , 82.09 , 3.720001
25.926 , 85.76 , 82.08 , 3.68
25.927 , 85.76 , 82.08 , 3.68
25.929 , 85.76 , 82.07 , 3.690002
25.93 , 85.69 , 82.07 , 3.620003
25.932 , 85.69 , 82.06 , 3.630005
25.933 , 85.67 , 82.06 , 3.610001
25.935 , 85.63 , 82.05 , 3.579994
25.937 , 85.63 , 82.05 , 3.579994
25.938 , 85.6 , 82.05 , 3.549995
25.94 , 85.6 , 82.04 , 3.559998
25.942 , 85.58 , 82.03 , 3.550003
25.943 , 85.58 , 82.03 , 3.550003
25.945 , 85.53 , 82.02 , 3.510002
25.946 , 85.51 , 82.02 , 3.490005
25.948 , 85.51 , 82.02 , 3.490005
25.949 , 85.53 , 82.01 , 3.519997
25.951 , 85.47 , 82.01 , 3.459999
25.953 , 85.44 , 82.0 , 3.440002
25.954 , 85.47 , 82.0 , 3.470001
25.956 , 85.44 , 81.99 , 3.450005
25.957 , 85.42 , 81.99 , 3.43
25.959 , 85.42 , 81.98 , 3.439995
25.961 , 85.37 , 81.98 , 3.389999
25.962 , 85.37 , 81.97 , 3.400002
25.964 , 85.35 , 81.97 , 3.379997
25.965 , 85.35 , 81.96 , 3.389999
25.967 , 85.31 , 81.96 , 3.349998
25.969 , 85.35 , 81.95 , 3.400002
25.97 , 85.28 , 81.95 , 3.330002
25.972 , 85.31 , 81.94 , 3.369995
25.973 , 85.26 , 81.94 , 3.32
25.975 , 85.28 , 81.93 , 3.349998
25.977 , 85.28 , 81.93 , 3.349998
25.978 , 85.21 , 81.93 , 3.279999
25.98 , 85.26 , 81.92 , 3.340004
25.982 , 85.19 , 81.91 , 3.279999
25.983 , 85.19 , 81.91 , 3.279999
25.985 , 85.19 , 81.9 , 3.290001
25.986 , 85.15 , 81.9 , 3.25
25.988 , 85.12 , 81.9 , 3.220001
25.989 , 85.19 , 81.89 , 3.300003
25.991 , 85.15 , 81.89 , 3.260002
25.992 , 85.08 , 81.88 , 3.200005
25.994 , 85.15 , 81.88 , 3.270004
25.996 , 85.15 , 81.87 , 3.279999
25.997 , 85.15 , 81.87 , 3.279999
25.999 , 85.08 , 81.86 , 3.220001
26.0 , 85.08 , 81.86 , 3.220001
26.002 , 85.12 , 81.85 , 3.270004
26.003 , 85.05 , 81.85 , 3.200005
26.005 , 85.03 , 81.85 , 3.18
26.006 , 85.05 , 81.84 , 3.210007
26.008 , 85.03 , 81.84 , 3.190002
26.01 , 84.99 , 81.83 , 3.159996
26.011 , 84.99 , 81.83 , 3.159996
26.013 , 85.03 , 81.82 , 3.209999
26.014 , 84.99 , 81.82 , 3.169998
26.016 , 84.99 , 81.81 , 3.18
26.018 , 84.99 , 81.81 , 3.18
26.019 , 84.99 , 81.8 , 3.189995
26.021 , 84.96 , 81.8 , 3.159996
26.022 , 84.96 , 81.79 , 3.169998
26.024 , 85.03 , 81.79 , 3.239998
26.026 , 84.99 , 81.78 , 3.209999
26.027 , 84.99 , 81.78 , 3.209999
26.029 , 84.92 , 81.77 , 3.150002
26.031 , 84.92 , 81.77 , 3.150002
26.032 , 84.96 , 81.76 , 3.199997
26.034 , 84.92 , 81.76 , 3.159996
26.035 , 84.92 , 81.76 , 3.159996
26.037 , 84.92 , 81.75 , 3.169998
26.039 , 84.92 , 81.74 , 3.18
26.04 , 84.92 , 81.74 , 3.18
26.042 , 84.92 , 81.73 , 3.189995
26.043 , 84.92 , 81.73 , 3.189995
26.045 , 84.89 , 81.73 , 3.159996
26.047 , 84.92 , 81.72 , 3.199997
26.048 , 84.89 , 81.72 , 3.169998
26.05 , 84.89 , 81.71 , 3.18
26.052 , 84.89 , 81.7 , 3.190002
26.053 , 84.87 , 81.7 , 3.170006
26.055 , 84.87 , 81.7 , 3.170006
26.056 , 84.87 , 81.69 , 3.18
26.058 , 84.82 , 81.69 , 3.129997
26.059 , 84.87 , 81.68 , 3.190002
26.061 , 84.82 , 81.68 , 3.139999
26.063 , 84.87 , 81.67 , 3.200005
26.064 , 84.82 , 81.67 , 3.150002
26.066 , 84.82 , 81.66 , 3.159996
26.067 , 84.82 , 81.66 , 3.159996
26.069 , 84.8 , 81.65 , 3.150002
26.07 , 84.82 , 81.65 , 3.169998
26.072 , 84.8 , 81.64 , 3.160004
26.074 , 84.82 , 81.64 , 3.18
26.075 , 84.8 , 81.64 , 3.160004
26.077 , 84.8 , 81.63 , 3.170006
26.078 , 84.82 , 81.63 , 3.190002
26.08 , 84.8 , 81.62 , 3.18
26.082 , 84.76 , 81.61 , 3.150002
26.083 , 84.76 , 81.61 , 3.150002
26.085 , 84.76 , 81.61 , 3.150002
26.086 , 84.8 , 81.6 , 3.200005
26.088 , 84.76 , 81.6 , 3.160004
26.089 , 84.76 , 81.59 , 3.170006
26.091 , 84.76 , 81.59 , 3.170006
26.092 , 84.73 , 81.58 , 3.150002
26.094 , 84.73 , 81.58 , 3.150002
26.096 , 84.76 , 81.57 , 3.190002
26.097 , 84.71 , 81.57 , 3.139999
26.099 , 84.73 , 81.56 , 3.170006
26.1 , 84.71 , 81.56 , 3.150002
26.102 , 84.73 , 81.56 , 3.170006
26.103 , 84.71 , 81.55 , 3.159996
26.105 , 84.73 , 81.55 , 3.18
26.107 , 84.66 , 81.54 , 3.120003
26.108 , 84.71 , 81.54 , 3.169998
26.11 , 84.64 , 81.53 , 3.110001
26.111 , 84.6 , 81.53 , 3.07
26.113 , 84.66 , 81.52 , 3.140007
26.114 , 84.66 , 81.52 , 3.140007
26.116 , 84.64 , 81.51 , 3.129997
26.118 , 84.6 , 81.51 , 3.089996
26.119 , 84.57 , 81.5 , 3.07
26.121 , 84.64 , 81.5 , 3.139999
26.122 , 84.6 , 81.5 , 3.099998
26.124 , 84.57 , 81.49 , 3.080002
26.126 , 84.6 , 81.48 , 3.119995
26.127 , 84.57 , 81.48 , 3.089996
26.129 , 84.57 , 81.47 , 3.099998
26.13 , 84.57 , 81.47 , 3.099998
26.132 , 84.57 , 81.47 , 3.099998
26.134 , 84.53 , 81.46 , 3.07
26.135 , 84.57 , 81.46 , 3.110001
26.137 , 84.53 , 81.45 , 3.080002
26.138 , 84.53 , 81.45 , 3.080002
26.14 , 84.57 , 81.44 , 3.129997
26.142 , 84.5 , 81.44 , 3.059998
26.143 , 84.5 , 81.43 , 3.07
26.145 , 84.5 , 81.43 , 3.07
26.146 , 84.44 , 81.42 , 3.020004
26.148 , 84.48 , 81.42 , 3.060005
26.149 , 84.44 , 81.41 , 3.029999
26.151 , 84.44 , 81.41 , 3.029999
26.153 , 84.44 , 81.4 , 3.040001
26.154 , 84.48 , 81.4 , 3.080002
26.156 , 84.44 , 81.39 , 3.050003
26.157 , 84.44 , 81.39 , 3.050003
26.159 , 84.48 , 81.38 , 3.100006
26.16 , 84.37 , 81.38 , 2.990005
26.162 , 84.41 , 81.38 , 3.030006
26.163 , 84.41 , 81.37 , 3.040001
26.165 , 84.37 , 81.37 , 3.0
26.166 , 84.37 , 81.36 , 3.010002
26.168 , 84.37 , 81.36 , 3.010002
26.169 , 84.37 , 81.35 , 3.020004
26.171 , 84.34 , 81.35 , 2.989998
26.173 , 84.32 , 81.34 , 2.980003
26.174 , 84.34 , 81.34 , 3.0
26.176 , 84.32 , 81.33 , 2.989998
26.177 , 84.32 , 81.33 , 2.989998
26.179 , 84.28 , 81.32 , 2.959999
26.181 , 84.32 , 81.32 , 3.0
26.182 , 84.28 , 81.32 , 2.959999
26.184 , 84.28 , 81.31 , 2.970001
26.185 , 84.25 , 81.31 , 2.940002
26.187 , 84.28 , 81.3 , 2.979996
26.189 , 84.25 , 81.29 , 2.959999
26.19 , 84.21 , 81.29 , 2.919998
26.192 , 84.25 , 81.29 , 2.959999
26.193 , 84.25 , 81.28 , 2.970001
26.195 , 84.21 , 81.28 , 2.93
26.196 , 84.25 , 81.27 , 2.980003
26.198 , 84.25 , 81.27 , 2.980003
26.2 , 84.21 , 81.26 , 2.949997
26.201 , 84.18 , 81.26 , 2.919998
26.203 , 84.18 , 81.25 , 2.93
26.204 , 84.18 , 81.25 , 2.93
26.206 , 84.18 , 81.24 , 2.940002
26.207 , 84.14 , 81.24 , 2.900002
26.209 , 84.14 , 81.24 , 2.900002
26.211 , 84.14 , 81.23 , 2.909996
26.212 , 84.09 , 81.23 , 2.859993
26.214 , 84.05 , 81.22 , 2.830002
26.215 , 84.09 , 81.22 , 2.869995
26.217 , 84.09 , 81.21 , 2.879997
26.218 , 84.09 , 81.21 , 2.879997
26.22 , 84.05 , 81.2 , 2.850006
26.222 , 84.02 , 81.2 , 2.82
26.223 , 84.05 , 81.19 , 2.860001
26.225 , 84.05 , 81.19 , 2.860001
26.226 , 84.05 , 81.18 , 2.870003
26.228 , 84.02 , 81.18 , 2.839996
26.229 , 84.02 , 81.18 , 2.839996
26.239 , 83.98 , 81.15 , 2.830002
26.241 , 83.96 , 81.14 , 2.82
26.242 , 83.96 , 81.14 , 2.82
26.244 , 83.93 , 81.13 , 2.800003
26.246 , 83.93 , 81.12 , 2.809998
26.247 , 83.93 , 81.12 , 2.809998
26.249 , 83.93 , 81.12 , 2.809998
26.25 , 83.89 , 81.11 , 2.779999
26.252 , 83.89 , 81.11 , 2.779999
26.253 , 83.86 , 81.1 , 2.760002
26.255 , 83.86 , 81.1 , 2.760002
26.257 , 83.86 , 81.09 , 2.770004
26.258 , 83.86 , 81.09 , 2.770004
26.26 , 83.86 , 81.08 , 2.779999
26.261 , 83.82 , 81.08 , 2.739998
26.263 , 83.86 , 81.07 , 2.790001
26.264 , 83.79 , 81.07 , 2.720001
26.266 , 83.79 , 81.06 , 2.730003
26.268 , 83.82 , 81.06 , 2.760002
26.269 , 83.79 , 81.06 , 2.730003
26.271 , 83.77 , 81.05 , 2.719994
26.272 , 83.77 , 81.05 , 2.719994
26.274 , 83.79 , 81.04 , 2.75
26.276 , 83.79 , 81.03 , 2.760002
26.277 , 83.77 , 81.03 , 2.739998
26.279 , 83.77 , 81.03 , 2.739998
26.281 , 83.77 , 81.02 , 2.75
26.282 , 83.77 , 81.02 , 2.75
26.284 , 83.7 , 81.01 , 2.689995
26.285 , 83.73 , 81.01 , 2.720001
26.287 , 83.7 , 81.0 , 2.699997
26.288 , 83.7 , 81.0 , 2.699997
26.29 , 83.7 , 80.99 , 2.709999
26.292 , 83.7 , 80.99 , 2.709999
26.293 , 83.66 , 80.98 , 2.68
26.295 , 83.66 , 80.98 , 2.68
26.296 , 83.66 , 80.97 , 2.690002
26.298 , 83.66 , 80.97 , 2.690002
26.3 , 83.66 , 80.96 , 2.700005
26.301 , 83.63 , 80.96 , 2.669998
26.303 , 83.63 , 80.95 , 2.68
26.304 , 83.59 , 80.95 , 2.639999
26.306 , 83.63 , 80.95 , 2.68
26.308 , 83.59 , 80.94 , 2.649994
26.309 , 83.59 , 80.94 , 2.649994
26.311 , 83.57 , 80.93 , 2.639999
26.312 , 83.63 , 80.93 , 2.699997
26.314 , 83.59 , 80.92 , 2.669998
26.316 , 83.57 , 80.92 , 2.650002
26.317 , 83.59 , 80.91 , 2.679993
26.319 , 83.57 , 80.91 , 2.659996
26.321 , 83.59 , 80.9 , 2.689995
26.322 , 83.57 , 80.9 , 2.669998
26.324 , 83.57 , 80.89 , 2.68
26.325 , 83.47 , 80.89 , 2.580002
26.327 , 83.54 , 80.88 , 2.660004
26.329 , 83.54 , 80.88 , 2.660004
26.33 , 83.54 , 80.87 , 2.669998
26.332 , 83.54 , 80.87 , 2.669998
26.333 , 83.54 , 80.86 , 2.68
26.335 , 83.54 , 80.86 , 2.68
26.336 , 83.54 , 80.86 , 2.68
26.338 , 83.47 , 80.85 , 2.620003
26.339 , 83.54 , 80.85 , 2.690002
26.341 , 83.47 , 80.84 , 2.630005
26.342 , 83.47 , 80.84 , 2.630005
26.344 , 83.47 , 80.83 , 2.639999
26.346 , 83.47 , 80.83 , 2.639999
26.347 , 83.43 , 80.82 , 2.610001
26.349 , 83.43 , 80.82 , 2.610001
26.35 , 83.41 , 80.81 , 2.600006
26.352 , 83.47 , 80.81 , 2.660004
26.353 , 83.41 , 80.8 , 2.610001
26.355 , 83.41 , 80.8 , 2.610001
26.356 , 83.41 , 80.8 , 2.610001
26.358 , 83.41 , 80.79 , 2.620003
26.359 , 83.41 , 80.79 , 2.620003
26.361 , 83.41 , 80.78 , 2.630005
26.363 , 83.38 , 80.77 , 2.610001
26.364 , 83.38 , 80.77 , 2.610001
26.366 , 83.41 , 80.77 , 2.640007
26.367 , 83.38 , 80.76 , 2.619995
26.369 , 83.41 , 80.76 , 2.650002
26.37 , 83.38 , 80.75 , 2.629997
26.372 , 83.38 , 80.75 , 2.629997
26.374 , 83.34 , 80.74 , 2.599998
26.375 , 83.34 , 80.74 , 2.599998
26.377 , 83.34 , 80.73 , 2.609993
26.378 , 83.38 , 80.73 , 2.649994
26.38 , 83.31 , 80.72 , 2.589996
26.382 , 83.31 , 80.72 , 2.589996
26.383 , 83.34 , 80.71 , 2.629997
26.385 , 83.27 , 80.71 , 2.559998
26.387 , 83.31 , 80.7 , 2.610001
26.388 , 83.27 , 80.7 , 2.57
26.39 , 83.27 , 80.69 , 2.579994
26.392 , 83.31 , 80.69 , 2.619995
26.393 , 83.27 , 80.68 , 2.589996
26.395 , 83.25 , 80.68 , 2.57
26.396 , 83.27 , 80.68 , 2.589996
26.398 , 83.25 , 80.67 , 2.580002
26.4 , 83.25 , 80.66 , 2.589996
26.401 , 83.25 , 80.66 , 2.589996
26.403 , 83.25 , 80.66 , 2.589996
26.404 , 83.25 , 80.65 , 2.599998
26.406 , 83.25 , 80.65 , 2.599998
26.407 , 83.25 , 80.64 , 2.610001
26.409 , 83.22 , 80.64 , 2.580002
26.41 , 83.22 , 80.63 , 2.590004
26.412 , 83.22 , 80.63 , 2.590004
26.414 , 83.22 , 80.62 , 2.599998
26.415 , 83.25 , 80.62 , 2.629997
26.417 , 83.18 , 80.61 , 2.57
26.418 , 83.22 , 80.61 , 2.610001
26.42 , 83.18 , 80.6 , 2.580002
26.421 , 83.22 , 80.6 , 2.620003
26.423 , 83.18 , 80.6 , 2.580002
26.424 , 83.22 , 80.59 , 2.630005
26.426 , 83.22 , 80.59 , 2.630005
26.428 , 83.18 , 80.58 , 2.599998
26.429 , 83.15 , 80.58 , 2.57
26.431 , 83.15 , 80.57 , 2.580002
26.432 , 83.15 , 80.57 , 2.580002
26.434 , 83.11 , 80.56 , 2.550003
26.435 , 83.15 , 80.56 , 2.590004
26.437 , 83.11 , 80.55 , 2.559998
26.438 , 83.11 , 80.55 , 2.559998
26.44 , 83.15 , 80.54 , 2.610001
26.442 , 83.11 , 80.54 , 2.57
26.443 , 83.11 , 80.54 , 2.57
26.445 , 83.09 , 80.53 , 2.559998
26.446 , 83.09 , 80.53 , 2.559998
26.448 , 83.11 , 80.52 , 2.590004
26.45 , 83.09 , 80.51 , 2.579994
26.451 , 83.04 , 80.51 , 2.529999
26.453 , 83.09 , 80.51 , 2.579994
26.454 , 83.02 , 80.5 , 2.519997
26.456 , 83.02 , 80.5 , 2.519997
26.457 , 83.04 , 80.49 , 2.550003
26.459 , 83.02 , 80.49 , 2.529999
26.461 , 83.04 , 80.48 , 2.559998
26.462 , 83.02 , 80.48 , 2.539993
26.464 , 83.02 , 80.47 , 2.549995
26.465 , 82.99 , 80.47 , 2.519997
26.467 , 82.95 , 80.46 , 2.489998
26.469 , 82.99 , 80.46 , 2.529999
26.47 , 82.99 , 80.45 , 2.540001
26.472 , 82.99 , 80.45 , 2.540001
26.474 , 82.95 , 80.44 , 2.509995
26.475 , 82.88 , 80.44 , 2.439995
26.477 , 82.93 , 80.43 , 2.5
26.478 , 82.93 , 80.43 , 2.5
26.48 , 82.93 , 80.42 , 2.510002
26.481 , 82.93 , 80.42 , 2.510002
26.483 , 82.93 , 80.42 , 2.510002
26.484 , 82.88 , 80.41 , 2.469994
26.486 , 82.95 , 80.41 , 2.539993
26.488 , 82.93 , 80.4 , 2.529999
26.489 , 82.86 , 80.4 , 2.459999
26.491 , 82.88 , 80.39 , 2.489998
26.492 , 82.83 , 80.39 , 2.440002
26.494 , 82.88 , 80.38 , 2.5
26.496 , 82.88 , 80.38 , 2.5
26.497 , 82.83 , 80.37 , 2.459999
26.499 , 82.83 , 80.37 , 2.459999
26.5 , 82.83 , 80.36 , 2.470001
26.502 , 82.83 , 80.36 , 2.470001
26.503 , 82.86 , 80.36 , 2.5
26.505 , 82.79 , 80.35 , 2.440002
26.506 , 82.79 , 80.35 , 2.440002
26.508 , 82.76 , 80.34 , 2.420006
26.509 , 82.79 , 80.34 , 2.450005
26.511 , 82.79 , 80.33 , 2.459999
26.513 , 82.79 , 80.33 , 2.459999
26.514 , 82.76 , 80.32 , 2.440002
26.516 , 82.76 , 80.32 , 2.440002
26.517 , 82.76 , 80.31 , 2.450005
26.519 , 82.76 , 80.31 , 2.450005
26.52 , 82.76 , 80.31 , 2.450005
26.522 , 82.72 , 80.3 , 2.419998
26.523 , 82.72 , 80.3 , 2.419998
26.525 , 82.72 , 80.29 , 2.43
26.526 , 82.72 , 80.29 , 2.43
26.528 , 82.72 , 80.28 , 2.440002
26.529 , 82.65 , 80.28 , 2.370003
26.531 , 82.72 , 80.27 , 2.450005
26.533 , 82.72 , 80.27 , 2.450005
26.534 , 82.72 , 80.26 , 2.459999
26.536 , 82.7 , 80.26 , 2.439995
26.537 , 82.7 , 80.25 , 2.449997
26.539 , 82.65 , 80.25 , 2.400002
26.541 , 82.65 , 80.24 , 2.410004
26.542 , 82.7 , 80.24 , 2.459999
26.544 , 82.7 , 80.23 , 2.469994
26.545 , 82.7 , 80.23 , 2.469994
26.547 , 82.65 , 80.22 , 2.43
26.548 , 82.7 , 80.22 , 2.479996
26.55 , 82.72 , 80.22 , 2.5
26.551 , 82.72 , 80.21 , 2.510002
26.553 , 82.7 , 80.21 , 2.489998
26.555 , 82.76 , 80.2 , 2.560005
26.556 , 82.79 , 80.2 , 2.590004
26.558 , 82.79 , 80.19 , 2.599998
26.559 , 82.83 , 80.19 , 2.639999
26.561 , 82.86 , 80.18 , 2.68
26.562 , 82.88 , 80.18 , 2.699997
26.564 , 82.88 , 80.17 , 2.709999
26.566 , 82.93 , 80.17 , 2.760002
26.567 , 82.95 , 80.16 , 2.789993
26.569 , 83.04 , 80.16 , 2.879997
26.57 , 83.04 , 80.16 , 2.879997
26.572 , 83.09 , 80.15 , 2.939995
26.574 , 83.11 , 80.14 , 2.970001
26.575 , 83.18 , 80.14 , 3.040001
26.577 , 83.25 , 80.13 , 3.120003
26.578 , 83.27 , 80.13 , 3.139999
26.58 , 83.31 , 80.13 , 3.18
26.582 , 83.38 , 80.12 , 3.259995
26.583 , 83.41 , 80.12 , 3.290001
26.585 , 83.41 , 80.11 , 3.300003
26.586 , 83.43 , 80.11 , 3.32
26.588 , 83.54 , 80.1 , 3.440002
26.589 , 83.59 , 80.1 , 3.489998
26.591 , 83.59 , 80.09 , 3.5
26.593 , 83.63 , 80.09 , 3.540001
26.594 , 83.66 , 80.08 , 3.580002
26.596 , 83.7 , 80.08 , 3.619995
26.597 , 83.7 , 80.07 , 3.629997
26.599 , 83.77 , 80.07 , 3.699997
26.601 , 83.79 , 80.06 , 3.730003
26.602 , 83.82 , 80.06 , 3.760002
26.604 , 83.86 , 80.05 , 3.809998
26.605 , 83.89 , 80.05 , 3.839996
26.607 , 83.89 , 80.05 , 3.839996
26.609 , 83.93 , 80.04 , 3.889999
26.61 , 83.93 , 80.04 , 3.889999
26.612 , 83.93 , 80.03 , 3.900002
26.613 , 83.96 , 80.03 , 3.93
26.615 , 83.98 , 80.02 , 3.960007
26.616 , 83.96 , 80.02 , 3.940002
26.618 , 83.98 , 80.01 , 3.970001
26.62 , 83.98 , 80.01 , 3.970001
26.621 , 83.98 , 80.0 , 3.980003
26.623 , 83.98 , 80.0 , 3.980003
26.624 , 84.02 , 79.99 , 4.029999
26.626 , 83.96 , 79.99 , 3.970001
26.627 , 84.02 , 79.99 , 4.029999
26.629 , 84.02 , 79.98 , 4.039993
26.631 , 84.02 , 79.97 , 4.049995
26.632 , 84.02 , 79.97 , 4.049995
26.634 , 84.02 , 79.96 , 4.059998
26.636 , 84.02 , 79.96 , 4.059998
26.637 , 84.02 , 79.96 , 4.059998
26.639 , 84.02 , 79.95 , 4.07
26.641 , 84.02 , 79.94 , 4.079994
26.642 , 83.98 , 79.94 , 4.040001
26.644 , 83.96 , 79.93 , 4.029999
26.645 , 83.96 , 79.93 , 4.029999
26.647 , 83.98 , 79.93 , 4.050003
26.648 , 83.98 , 79.92 , 4.060005
26.65 , 83.96 , 79.92 , 4.040001
26.652 , 83.96 , 79.91 , 4.049995
26.653 , 83.96 , 79.91 , 4.049995
26.655 , 83.93 , 79.9 , 4.029999
26.657 , 83.93 , 79.9 , 4.029999
26.658 , 83.93 , 79.89 , 4.040001
26.66 , 83.89 , 79.89 , 4.0
26.661 , 83.89 , 79.88 , 4.010002
26.663 , 83.86 , 79.88 , 3.980003
26.665 , 83.86 , 79.87 , 3.989998
26.666 , 83.86 , 79.87 , 3.989998
26.668 , 83.89 , 79.86 , 4.029999
26.669 , 83.89 , 79.86 , 4.029999
26.671 , 83.86 , 79.85 , 4.010002
26.673 , 83.86 , 79.85 , 4.010002
26.674 , 83.86 , 79.84 , 4.020004
26.676 , 83.82 , 79.84 , 3.980003
26.677 , 83.79 , 79.84 , 3.950005
26.679 , 83.79 , 79.83 , 3.959999
26.681 , 83.82 , 79.82 , 4.0
26.682 , 83.79 , 79.82 , 3.970001
26.684 , 83.79 , 79.81 , 3.980003
26.685 , 83.79 , 79.81 , 3.980003
26.687 , 83.77 , 79.81 , 3.959999
26.689 , 83.77 , 79.8 , 3.969994
26.69 , 83.77 , 79.8 , 3.969994
26.692 , 83.73 , 79.79 , 3.940002
26.694 , 83.7 , 79.78 , 3.919998
26.695 , 83.7 , 79.78 , 3.919998
26.697 , 83.63 , 79.78 , 3.849998
26.699 , 83.66 , 79.77 , 3.890007
26.7 , 83.66 , 79.77 , 3.890007
26.702 , 83.66 , 79.76 , 3.900002
26.703 , 83.59 , 79.76 , 3.829994
26.705 , 83.63 , 79.75 , 3.879997
26.707 , 83.59 , 79.75 , 3.839996
26.708 , 83.57 , 79.74 , 3.830002
26.71 , 83.63 , 79.74 , 3.889999
26.712 , 83.59 , 79.73 , 3.859993
26.713 , 83.59 , 79.73 , 3.859993
26.715 , 83.57 , 79.72 , 3.849998
26.716 , 83.54 , 79.72 , 3.82
26.718 , 83.54 , 79.71 , 3.830002
26.72 , 83.5 , 79.71 , 3.790001
26.721 , 83.54 , 79.7 , 3.840004
26.723 , 83.5 , 79.7 , 3.800003
26.724 , 83.47 , 79.7 , 3.770004
26.726 , 83.5 , 79.69 , 3.809998
26.727 , 83.43 , 79.69 , 3.739998
26.729 , 83.47 , 79.68 , 3.790001
26.731 , 83.38 , 79.67 , 3.709999
26.732 , 83.41 , 79.67 , 3.740005
26.734 , 83.38 , 79.67 , 3.709999
26.736 , 83.38 , 79.66 , 3.719994
26.737 , 83.38 , 79.66 , 3.719994
26.739 , 83.34 , 79.65 , 3.689995
26.74 , 83.34 , 79.65 , 3.689995
26.742 , 83.31 , 79.64 , 3.669998
26.744 , 83.31 , 79.64 , 3.669998
26.745 , 83.27 , 79.63 , 3.639999
26.747 , 83.25 , 79.63 , 3.620003
26.749 , 83.25 , 79.62 , 3.629997
26.75 , 83.27 , 79.62 , 3.649994
26.752 , 83.22 , 79.61 , 3.610001
26.753 , 83.25 , 79.61 , 3.639999
26.755 , 83.22 , 79.6 , 3.620003
26.756 , 83.22 , 79.6 , 3.620003
26.758 , 83.18 , 79.59 , 3.590004
26.76 , 83.18 , 79.59 , 3.590004
26.761 , 83.15 , 79.58 , 3.57
26.763 , 83.11 , 79.58 , 3.529999
26.764 , 83.11 , 79.58 , 3.529999
26.766 , 83.09 , 79.57 , 3.519997
26.768 , 83.04 , 79.56 , 3.480003
26.769 , 83.09 , 79.56 , 3.529999
26.771 , 83.04 , 79.55 , 3.489998
26.773 , 82.99 , 79.55 , 3.439995
26.774 , 82.99 , 79.55 , 3.439995
26.776 , 82.95 , 79.54 , 3.409996
26.777 , 82.95 , 79.54 , 3.409996
26.779 , 82.95 , 79.53 , 3.419998
26.781 , 82.93 , 79.52 , 3.410004
26.782 , 82.93 , 79.52 , 3.410004
26.784 , 82.88 , 79.52 , 3.360001
26.785 , 82.88 , 79.51 , 3.369995
26.787 , 82.86 , 79.51 , 3.349998
26.789 , 82.86 , 79.5 , 3.360001
26.79 , 82.83 , 79.5 , 3.330002
26.792 , 82.83 , 79.49 , 3.340004
26.793 , 82.79 , 79.49 , 3.300003
26.795 , 82.79 , 79.48 , 3.309998
26.797 , 82.76 , 79.48 , 3.279999
26.798 , 82.79 , 79.47 , 3.32
26.8 , 82.72 , 79.47 , 3.25
26.801 , 82.72 , 79.47 , 3.25
26.803 , 82.72 , 79.46 , 3.260002
26.804 , 82.72 , 79.46 , 3.260002
26.806 , 82.7 , 79.45 , 3.25
26.808 , 82.7 , 79.44 , 3.259995
26.809 , 82.65 , 79.44 , 3.209999
26.811 , 82.65 , 79.44 , 3.209999
26.812 , 82.65 , 79.43 , 3.220001
26.814 , 82.65 , 79.43 , 3.220001
26.815 , 82.63 , 79.42 , 3.209999
26.817 , 82.63 , 79.42 , 3.209999
26.819 , 82.63 , 79.41 , 3.219994
26.82 , 82.6 , 79.41 , 3.189995
26.822 , 82.6 , 79.4 , 3.199997
26.823 , 82.6 , 79.4 , 3.199997
26.825 , 82.6 , 79.39 , 3.209999
26.827 , 82.56 , 79.39 , 3.169998
26.828 , 82.56 , 79.38 , 3.18
26.83 , 82.54 , 79.38 , 3.160004
26.832 , 82.56 , 79.37 , 3.189995
26.833 , 82.56 , 79.37 , 3.189995
26.835 , 82.56 , 79.36 , 3.199997
26.836 , 82.49 , 79.36 , 3.129997
26.838 , 82.49 , 79.35 , 3.139999
26.84 , 82.49 , 79.35 , 3.139999
26.841 , 82.49 , 79.35 , 3.139999
26.843 , 82.49 , 79.34 , 3.150002
26.845 , 82.47 , 79.33 , 3.139999
26.846 , 82.49 , 79.33 , 3.159996
26.848 , 82.49 , 79.32 , 3.169998
26.849 , 82.49 , 79.32 , 3.169998
26.851 , 82.44 , 79.32 , 3.120003
26.853 , 82.47 , 79.31 , 3.160004
26.854 , 82.49 , 79.31 , 3.18
26.856 , 82.47 , 79.3 , 3.169998
26.857 , 82.44 , 79.3 , 3.139999
26.859 , 82.44 , 79.29 , 3.150002
26.86 , 82.4 , 79.29 , 3.110001
26.862 , 82.4 , 79.28 , 3.120003
26.864 , 82.44 , 79.28 , 3.160004
26.865 , 82.4 , 79.27 , 3.130005
26.867 , 82.44 , 79.27 , 3.170006
26.868 , 82.4 , 79.26 , 3.139999
26.87 , 82.4 , 79.26 , 3.139999
26.871 , 82.4 , 79.26 , 3.139999
26.873 , 82.38 , 79.25 , 3.129997
26.875 , 82.38 , 79.24 , 3.139999
26.876 , 82.38 , 79.24 , 3.139999
26.878 , 82.38 , 79.23 , 3.149994
26.879 , 82.38 , 79.23 , 3.149994
26.881 , 82.44 , 79.23 , 3.209999
26.883 , 82.38 , 79.22 , 3.159996
26.884 , 82.38 , 79.22 , 3.159996
26.886 , 82.38 , 79.21 , 3.169998
26.888 , 82.33 , 79.2 , 3.130005
26.889 , 82.38 , 79.2 , 3.18
26.891 , 82.31 , 79.2 , 3.110001
26.892 , 82.31 , 79.19 , 3.119995
26.894 , 82.33 , 79.19 , 3.139999
26.896 , 82.31 , 79.18 , 3.129997
26.897 , 82.31 , 79.18 , 3.129997
26.899 , 82.31 , 79.17 , 3.139999
26.9 , 82.33 , 79.17 , 3.160004
26.902 , 82.31 , 79.16 , 3.149994
26.904 , 82.31 , 79.16 , 3.149994
26.905 , 82.33 , 79.15 , 3.18
26.907 , 82.28 , 79.15 , 3.129997
26.908 , 82.31 , 79.15 , 3.159996
26.91 , 82.31 , 79.14 , 3.169998
26.912 , 82.28 , 79.13 , 3.150002
26.913 , 82.28 , 79.13 , 3.150002
26.915 , 82.24 , 79.12 , 3.119995
26.916 , 82.24 , 79.12 , 3.119995
26.918 , 82.24 , 79.12 , 3.119995
26.92 , 82.24 , 79.11 , 3.129997
26.921 , 82.24 , 79.11 , 3.129997
26.931 , 82.22 , 79.08 , 3.139999
26.933 , 82.17 , 79.07 , 3.099998
26.934 , 82.17 , 79.07 , 3.099998
26.936 , 82.17 , 79.06 , 3.110001
26.938 , 82.17 , 79.06 , 3.110001
26.939 , 82.17 , 79.05 , 3.119995
26.941 , 82.17 , 79.05 , 3.119995
26.942 , 82.15 , 79.04 , 3.110001
26.944 , 82.17 , 79.04 , 3.129997
26.945 , 82.15 , 79.03 , 3.120003
26.947 , 82.15 , 79.03 , 3.120003
26.949 , 82.1 , 79.02 , 3.080002
26.95 , 82.1 , 79.02 , 3.080002
26.952 , 82.1 , 79.01 , 3.089996
26.954 , 82.15 , 79.01 , 3.139999
26.955 , 82.08 , 79.0 , 3.080002
26.957 , 82.08 , 79.0 , 3.080002
26.958 , 82.1 , 79.0 , 3.099998
26.96 , 82.08 , 78.99 , 3.090004
26.961 , 82.06 , 78.99 , 3.07
26.963 , 82.08 , 78.98 , 3.099998
26.965 , 82.08 , 78.97 , 3.110001
26.966 , 82.06 , 78.97 , 3.089996
26.968 , 82.06 , 78.97 , 3.089996
26.969 , 82.06 , 78.96 , 3.099998
26.971 , 82.01 , 78.96 , 3.050003
26.973 , 81.99 , 78.95 , 3.040001
26.974 , 82.01 , 78.95 , 3.060005
26.976 , 81.94 , 78.94 , 3.0
26.977 , 82.01 , 78.94 , 3.07
26.979 , 82.01 , 78.93 , 3.080002
26.98 , 81.94 , 78.93 , 3.010002
26.982 , 81.94 , 78.92 , 3.020004
26.984 , 81.92 , 78.92 , 3.0
26.985 , 81.94 , 78.91 , 3.029999
26.987 , 81.92 , 78.91 , 3.009995
26.988 , 81.94 , 78.91 , 3.029999
26.99 , 81.92 , 78.9 , 3.019997
26.992 , 81.92 , 78.89 , 3.029999
26.993 , 81.92 , 78.89 , 3.029999
26.995 , 81.9 , 78.88 , 3.020004
26.996 , 81.92 , 78.88 , 3.040001
26.998 , 81.9 , 78.88 , 3.020004
27.0 , 81.9 , 78.87 , 3.029999
27.001 , 81.83 , 78.87 , 2.959999
27.003 , 81.85 , 78.86 , 2.989998
27.004 , 81.85 , 78.86 , 2.989998
27.006 , 81.85 , 78.85 , 3.0
27.008 , 81.83 , 78.85 , 2.980003
27.009 , 81.83 , 78.84 , 2.990005
27.011 , 81.83 , 78.84 , 2.990005
27.012 , 81.78 , 78.83 , 2.949997
27.014 , 81.78 , 78.83 , 2.949997
27.016 , 81.78 , 78.82 , 2.959999
27.017 , 81.76 , 78.82 , 2.940002
27.019 , 81.76 , 78.81 , 2.950005
27.021 , 81.76 , 78.81 , 2.950005
27.022 , 81.71 , 78.8 , 2.909996
27.024 , 81.71 , 78.8 , 2.909996
27.025 , 81.76 , 78.8 , 2.959999
27.027 , 81.71 , 78.79 , 2.919998
27.029 , 81.71 , 78.78 , 2.93
27.03 , 81.71 , 78.78 , 2.93
27.032 , 81.71 , 78.77 , 2.940002
27.033 , 81.71 , 78.77 , 2.940002
27.035 , 81.69 , 78.77 , 2.920006
27.036 , 81.67 , 78.76 , 2.909996
27.038 , 81.69 , 78.76 , 2.93
27.04 , 81.67 , 78.75 , 2.919998
27.041 , 81.67 , 78.75 , 2.919998
27.043 , 81.67 , 78.74 , 2.93
27.044 , 81.62 , 78.74 , 2.880005
27.046 , 81.62 , 78.73 , 2.889999
27.048 , 81.6 , 78.73 , 2.869995
27.049 , 81.6 , 78.72 , 2.879997
27.051 , 81.6 , 78.72 , 2.879997
27.053 , 81.62 , 78.71 , 2.910004
27.054 , 81.55 , 78.71 , 2.840004
27.056 , 81.62 , 78.7 , 2.920006
27.057 , 81.55 , 78.7 , 2.850006
27.059 , 81.6 , 78.69 , 2.909996
27.06 , 81.55 , 78.69 , 2.860001
27.062 , 81.55 , 78.68 , 2.870003
27.064 , 81.55 , 78.68 , 2.870003
27.065 , 81.51 , 78.68 , 2.830002
27.067 , 81.48 , 78.67 , 2.810005
27.068 , 81.48 , 78.67 , 2.810005
27.07 , 81.51 , 78.66 , 2.849998
27.071 , 81.48 , 78.66 , 2.82
27.073 , 81.48 , 78.65 , 2.830002
27.075 , 81.44 , 78.65 , 2.790001
27.076 , 81.44 , 78.64 , 2.800003
27.078 , 81.48 , 78.64 , 2.840004
27.079 , 81.44 , 78.63 , 2.810005
27.081 , 81.48 , 78.63 , 2.850006
27.082 , 81.41 , 78.62 , 2.790001
27.084 , 81.44 , 78.62 , 2.82
27.085 , 81.37 , 78.62 , 2.75
27.087 , 81.37 , 78.61 , 2.760002
27.089 , 81.41 , 78.6 , 2.810005
27.09 , 81.41 , 78.6 , 2.810005
27.092 , 81.37 , 78.59 , 2.780006
27.093 , 81.37 , 78.59 , 2.780006
27.095 , 81.35 , 78.59 , 2.760002
27.097 , 81.37 , 78.58 , 2.790001
27.098 , 81.35 , 78.58 , 2.769997
27.1 , 81.35 , 78.57 , 2.779999
27.101 , 81.32 , 78.57 , 2.75
27.103 , 81.32 , 78.56 , 2.760002
27.105 , 81.35 , 78.56 , 2.790001
27.106 , 81.32 , 78.55 , 2.769997
27.108 , 81.32 , 78.55 , 2.769997
27.109 , 81.28 , 78.54 , 2.739998
27.111 , 81.28 , 78.54 , 2.739998
27.113 , 81.28 , 78.53 , 2.75
27.114 , 81.28 , 78.53 , 2.75
27.116 , 81.25 , 78.52 , 2.730003
27.117 , 81.32 , 78.52 , 2.800003
27.119 , 81.21 , 78.51 , 2.699997
27.121 , 81.25 , 78.51 , 2.739998
27.122 , 81.28 , 78.51 , 2.769997
27.124 , 81.25 , 78.5 , 2.75
27.125 , 81.25 , 78.5 , 2.75
27.127 , 81.25 , 78.49 , 2.760002
27.128 , 81.21 , 78.49 , 2.720001
27.13 , 81.21 , 78.48 , 2.729996
27.131 , 81.19 , 78.48 , 2.709999
27.133 , 81.19 , 78.47 , 2.720001
27.135 , 81.21 , 78.47 , 2.739998
27.136 , 81.19 , 78.46 , 2.730003
27.138 , 81.14 , 78.46 , 2.68
27.139 , 81.19 , 78.45 , 2.740005
27.141 , 81.19 , 78.45 , 2.740005
27.143 , 81.19 , 78.44 , 2.75
27.144 , 81.14 , 78.44 , 2.699997
27.146 , 81.14 , 78.43 , 2.709999
27.147 , 81.14 , 78.43 , 2.709999
27.149 , 81.12 , 78.42 , 2.700005
27.15 , 81.12 , 78.42 , 2.700005
27.152 , 81.14 , 78.42 , 2.720001
27.154 , 81.09 , 78.41 , 2.679993
27.155 , 81.12 , 78.41 , 2.709999
27.157 , 81.14 , 78.4 , 2.739998
27.158 , 81.12 , 78.4 , 2.720001
27.16 , 81.12 , 78.39 , 2.730003
27.161 , 81.09 , 78.39 , 2.699997
27.163 , 81.12 , 78.38 , 2.740005
27.165 , 81.12 , 78.38 , 2.740005
27.166 , 81.09 , 78.37 , 2.719994
27.168 , 81.09 , 78.37 , 2.719994
27.17 , 81.05 , 78.36 , 2.690002
27.171 , 81.05 , 78.36 , 2.690002
27.173 , 81.09 , 78.35 , 2.739998
27.174 , 81.05 , 78.35 , 2.700005
27.176 , 81.05 , 78.34 , 2.710007
27.177 , 81.05 , 78.34 , 2.710007
27.179 , 81.05 , 78.33 , 2.720001
27.18 , 81.05 , 78.33 , 2.720001
27.182 , 81.03 , 78.33 , 2.699997
27.183 , 81.03 , 78.32 , 2.709999
27.185 , 81.03 , 78.32 , 2.709999
27.187 , 81.03 , 78.31 , 2.720001
27.188 , 80.98 , 78.31 , 2.670006
27.19 , 80.98 , 78.3 , 2.68
27.191 , 81.03 , 78.3 , 2.729996
27.193 , 80.98 , 78.29 , 2.690002
27.195 , 81.03 , 78.29 , 2.739998
27.196 , 81.03 , 78.28 , 2.75
27.198 , 80.96 , 78.28 , 2.68
27.2 , 80.96 , 78.27 , 2.690002
27.201 , 80.98 , 78.27 , 2.710007
27.203 , 80.98 , 78.26 , 2.720001
27.204 , 80.98 , 78.26 , 2.720001
27.206 , 80.96 , 78.25 , 2.709999
27.207 , 80.96 , 78.25 , 2.709999
27.209 , 80.89 , 78.25 , 2.639999
27.211 , 80.93 , 78.24 , 2.690002
27.212 , 80.96 , 78.24 , 2.720001
27.214 , 80.96 , 78.23 , 2.729996
27.215 , 80.89 , 78.23 , 2.659996
27.217 , 80.93 , 78.22 , 2.709999
27.218 , 80.89 , 78.22 , 2.669998
27.22 , 80.93 , 78.21 , 2.720001
27.222 , 80.89 , 78.21 , 2.68
27.223 , 80.87 , 78.2 , 2.670006
27.225 , 80.89 , 78.2 , 2.690002
27.226 , 80.89 , 78.19 , 2.699997
27.228 , 80.89 , 78.19 , 2.699997
27.23 , 80.87 , 78.18 , 2.690002
27.231 , 80.89 , 78.18 , 2.709999
27.233 , 80.87 , 78.17 , 2.700005
27.234 , 80.89 , 78.17 , 2.720001
27.236 , 80.89 , 78.16 , 2.729996
27.238 , 80.87 , 78.16 , 2.709999
27.239 , 80.87 , 78.16 , 2.709999
27.241 , 80.87 , 78.15 , 2.720001
27.242 , 80.87 , 78.15 , 2.720001
27.244 , 80.82 , 78.14 , 2.68
27.245 , 80.87 , 78.14 , 2.730003
27.247 , 80.8 , 78.13 , 2.670006
27.249 , 80.82 , 78.13 , 2.690002
27.25 , 80.82 , 78.12 , 2.699997
27.252 , 80.82 , 78.12 , 2.699997
27.253 , 80.82 , 78.11 , 2.709999
27.255 , 80.8 , 78.11 , 2.690002
27.257 , 80.82 , 78.1 , 2.720001
27.258 , 80.8 , 78.1 , 2.700005
27.26 , 80.77 , 78.09 , 2.68
27.261 , 80.73 , 78.09 , 2.640007
27.263 , 80.73 , 78.08 , 2.650002
27.264 , 80.73 , 78.08 , 2.650002
27.266 , 80.77 , 78.07 , 2.699997
27.268 , 80.7 , 78.07 , 2.629997
27.269 , 80.7 , 78.07 , 2.629997
27.271 , 80.73 , 78.06 , 2.670006
27.273 , 80.7 , 78.05 , 2.649994
27.274 , 80.7 , 78.05 , 2.649994
27.276 , 80.66 , 78.04 , 2.620003
27.277 , 80.7 , 78.04 , 2.659996
27.279 , 80.7 , 78.04 , 2.659996
27.281 , 80.66 , 78.03 , 2.630005
27.282 , 80.66 , 78.03 , 2.630005
27.284 , 80.66 , 78.02 , 2.640007
27.285 , 80.64 , 78.02 , 2.620003
27.287 , 80.64 , 78.01 , 2.629997
27.289 , 80.64 , 78.01 , 2.629997
27.29 , 80.59 , 78.0 , 2.589996
27.292 , 80.64 , 78.0 , 2.639999
27.293 , 80.57 , 77.99 , 2.580002
27.295 , 80.57 , 77.99 , 2.580002
27.297 , 80.57 , 77.98 , 2.589996
27.298 , 80.54 , 77.98 , 2.559998
27.3 , 80.59 , 77.97 , 2.619995
27.302 , 80.59 , 77.97 , 2.619995
27.303 , 80.57 , 77.96 , 2.610001
27.305 , 80.59 , 77.96 , 2.629997
27.306 , 80.54 , 77.96 , 2.580002
27.308 , 80.54 , 77.95 , 2.590004
27.31 , 80.54 , 77.94 , 2.599998
27.311 , 80.54 , 77.94 , 2.599998
27.313 , 80.5 , 77.93 , 2.57
27.314 , 80.5 , 77.93 , 2.57
27.316 , 80.5 , 77.93 , 2.57
27.317 , 80.48 , 77.92 , 2.560005
27.319 , 80.5 , 77.92 , 2.580002
27.321 , 80.5 , 77.91 , 2.589996
27.322 , 80.48 , 77.91 , 2.57
27.324 , 80.5 , 77.9 , 2.599998
27.325 , 80.48 , 77.9 , 2.580002
27.327 , 80.43 , 77.89 , 2.540001
27.328 , 80.43 , 77.89 , 2.540001
27.33 , 80.43 , 77.88 , 2.550003
27.332 , 80.43 , 77.88 , 2.550003
27.333 , 80.41 , 77.87 , 2.540001
27.335 , 80.41 , 77.87 , 2.540001
27.336 , 80.41 , 77.87 , 2.540001
27.338 , 80.41 , 77.86 , 2.550003
27.339 , 80.41 , 77.86 , 2.550003
27.341 , 80.41 , 77.85 , 2.560005
27.342 , 80.41 , 77.85 , 2.560005
27.344 , 80.38 , 77.84 , 2.540001
27.346 , 80.41 , 77.84 , 2.570007
27.347 , 80.38 , 77.83 , 2.549995
27.349 , 80.38 , 77.83 , 2.549995
27.35 , 80.38 , 77.82 , 2.559998
27.352 , 80.38 , 77.82 , 2.559998
27.354 , 80.38 , 77.81 , 2.57
27.355 , 80.34 , 77.81 , 2.529999
27.357 , 80.41 , 77.8 , 2.610001
27.358 , 80.34 , 77.8 , 2.539993
27.36 , 80.38 , 77.79 , 2.589996
27.362 , 80.34 , 77.79 , 2.549995
27.363 , 80.38 , 77.78 , 2.599998
27.365 , 80.34 , 77.78 , 2.559998
27.367 , 80.38 , 77.77 , 2.610001
27.368 , 80.38 , 77.77 , 2.610001
27.37 , 80.34 , 77.76 , 2.579994
27.371 , 80.34 , 77.76 , 2.579994
27.373 , 80.34 , 77.75 , 2.589996
27.375 , 80.34 , 77.75 , 2.589996
27.376 , 80.38 , 77.75 , 2.629997
27.378 , 80.38 , 77.74 , 2.639999
27.379 , 80.41 , 77.74 , 2.670006
27.381 , 80.41 , 77.73 , 2.68
27.383 , 80.41 , 77.72 , 2.690002
27.384 , 80.43 , 77.72 , 2.709999
27.386 , 80.43 , 77.72 , 2.709999
27.387 , 80.48 , 77.71 , 2.770004
27.389 , 80.48 , 77.71 , 2.770004
27.39 , 80.57 , 77.7 , 2.870003
27.392 , 80.54 , 77.7 , 2.840004
27.394 , 80.57 , 77.69 , 2.879997
27.395 , 80.59 , 77.69 , 2.899994
27.397 , 80.64 , 77.68 , 2.959999
27.399 , 80.7 , 77.68 , 3.019997
27.4 , 80.73 , 77.67 , 3.060005
27.402 , 80.77 , 77.67 , 3.099998
27.404 , 80.8 , 77.66 , 3.139999
27.405 , 80.82 , 77.66 , 3.159996
27.407 , 80.89 , 77.65 , 3.239998
27.408 , 80.89 , 77.65 , 3.239998
27.41 , 80.96 , 77.64 , 3.32
27.412 , 80.96 , 77.64 , 3.32
27.413 , 81.03 , 77.64 , 3.389999
27.415 , 81.05 , 77.63 , 3.420006
27.416 , 81.05 , 77.63 , 3.420006
27.418 , 81.09 , 77.62 , 3.469994
27.42 , 81.12 , 77.61 , 3.510002
27.421 , 81.14 , 77.61 , 3.529999
27.423 , 81.19 , 77.61 , 3.580002
27.424 , 81.21 , 77.6 , 3.610001
27.426 , 81.21 , 77.6 , 3.610001
27.427 , 81.25 , 77.59 , 3.660004
27.429 , 81.25 , 77.59 , 3.660004
27.431 , 81.25 , 77.58 , 3.669998
27.432 , 81.28 , 77.58 , 3.699997
27.434 , 81.28 , 77.57 , 3.709999
27.435 , 81.28 , 77.57 , 3.709999
27.437 , 81.28 , 77.56 , 3.720001
27.439 , 81.35 , 77.56 , 3.790001
27.44 , 81.35 , 77.55 , 3.799995
27.442 , 81.35 , 77.55 , 3.799995
27.444 , 81.35 , 77.54 , 3.809998
27.445 , 81.37 , 77.54 , 3.830002
27.447 , 81.35 , 77.53 , 3.82
27.448 , 81.37 , 77.53 , 3.840004
27.45 , 81.35 , 77.52 , 3.830002
27.452 , 81.37 , 77.52 , 3.850006
27.453 , 81.37 , 77.52 , 3.850006
27.455 , 81.37 , 77.51 , 3.860001
27.456 , 81.41 , 77.51 , 3.900002
27.458 , 81.37 , 77.5 , 3.870003
27.459 , 81.35 , 77.5 , 3.849998
27.461 , 81.37 , 77.49 , 3.880005
27.463 , 81.37 , 77.49 , 3.880005
27.464 , 81.37 , 77.48 , 3.889999
27.466 , 81.41 , 77.48 , 3.93
27.467 , 81.41 , 77.47 , 3.940002
27.469 , 81.37 , 77.47 , 3.900002
27.47 , 81.41 , 77.46 , 3.950005
27.472 , 81.37 , 77.46 , 3.910004
27.474 , 81.41 , 77.45 , 3.960007
27.475 , 81.41 , 77.45 , 3.960007
27.477 , 81.37 , 77.44 , 3.93
27.478 , 81.37 , 77.44 , 3.93
27.48 , 81.41 , 77.43 , 3.980003
27.481 , 81.37 , 77.43 , 3.940002
27.483 , 81.35 , 77.43 , 3.919998
27.485 , 81.37 , 77.42 , 3.950005
27.486 , 81.35 , 77.42 , 3.93
27.488 , 81.35 , 77.41 , 3.939995
27.489 , 81.35 , 77.41 , 3.939995
27.491 , 81.35 , 77.4 , 3.949997
27.493 , 81.32 , 77.4 , 3.919998
27.494 , 81.35 , 77.39 , 3.959999
27.496 , 81.35 , 77.39 , 3.959999
27.498 , 81.35 , 77.38 , 3.970001
27.499 , 81.32 , 77.38 , 3.940002
27.501 , 81.35 , 77.37 , 3.979996
27.502 , 81.28 , 77.37 , 3.909996
27.504 , 81.32 , 77.36 , 3.959999
27.506 , 81.28 , 77.36 , 3.919998
27.507 , 81.28 , 77.35 , 3.93
27.509 , 81.25 , 77.35 , 3.900002
27.51 , 81.25 , 77.35 , 3.900002
27.512 , 81.25 , 77.34 , 3.910004
27.513 , 81.21 , 77.34 , 3.870003
27.515 , 81.25 , 77.33 , 3.919998
27.517 , 81.19 , 77.32 , 3.870003
27.518 , 81.19 , 77.32 , 3.870003
27.52 , 81.21 , 77.32 , 3.889999
27.522 , 81.19 , 77.31 , 3.880005
27.523 , 81.19 , 77.31 , 3.880005
27.525 , 81.19 , 77.3 , 3.889999
27.526 , 81.14 , 77.3 , 3.839996
27.528 , 81.12 , 77.29 , 3.830002
27.529 , 81.14 , 77.29 , 3.849998
27.531 , 81.12 , 77.28 , 3.840004
27.533 , 81.14 , 77.28 , 3.860001
27.534 , 81.09 , 77.27 , 3.82
27.536 , 81.09 , 77.27 , 3.82
27.538 , 81.09 , 77.26 , 3.829994
27.539 , 81.09 , 77.26 , 3.829994
27.541 , 81.05 , 77.25 , 3.800003
27.542 , 81.09 , 77.25 , 3.839996
27.544 , 81.03 , 77.24 , 3.790001
27.546 , 81.03 , 77.24 , 3.790001
27.547 , 80.98 , 77.23 , 3.75
27.549 , 80.98 , 77.23 , 3.75
27.55 , 80.98 , 77.23 , 3.75
27.552 , 80.96 , 77.22 , 3.739998
27.553 , 80.98 , 77.22 , 3.760002
27.555 , 80.93 , 77.21 , 3.720001
27.556 , 80.96 , 77.21 , 3.75
27.558 , 80.89 , 77.2 , 3.690002
27.56 , 80.93 , 77.2 , 3.730003
27.561 , 80.89 , 77.19 , 3.699997
27.563 , 80.87 , 77.19 , 3.68
27.564 , 80.82 , 77.18 , 3.639999
27.566 , 80.87 , 77.18 , 3.690002
27.568 , 80.8 , 77.17 , 3.630005
27.569 , 80.82 , 77.17 , 3.650002
27.571 , 80.8 , 77.16 , 3.639999
27.572 , 80.8 , 77.16 , 3.639999
27.574 , 80.77 , 77.15 , 3.619995
27.576 , 80.8 , 77.15 , 3.650002
27.577 , 80.77 , 77.14 , 3.629997
27.579 , 80.77 , 77.14 , 3.629997
27.58 , 80.73 , 77.14 , 3.590004
27.582 , 80.7 , 77.13 , 3.57
27.584 , 80.7 , 77.12 , 3.579994
27.585 , 80.7 , 77.12 , 3.579994
27.587 , 80.66 , 77.11 , 3.550003
27.589 , 80.66 , 77.11 , 3.550003
27.59 , 80.64 , 77.11 , 3.529999
27.592 , 80.64 , 77.1 , 3.540001
27.593 , 80.59 , 77.1 , 3.489998
27.595 , 80.59 , 77.09 , 3.5
27.597 , 80.59 , 77.08 , 3.509995
27.598 , 80.57 , 77.08 , 3.489998
27.6 , 80.57 , 77.08 , 3.489998
27.601 , 80.54 , 77.07 , 3.470001
27.603 , 80.54 , 77.07 , 3.470001
27.605 , 80.5 , 77.06 , 3.440002
27.606 , 80.5 , 77.06 , 3.440002
27.608 , 80.48 , 77.05 , 3.43
27.609 , 80.48 , 77.05 , 3.43
27.611 , 80.43 , 77.04 , 3.389999
27.612 , 80.43 , 77.04 , 3.389999
27.614 , 80.43 , 77.03 , 3.400002
27.615 , 80.43 , 77.03 , 3.400002
27.625 , 80.32 , 77.0 , 3.32
27.627 , 80.27 , 77.0 , 3.269997
27.628 , 80.25 , 76.99 , 3.260002
27.63 , 80.25 , 76.99 , 3.260002
27.632 , 80.25 , 76.98 , 3.269997
27.633 , 80.2 , 76.98 , 3.219994
27.635 , 80.2 , 76.97 , 3.229996
27.636 , 80.2 , 76.97 , 3.229996
27.638 , 80.2 , 76.96 , 3.239998
27.64 , 80.2 , 76.96 , 3.239998
27.641 , 80.18 , 76.95 , 3.230003
27.643 , 80.18 , 76.95 , 3.230003
27.644 , 80.18 , 76.94 , 3.239998
27.646 , 80.16 , 76.94 , 3.220001
27.648 , 80.18 , 76.93 , 3.25
27.649 , 80.16 , 76.93 , 3.230003
27.651 , 80.16 , 76.92 , 3.240005
27.652 , 80.16 , 76.92 , 3.240005
27.654 , 80.16 , 76.91 , 3.25
27.655 , 80.11 , 76.91 , 3.199997
27.657 , 80.11 , 76.91 , 3.199997
27.658 , 80.11 , 76.9 , 3.209999
27.66 , 80.11 , 76.9 , 3.209999
27.661 , 80.09 , 76.89 , 3.199997
27.663 , 80.11 , 76.89 , 3.220001
27.665 , 80.04 , 76.88 , 3.160004
27.666 , 80.09 , 76.88 , 3.209999
27.668 , 80.04 , 76.87 , 3.169998
27.669 , 80.04 , 76.87 , 3.169998
27.671 , 80.04 , 76.86 , 3.18
27.673 , 80.04 , 76.86 , 3.18
27.674 , 80.04 , 76.85 , 3.190002
27.676 , 80.02 , 76.85 , 3.169998
27.677 , 80.02 , 76.85 , 3.169998
27.679 , 80.0 , 76.84 , 3.160004
27.68 , 80.0 , 76.84 , 3.160004
27.682 , 80.02 , 76.83 , 3.189995
27.684 , 80.0 , 76.82 , 3.18
27.685 , 80.0 , 76.82 , 3.18
27.687 , 80.0 , 76.82 , 3.18
27.688 , 79.95 , 76.81 , 3.139999
27.69 , 79.95 , 76.81 , 3.139999
27.692 , 79.95 , 76.8 , 3.149994
27.693 , 79.95 , 76.8 , 3.149994
27.695 , 79.95 , 76.79 , 3.159996
27.697 , 79.95 , 76.79 , 3.159996
27.698 , 79.95 , 76.78 , 3.169998
27.7 , 79.95 , 76.78 , 3.169998
27.702 , 79.95 , 76.77 , 3.18
27.703 , 79.93 , 76.77 , 3.160004
27.705 , 79.93 , 76.76 , 3.169998
27.706 , 79.93 , 76.76 , 3.169998
27.708 , 79.88 , 76.75 , 3.129997
27.71 , 79.93 , 76.75 , 3.18
27.711 , 79.93 , 76.74 , 3.190002
27.713 , 79.88 , 76.74 , 3.139999
27.714 , 79.86 , 76.74 , 3.120003
27.716 , 79.93 , 76.73 , 3.199997
27.717 , 79.86 , 76.73 , 3.129997
27.719 , 79.93 , 76.72 , 3.209999
27.721 , 79.86 , 76.71 , 3.150002
27.722 , 79.86 , 76.71 , 3.150002
27.724 , 79.86 , 76.71 , 3.150002
27.725 , 79.86 , 76.7 , 3.160004
27.727 , 79.84 , 76.7 , 3.139999
27.729 , 79.84 , 76.69 , 3.149994
27.73 , 79.84 , 76.69 , 3.149994
27.732 , 79.86 , 76.68 , 3.18
27.733 , 79.84 , 76.68 , 3.159996
27.735 , 79.84 , 76.67 , 3.169998
27.737 , 79.84 , 76.67 , 3.169998
27.738 , 79.79 , 76.66 , 3.129997
27.74 , 79.79 , 76.66 , 3.129997
27.742 , 79.79 , 76.65 , 3.139999
27.743 , 79.79 , 76.65 , 3.139999
27.745 , 79.79 , 76.64 , 3.150002
27.746 , 79.79 , 76.64 , 3.150002
27.748 , 79.79 , 76.63 , 3.160004
27.749 , 79.79 , 76.63 , 3.160004
27.751 , 79.72 , 76.62 , 3.099998
27.753 , 79.72 , 76.62 , 3.099998
27.754 , 79.72 , 76.62 , 3.099998
27.756 , 79.77 , 76.61 , 3.159996
27.757 , 79.77 , 76.61 , 3.159996
27.759 , 79.72 , 76.6 , 3.120003
27.761 , 79.77 , 76.59 , 3.18
27.762 , 79.72 , 76.59 , 3.130005
27.764 , 79.72 , 76.59 , 3.130005
27.766 , 79.7 , 76.58 , 3.119995
27.767 , 79.7 , 76.58 , 3.119995
27.769 , 79.7 , 76.57 , 3.129997
27.77 , 79.7 , 76.57 , 3.129997
27.772 , 79.65 , 76.56 , 3.090004
27.774 , 79.65 , 76.56 , 3.090004
27.775 , 79.65 , 76.55 , 3.099998
27.777 , 79.61 , 76.55 , 3.059998
27.778 , 79.61 , 76.54 , 3.07
27.78 , 79.63 , 76.54 , 3.089996
27.782 , 79.61 , 76.53 , 3.080002
27.783 , 79.61 , 76.53 , 3.080002
27.785 , 79.61 , 76.52 , 3.090004
27.786 , 79.61 , 76.52 , 3.090004
27.788 , 79.61 , 76.51 , 3.099998
27.79 , 79.56 , 76.51 , 3.049995
27.791 , 79.61 , 76.5 , 3.110001
27.793 , 79.56 , 76.5 , 3.059998
27.794 , 79.54 , 76.5 , 3.040001
27.796 , 79.54 , 76.49 , 3.050003
27.798 , 79.54 , 76.48 , 3.059998
27.799 , 79.54 , 76.48 , 3.059998
27.801 , 79.54 , 76.48 , 3.059998
27.802 , 79.49 , 76.47 , 3.019997
27.804 , 79.54 , 76.47 , 3.07
27.805 , 79.49 , 76.46 , 3.029999
27.807 , 79.47 , 76.46 , 3.010002
27.809 , 79.47 , 76.45 , 3.020004
27.81 , 79.49 , 76.45 , 3.040001
27.812 , 79.47 , 76.44 , 3.029999
27.813 , 79.47 , 76.44 , 3.029999
27.815 , 79.45 , 76.43 , 3.019997
27.817 , 79.45 , 76.43 , 3.019997
27.818 , 79.45 , 76.42 , 3.029999
27.82 , 79.45 , 76.42 , 3.029999
27.822 , 79.45 , 76.41 , 3.039993
27.823 , 79.4 , 76.41 , 2.989998
27.825 , 79.45 , 76.4 , 3.049995
27.826 , 79.4 , 76.4 , 3.0
27.828 , 79.4 , 76.39 , 3.010002
27.829 , 79.38 , 76.39 , 2.989998
27.831 , 79.45 , 76.39 , 3.059998
27.833 , 79.4 , 76.38 , 3.020004
27.834 , 79.4 , 76.38 , 3.020004
27.836 , 79.38 , 76.37 , 3.009995
27.837 , 79.38 , 76.37 , 3.009995
27.839 , 79.33 , 76.36 , 2.970001
27.841 , 79.33 , 76.36 , 2.970001
27.842 , 79.33 , 76.35 , 2.980003
27.844 , 79.33 , 76.35 , 2.980003
27.845 , 79.31 , 76.34 , 2.970001
27.847 , 79.31 , 76.34 , 2.970001
27.849 , 79.33 , 76.33 , 3.0
27.85 , 79.29 , 76.33 , 2.959999
27.852 , 79.31 , 76.32 , 2.989998
27.853 , 79.29 , 76.32 , 2.970001
27.855 , 79.29 , 76.31 , 2.980003
27.856 , 79.31 , 76.31 , 3.0
27.858 , 79.24 , 76.3 , 2.939995
27.86 , 79.29 , 76.3 , 2.989998
27.861 , 79.24 , 76.3 , 2.939995
27.863 , 79.24 , 76.29 , 2.949997
27.865 , 79.22 , 76.28 , 2.940002
27.866 , 79.22 , 76.28 , 2.940002
27.868 , 79.22 , 76.27 , 2.950005
27.869 , 79.17 , 76.27 , 2.900002
27.871 , 79.17 , 76.27 , 2.900002
27.873 , 79.22 , 76.26 , 2.959999
27.874 , 79.22 , 76.26 , 2.959999
27.876 , 79.15 , 76.25 , 2.900002
27.877 , 79.22 , 76.25 , 2.970001
27.879 , 79.22 , 76.24 , 2.980003
27.88 , 79.22 , 76.24 , 2.980003
27.882 , 79.17 , 76.23 , 2.939995
27.884 , 79.22 , 76.23 , 2.989998
27.885 , 79.17 , 76.22 , 2.949997
27.887 , 79.15 , 76.22 , 2.93
27.888 , 79.15 , 76.21 , 2.940002
27.89 , 79.17 , 76.21 , 2.959999
27.892 , 79.15 , 76.2 , 2.950005
27.893 , 79.15 , 76.2 , 2.950005
27.895 , 79.1 , 76.19 , 2.909996
27.896 , 79.1 , 76.19 , 2.909996
27.898 , 79.1 , 76.18 , 2.919998
27.9 , 79.1 , 76.18 , 2.919998
27.901 , 79.1 , 76.18 , 2.919998
27.903 , 79.08 , 76.17 , 2.910004
27.905 , 79.08 , 76.16 , 2.919998
27.906 , 79.08 , 76.16 , 2.919998
27.908 , 79.08 , 76.16 , 2.919998
27.909 , 79.06 , 76.15 , 2.909996
27.911 , 79.08 , 76.15 , 2.93
27.912 , 79.06 , 76.14 , 2.919998
27.914 , 79.08 , 76.14 , 2.940002
27.916 , 79.01 , 76.13 , 2.880005
27.917 , 79.06 , 76.13 , 2.93
27.919 , 79.01 , 76.12 , 2.889999
27.92 , 79.01 , 76.12 , 2.889999
27.922 , 79.01 , 76.11 , 2.900002
27.923 , 79.01 , 76.11 , 2.900002
27.925 , 78.99 , 76.1 , 2.889999
27.927 , 79.01 , 76.1 , 2.910004
27.928 , 78.99 , 76.1 , 2.889999
27.93 , 78.99 , 76.09 , 2.900002
27.931 , 78.94 , 76.09 , 2.850006
27.933 , 78.92 , 76.08 , 2.839996
27.935 , 78.94 , 76.07 , 2.870003
27.936 , 78.94 , 76.07 , 2.870003
27.938 , 78.94 , 76.07 , 2.870003
27.94 , 78.92 , 76.06 , 2.860001
27.941 , 78.92 , 76.06 , 2.860001
27.943 , 78.94 , 76.05 , 2.889999
27.944 , 78.9 , 76.05 , 2.849998
27.946 , 78.9 , 76.04 , 2.860001
27.947 , 78.9 , 76.04 , 2.860001
27.949 , 78.9 , 76.03 , 2.870003
27.951 , 78.85 , 76.03 , 2.82
27.952 , 78.83 , 76.02 , 2.810005
27.954 , 78.9 , 76.02 , 2.880005
27.955 , 78.83 , 76.01 , 2.82
27.957 , 78.83 , 76.01 , 2.82
27.959 , 78.83 , 76.0 , 2.830002
27.96 , 78.83 , 76.0 , 2.830002
27.962 , 78.83 , 75.99 , 2.840004
27.963 , 78.78 , 75.99 , 2.790001
27.965 , 78.83 , 75.98 , 2.849998
27.967 , 78.78 , 75.98 , 2.799995
27.968 , 78.78 , 75.98 , 2.799995
27.97 , 78.78 , 75.97 , 2.809998
27.972 , 78.78 , 75.96 , 2.82
27.973 , 78.78 , 75.96 , 2.82
27.975 , 78.76 , 75.95 , 2.810005
27.977 , 78.71 , 75.95 , 2.760002
27.978 , 78.76 , 75.95 , 2.810005
27.98 , 78.71 , 75.94 , 2.769997
27.982 , 78.76 , 75.93 , 2.830002
27.983 , 78.76 , 75.93 , 2.830002
27.985 , 78.69 , 75.92 , 2.770004
27.986 , 78.71 , 75.92 , 2.790001
27.988 , 78.71 , 75.92 , 2.790001
27.99 , 78.71 , 75.91 , 2.799995
27.991 , 78.71 , 75.91 , 2.799995
27.993 , 78.69 , 75.9 , 2.790001
27.994 , 78.69 , 75.9 , 2.790001
27.996 , 78.69 , 75.89 , 2.800003
27.997 , 78.69 , 75.89 , 2.800003
27.999 , 78.67 , 75.88 , 2.790001
28.001 , 78.69 , 75.88 , 2.810005
28.002 , 78.67 , 75.87 , 2.799995
28.004 , 78.69 , 75.87 , 2.82
28.006 , 78.67 , 75.86 , 2.809998
28.007 , 78.67 , 75.86 , 2.809998
28.009 , 78.62 , 75.85 , 2.770004
28.01 , 78.62 , 75.85 , 2.770004
28.012 , 78.67 , 75.84 , 2.830002
28.014 , 78.62 , 75.84 , 2.780006
28.015 , 78.62 , 75.84 , 2.780006
28.017 , 78.67 , 75.83 , 2.839996
28.018 , 78.62 , 75.83 , 2.790001
28.02 , 78.62 , 75.82 , 2.800003
28.021 , 78.6 , 75.82 , 2.779999
28.023 , 78.62 , 75.81 , 2.810005
28.025 , 78.6 , 75.81 , 2.790001
28.026 , 78.62 , 75.8 , 2.82
28.028 , 78.55 , 75.8 , 2.75
28.03 , 78.55 , 75.79 , 2.760002
28.031 , 78.6 , 75.79 , 2.809998
28.033 , 78.55 , 75.78 , 2.770004
28.034 , 78.55 , 75.78 , 2.770004
28.036 , 78.55 , 75.77 , 2.780006
28.037 , 78.55 , 75.77 , 2.780006
28.039 , 78.55 , 75.76 , 2.790001
28.041 , 78.55 , 75.76 , 2.790001
28.042 , 78.55 , 75.75 , 2.800003
28.044 , 78.53 , 75.75 , 2.779999
28.045 , 78.6 , 75.75 , 2.849998
28.047 , 78.53 , 75.74 , 2.790001
28.048 , 78.53 , 75.74 , 2.790001
28.05 , 78.51 , 75.73 , 2.779999
28.052 , 78.51 , 75.72 , 2.790001
28.053 , 78.53 , 75.72 , 2.809998
28.055 , 78.53 , 75.72 , 2.809998
28.056 , 78.53 , 75.71 , 2.82
28.058 , 78.51 , 75.71 , 2.800003
28.06 , 78.46 , 75.7 , 2.760002
28.061 , 78.53 , 75.7 , 2.830002
28.063 , 78.46 , 75.69 , 2.769997
28.065 , 78.46 , 75.69 , 2.769997
28.066 , 78.46 , 75.68 , 2.779999
28.068 , 78.44 , 75.68 , 2.760002
28.069 , 78.46 , 75.67 , 2.790001
28.071 , 78.46 , 75.67 , 2.790001
28.073 , 78.44 , 75.66 , 2.779999
28.074 , 78.44 , 75.66 , 2.779999
28.076 , 78.46 , 75.65 , 2.809998
28.077 , 78.44 , 75.65 , 2.790001
28.079 , 78.44 , 75.64 , 2.800003
28.081 , 78.44 , 75.64 , 2.800003
28.082 , 78.44 , 75.63 , 2.810005
28.084 , 78.44 , 75.63 , 2.810005
28.085 , 78.37 , 75.63 , 2.740005
28.087 , 78.37 , 75.62 , 2.75
28.089 , 78.39 , 75.61 , 2.779999
28.09 , 78.35 , 75.61 , 2.739998
28.092 , 78.35 , 75.6 , 2.75
28.093 , 78.35 , 75.6 , 2.75
28.095 , 78.35 , 75.6 , 2.75
28.097 , 78.35 , 75.59 , 2.760002
28.098 , 78.35 , 75.59 , 2.760002
28.1 , 78.3 , 75.58 , 2.720001
28.101 , 78.3 , 75.58 , 2.720001
28.103 , 78.3 , 75.57 , 2.730003
28.104 , 78.3 , 75.57 , 2.730003
28.106 , 78.28 , 75.56 , 2.720001
28.108 , 78.3 , 75.56 , 2.740005
28.109 , 78.3 , 75.55 , 2.75
28.111 , 78.28 , 75.55 , 2.729996
28.112 , 78.3 , 75.55 , 2.75
28.114 , 78.23 , 75.54 , 2.690002
28.115 , 78.28 , 75.54 , 2.739998
28.117 , 78.28 , 75.53 , 2.75
28.119 , 78.28 , 75.52 , 2.760002
28.12 , 78.28 , 75.52 , 2.760002
28.122 , 78.21 , 75.52 , 2.690002
28.123 , 78.21 , 75.51 , 2.699997
28.125 , 78.21 , 75.51 , 2.699997
28.127 , 78.21 , 75.5 , 2.709999
28.128 , 78.21 , 75.5 , 2.709999
28.13 , 78.21 , 75.49 , 2.720001
28.131 , 78.23 , 75.49 , 2.740005
28.133 , 78.21 , 75.48 , 2.729996
28.135 , 78.16 , 75.48 , 2.68
28.136 , 78.16 , 75.47 , 2.690002
28.138 , 78.16 , 75.47 , 2.690002
28.139 , 78.14 , 75.46 , 2.68
28.141 , 78.16 , 75.46 , 2.700005
28.142 , 78.14 , 75.46 , 2.68
28.144 , 78.12 , 75.45 , 2.670006
28.146 , 78.16 , 75.44 , 2.720001
28.147 , 78.12 , 75.44 , 2.68
28.149 , 78.14 , 75.43 , 2.709999
28.15 , 78.14 , 75.43 , 2.709999
28.152 , 78.12 , 75.43 , 2.690002
28.153 , 78.14 , 75.42 , 2.720001
28.155 , 78.12 , 75.42 , 2.700005
28.157 , 78.12 , 75.41 , 2.709999
28.158 , 78.12 , 75.41 , 2.709999
28.16 , 78.12 , 75.4 , 2.720001
28.161 , 78.07 , 75.4 , 2.669998
28.163 , 78.07 , 75.39 , 2.68
28.164 , 78.05 , 75.39 , 2.660004
28.166 , 78.07 , 75.38 , 2.690002
28.168 , 78.07 , 75.38 , 2.690002
28.169 , 78.05 , 75.37 , 2.68
28.171 , 78.0 , 75.37 , 2.629997
28.172 , 78.0 , 75.37 , 2.629997
28.174 , 78.0 , 75.36 , 2.639999
28.176 , 78.0 , 75.35 , 2.650002
28.177 , 78.0 , 75.35 , 2.650002
28.179 , 78.0 , 75.34 , 2.660004
28.18 , 78.0 , 75.34 , 2.660004
28.182 , 77.98 , 75.34 , 2.640007
28.183 , 77.98 , 75.33 , 2.650002
28.185 , 77.98 , 75.33 , 2.650002
28.186 , 77.98 , 75.32 , 2.660004
28.188 , 78.0 , 75.32 , 2.68
28.19 , 78.0 , 75.31 , 2.690002
28.191 , 77.98 , 75.31 , 2.670006
28.193 , 77.98 , 75.3 , 2.68
28.194 , 77.96 , 75.3 , 2.659996
28.196 , 77.98 , 75.29 , 2.690002
28.198 , 77.98 , 75.29 , 2.690002
28.199 , 77.98 , 75.28 , 2.700005
28.201 , 77.98 , 75.28 , 2.700005
28.202 , 77.98 , 75.28 , 2.700005
28.204 , 77.98 , 75.27 , 2.710007
28.205 , 77.98 , 75.27 , 2.710007
28.207 , 78.0 , 75.26 , 2.739998
28.209 , 77.96 , 75.26 , 2.699997
28.21 , 77.96 , 75.25 , 2.709999
28.212 , 77.98 , 75.25 , 2.730003
28.213 , 77.98 , 75.24 , 2.740005
28.215 , 77.96 , 75.24 , 2.720001
28.217 , 77.98 , 75.23 , 2.75
28.218 , 77.98 , 75.23 , 2.75
28.22 , 78.0 , 75.22 , 2.779999
28.221 , 78.05 , 75.22 , 2.830002
28.223 , 78.07 , 75.21 , 2.860001
28.224 , 78.07 , 75.21 , 2.860001
28.226 , 78.07 , 75.2 , 2.870003
28.228 , 78.07 , 75.2 , 2.870003
28.229 , 78.12 , 75.2 , 2.920006
28.231 , 78.14 , 75.19 , 2.949997
28.232 , 78.16 , 75.19 , 2.970001
28.234 , 78.21 , 75.18 , 3.029999
28.235 , 78.23 , 75.18 , 3.050003
28.237 , 78.28 , 75.17 , 3.110001
28.239 , 78.23 , 75.17 , 3.060005
28.24 , 78.35 , 75.16 , 3.189995
28.242 , 78.35 , 75.16 , 3.189995
28.243 , 78.37 , 75.15 , 3.220001
28.245 , 78.39 , 75.15 , 3.239998
28.246 , 78.39 , 75.14 , 3.25
28.248 , 78.46 , 75.14 , 3.32
28.25 , 78.46 , 75.13 , 3.330002
28.251 , 78.46 , 75.13 , 3.330002
28.253 , 78.51 , 75.12 , 3.389999
28.255 , 78.53 , 75.12 , 3.409996
28.256 , 78.53 , 75.11 , 3.419998
28.258 , 78.55 , 75.11 , 3.440002
28.259 , 78.55 , 75.11 , 3.440002
28.261 , 78.6 , 75.1 , 3.5
28.262 , 78.62 , 75.1 , 3.520004
28.264 , 78.62 , 75.09 , 3.530006
28.266 , 78.67 , 75.08 , 3.589996
28.267 , 78.62 , 75.08 , 3.540001
28.269 , 78.62 , 75.08 , 3.540001
28.27 , 78.67 , 75.07 , 3.599998
28.272 , 78.67 , 75.07 , 3.599998
28.274 , 78.69 , 75.06 , 3.630005
28.275 , 78.69 , 75.06 , 3.630005
28.277 , 78.69 , 75.05 , 3.639999
28.278 , 78.69 , 75.05 , 3.639999
28.28 , 78.71 , 75.04 , 3.669998
28.282 , 78.71 , 75.04 , 3.669998
28.283 , 78.69 , 75.03 , 3.660004
28.285 , 78.71 , 75.03 , 3.68
28.286 , 78.71 , 75.02 , 3.690002
28.288 , 78.71 , 75.02 , 3.690002
28.29 , 78.71 , 75.01 , 3.699997
28.291 , 78.71 , 75.01 , 3.699997
28.293 , 78.71 , 75.0 , 3.709999
28.295 , 78.71 , 75.0 , 3.709999
28.296 , 78.71 , 74.99 , 3.720001
28.298 , 78.71 , 74.99 , 3.720001
28.299 , 78.71 , 74.99 , 3.720001
28.301 , 78.76 , 74.98 , 3.779999
28.303 , 78.71 , 74.97 , 3.739998
28.304 , 78.76 , 74.97 , 3.790001
28.306 , 78.76 , 74.97 , 3.790001
28.307 , 78.71 , 74.96 , 3.75
28.309 , 78.71 , 74.96 , 3.75
28.319 , 78.71 , 74.93 , 3.779999
28.321 , 78.69 , 74.92 , 3.770004
28.322 , 78.69 , 74.92 , 3.770004
28.324 , 78.69 , 74.91 , 3.779999
28.325 , 78.69 , 74.91 , 3.779999
28.327 , 78.71 , 74.9 , 3.809998
28.329 , 78.71 , 74.9 , 3.809998
28.33 , 78.69 , 74.89 , 3.800003
28.332 , 78.69 , 74.89 , 3.800003
28.333 , 78.69 , 74.88 , 3.810005
28.335 , 78.67 , 74.88 , 3.790001
28.337 , 78.67 , 74.87 , 3.799995
28.338 , 78.67 , 74.87 , 3.799995
28.34 , 78.62 , 74.86 , 3.760002
28.341 , 78.67 , 74.86 , 3.809998
28.343 , 78.62 , 74.85 , 3.770004
28.345 , 78.67 , 74.85 , 3.82
28.346 , 78.62 , 74.85 , 3.770004
28.348 , 78.67 , 74.84 , 3.830002
28.35 , 78.6 , 74.83 , 3.769997
28.351 , 78.6 , 74.83 , 3.769997
28.353 , 78.6 , 74.82 , 3.779999
28.355 , 78.55 , 74.82 , 3.730003
28.356 , 78.6 , 74.82 , 3.779999
28.358 , 78.53 , 74.81 , 3.720001
28.36 , 78.55 , 74.8 , 3.75
28.361 , 78.55 , 74.8 , 3.75
28.363 , 78.55 , 74.79 , 3.760002
28.364 , 78.55 , 74.79 , 3.760002
28.366 , 78.55 , 74.79 , 3.760002
28.367 , 78.53 , 74.78 , 3.75
28.369 , 78.53 , 74.78 , 3.75
28.37 , 78.53 , 74.77 , 3.760002
28.372 , 78.46 , 74.77 , 3.690002
28.374 , 78.46 , 74.76 , 3.699997
28.375 , 78.44 , 74.76 , 3.68
28.377 , 78.46 , 74.75 , 3.709999
28.378 , 78.46 , 74.75 , 3.709999
28.38 , 78.44 , 74.74 , 3.700005
28.382 , 78.37 , 74.74 , 3.630005
28.383 , 78.39 , 74.73 , 3.659996
28.385 , 78.39 , 74.73 , 3.659996
28.387 , 78.39 , 74.72 , 3.669998
28.388 , 78.37 , 74.72 , 3.650002
28.39 , 78.37 , 74.71 , 3.660004
28.391 , 78.35 , 74.71 , 3.639999
28.393 , 78.37 , 74.7 , 3.670006
28.395 , 78.35 , 74.7 , 3.650002
28.396 , 78.3 , 74.7 , 3.600006
28.398 , 78.3 , 74.69 , 3.610001
28.399 , 78.28 , 74.69 , 3.589996
28.401 , 78.28 , 74.68 , 3.599998
28.403 , 78.28 , 74.68 , 3.599998
28.404 , 78.28 , 74.67 , 3.610001
28.406 , 78.23 , 74.67 , 3.560005
28.408 , 78.23 , 74.66 , 3.57
28.409 , 78.23 , 74.66 , 3.57
28.411 , 78.23 , 74.65 , 3.580002
28.412 , 78.16 , 74.65 , 3.510002
28.414 , 78.21 , 74.64 , 3.57
28.415 , 78.16 , 74.64 , 3.520004
28.417 , 78.16 , 74.63 , 3.530006
28.419 , 78.14 , 74.63 , 3.510002
28.42 , 78.14 , 74.62 , 3.519997
28.422 , 78.16 , 74.62 , 3.540001
28.423 , 78.14 , 74.62 , 3.519997
28.425 , 78.07 , 74.61 , 3.459999
28.426 , 78.12 , 74.61 , 3.510002
28.428 , 78.12 , 74.6 , 3.520004
28.43 , 78.05 , 74.59 , 3.460007
28.431 , 78.12 , 74.59 , 3.530006
28.433 , 78.05 , 74.59 , 3.460007
28.434 , 78.05 , 74.58 , 3.470001
28.436 , 78.05 , 74.58 , 3.470001
28.437 , 77.98 , 74.57 , 3.410004
28.439 , 77.98 , 74.57 , 3.410004
28.44 , 77.98 , 74.56 , 3.420006
28.442 , 77.96 , 74.56 , 3.400002
28.444 , 77.96 , 74.55 , 3.409996
28.445 , 77.91 , 74.55 , 3.360001
28.447 , 77.96 , 74.54 , 3.419998
28.448 , 77.91 , 74.54 , 3.370003
28.45 , 77.91 , 74.53 , 3.380005
28.452 , 77.84 , 74.53 , 3.309998
28.453 , 77.91 , 74.53 , 3.380005
28.455 , 77.84 , 74.52 , 3.32
28.457 , 77.82 , 74.51 , 3.309998
28.458 , 77.82 , 74.51 , 3.309998
28.46 , 77.8 , 74.5 , 3.300003
28.461 , 77.82 , 74.5 , 3.32
28.463 , 77.75 , 74.5 , 3.25
28.464 , 77.75 , 74.49 , 3.260002
28.466 , 77.75 , 74.49 , 3.260002
28.468 , 77.75 , 74.48 , 3.269997
28.469 , 77.75 , 74.48 , 3.269997
28.471 , 77.73 , 74.47 , 3.260002
28.472 , 77.73 , 74.47 , 3.260002
28.474 , 77.68 , 74.46 , 3.220001
28.475 , 77.66 , 74.46 , 3.200005
28.477 , 77.66 , 74.45 , 3.210007
28.478 , 77.66 , 74.45 , 3.210007
28.48 , 77.66 , 74.44 , 3.220001
28.482 , 77.66 , 74.44 , 3.220001
28.483 , 77.62 , 74.44 , 3.18
28.485 , 77.62 , 74.43 , 3.190002
28.486 , 77.59 , 74.43 , 3.159996
28.488 , 77.62 , 74.42 , 3.200005
28.489 , 77.62 , 74.42 , 3.200005
28.491 , 77.59 , 74.41 , 3.179993
28.493 , 77.59 , 74.41 , 3.179993
28.494 , 77.59 , 74.4 , 3.189995
28.496 , 77.59 , 74.4 , 3.189995
28.497 , 77.57 , 74.39 , 3.18
28.499 , 77.52 , 74.39 , 3.129997
28.501 , 77.52 , 74.38 , 3.139999
28.502 , 77.5 , 74.38 , 3.120003
28.504 , 77.5 , 74.37 , 3.129997
28.505 , 77.52 , 74.37 , 3.149994
28.507 , 77.5 , 74.36 , 3.139999
28.509 , 77.5 , 74.36 , 3.139999
28.51 , 77.5 , 74.36 , 3.139999
28.512 , 77.45 , 74.35 , 3.099998
28.513 , 77.45 , 74.35 , 3.099998
28.515 , 77.43 , 74.34 , 3.090004
28.517 , 77.45 , 74.33 , 3.119995
28.518 , 77.43 , 74.33 , 3.099998
28.52 , 77.43 , 74.33 , 3.099998
28.521 , 77.41 , 74.32 , 3.090004
28.523 , 77.43 , 74.32 , 3.110001
28.524 , 77.45 , 74.31 , 3.139999
28.526 , 77.43 , 74.31 , 3.120003
28.528 , 77.43 , 74.3 , 3.129997
28.529 , 77.41 , 74.3 , 3.110001
28.531 , 77.41 , 74.29 , 3.120003
28.532 , 77.41 , 74.29 , 3.120003
28.534 , 77.41 , 74.28 , 3.130005
28.535 , 77.36 , 74.28 , 3.080002
28.537 , 77.36 , 74.27 , 3.090004
28.538 , 77.41 , 74.27 , 3.140007
28.54 , 77.43 , 74.27 , 3.160004
28.542 , 77.41 , 74.26 , 3.150002
28.543 , 77.36 , 74.26 , 3.099998
28.545 , 77.36 , 74.25 , 3.110001
28.546 , 77.41 , 74.25 , 3.160004
28.548 , 77.41 , 74.24 , 3.170006
28.549 , 77.36 , 74.24 , 3.120003
28.551 , 77.32 , 74.23 , 3.089996
28.552 , 77.36 , 74.23 , 3.129997
28.554 , 77.36 , 74.22 , 3.139999
28.556 , 77.32 , 74.22 , 3.099998
28.557 , 77.27 , 74.21 , 3.059998
28.559 , 77.32 , 74.21 , 3.110001
28.56 , 77.36 , 74.21 , 3.150002
28.562 , 77.32 , 74.2 , 3.120003
28.564 , 77.27 , 74.19 , 3.079994
28.565 , 77.32 , 74.19 , 3.129997
28.567 , 77.32 , 74.18 , 3.139999
28.569 , 77.27 , 74.18 , 3.089996
28.57 , 77.27 , 74.18 , 3.089996
28.572 , 77.25 , 74.17 , 3.080002
28.573 , 77.27 , 74.17 , 3.099998
28.575 , 77.25 , 74.16 , 3.089996
28.577 , 77.25 , 74.15 , 3.099998
28.578 , 77.25 , 74.15 , 3.099998
28.58 , 77.25 , 74.15 , 3.099998
28.581 , 77.27 , 74.14 , 3.129997
28.583 , 77.25 , 74.14 , 3.110001
28.585 , 77.25 , 74.13 , 3.120003
28.586 , 77.25 , 74.13 , 3.120003
28.588 , 77.25 , 74.12 , 3.129997
28.589 , 77.25 , 74.12 , 3.129997
28.591 , 77.2 , 74.11 , 3.089996
28.592 , 77.2 , 74.11 , 3.089996
28.594 , 77.2 , 74.1 , 3.099998
28.596 , 77.18 , 74.1 , 3.080002
28.597 , 77.18 , 74.09 , 3.090004
28.599 , 77.2 , 74.09 , 3.110001
28.6 , 77.18 , 74.09 , 3.090004
28.602 , 77.18 , 74.08 , 3.099998
28.604 , 77.2 , 74.07 , 3.129997
28.605 , 77.18 , 74.07 , 3.110001
28.607 , 77.16 , 74.07 , 3.090004
28.608 , 77.18 , 74.06 , 3.120003
28.61 , 77.16 , 74.06 , 3.100006
28.612 , 77.11 , 74.05 , 3.059998
28.613 , 77.16 , 74.05 , 3.110001
28.615 , 77.11 , 74.04 , 3.07
28.616 , 77.11 , 74.04 , 3.07
28.618 , 77.16 , 74.03 , 3.130005
28.619 , 77.11 , 74.03 , 3.080002
28.621 , 77.11 , 74.02 , 3.090004
28.622 , 77.11 , 74.02 , 3.090004
28.624 , 77.09 , 74.01 , 3.079994
28.625 , 77.09 , 74.01 , 3.079994
28.627 , 77.09 , 74.01 , 3.079994
28.629 , 77.11 , 74.0 , 3.110001
28.63 , 77.04 , 74.0 , 3.040001
28.632 , 77.09 , 73.99 , 3.099998
28.633 , 77.04 , 73.99 , 3.050003
28.635 , 77.02 , 73.98 , 3.039993
28.637 , 77.04 , 73.98 , 3.059998
28.638 , 77.04 , 73.97 , 3.07
28.64 , 77.02 , 73.97 , 3.049995
28.641 , 77.04 , 73.96 , 3.080002
28.643 , 77.02 , 73.96 , 3.059998
28.645 , 77.02 , 73.95 , 3.07
28.646 , 77.04 , 73.95 , 3.090004
28.648 , 76.95 , 73.94 , 3.009995
28.649 , 76.95 , 73.94 , 3.009995
28.651 , 77.02 , 73.93 , 3.089996
28.653 , 76.95 , 73.93 , 3.019997
28.654 , 76.95 , 73.92 , 3.029999
28.656 , 76.95 , 73.92 , 3.029999
28.658 , 76.93 , 73.91 , 3.019997
28.659 , 76.95 , 73.91 , 3.039993
28.661 , 76.88 , 73.9 , 2.979996
28.662 , 76.93 , 73.9 , 3.029999
28.664 , 76.88 , 73.89 , 2.989998
28.666 , 76.88 , 73.89 , 2.989998
28.667 , 76.88 , 73.89 , 2.989998
28.669 , 76.86 , 73.88 , 2.980003
28.671 , 76.86 , 73.87 , 2.989998
28.672 , 76.88 , 73.87 , 3.009995
28.674 , 76.86 , 73.86 , 3.0
28.675 , 76.86 , 73.86 , 3.0
28.677 , 76.84 , 73.86 , 2.979996
28.679 , 76.86 , 73.85 , 3.010002
28.68 , 76.86 , 73.85 , 3.010002
28.682 , 76.86 , 73.84 , 3.020004
28.683 , 76.84 , 73.84 , 3.0
28.685 , 76.79 , 73.83 , 2.959999
28.687 , 76.84 , 73.83 , 3.009995
28.688 , 76.79 , 73.82 , 2.970001
28.69 , 76.77 , 73.82 , 2.949997
28.691 , 76.79 , 73.81 , 2.980003
28.693 , 76.79 , 73.81 , 2.980003
28.695 , 76.77 , 73.8 , 2.969994
28.696 , 76.77 , 73.8 , 2.969994
28.698 , 76.77 , 73.79 , 2.979996
28.7 , 76.72 , 73.79 , 2.93
28.701 , 76.72 , 73.78 , 2.940002
28.703 , 76.77 , 73.78 , 2.989998
28.704 , 76.7 , 73.78 , 2.919998
28.706 , 76.7 , 73.77 , 2.93
28.708 , 76.63 , 73.76 , 2.869995
28.709 , 76.65 , 73.76 , 2.889999
28.711 , 76.63 , 73.75 , 2.879997
28.713 , 76.65 , 73.75 , 2.900002
28.714 , 76.63 , 73.75 , 2.879997
28.716 , 76.63 , 73.74 , 2.889999
28.717 , 76.63 , 73.74 , 2.889999
28.719 , 76.61 , 73.73 , 2.879997
28.721 , 76.56 , 73.72 , 2.839996
28.722 , 76.56 , 73.72 , 2.839996
28.724 , 76.56 , 73.72 , 2.839996
28.725 , 76.56 , 73.71 , 2.849998
28.727 , 76.56 , 73.71 , 2.849998
28.729 , 76.56 , 73.7 , 2.860001
28.73 , 76.56 , 73.7 , 2.860001
28.732 , 76.56 , 73.69 , 2.869995
28.734 , 76.61 , 73.69 , 2.919998
28.735 , 76.56 , 73.68 , 2.879997
28.737 , 76.56 , 73.68 , 2.879997
28.739 , 76.54 , 73.67 , 2.870003
28.74 , 76.54 , 73.67 , 2.870003
28.742 , 76.54 , 73.66 , 2.879997
28.743 , 76.49 , 73.66 , 2.829994
28.745 , 76.49 , 73.65 , 2.839996
28.747 , 76.49 , 73.65 , 2.839996
28.748 , 76.49 , 73.64 , 2.849998
28.75 , 76.49 , 73.64 , 2.849998
28.752 , 76.49 , 73.63 , 2.860001
28.753 , 76.47 , 73.63 , 2.840004
28.755 , 76.47 , 73.62 , 2.849998
28.756 , 76.47 , 73.62 , 2.849998
28.758 , 76.45 , 73.61 , 2.839996
28.76 , 76.47 , 73.61 , 2.860001
28.761 , 76.47 , 73.6 , 2.870003
28.763 , 76.45 , 73.6 , 2.849998
28.764 , 76.45 , 73.6 , 2.849998
28.766 , 76.45 , 73.59 , 2.860001
28.768 , 76.45 , 73.58 , 2.869995
28.769 , 76.4 , 73.58 , 2.82
28.771 , 76.4 , 73.57 , 2.830002
28.773 , 76.38 , 73.57 , 2.809998
28.774 , 76.4 , 73.57 , 2.830002
28.776 , 76.4 , 73.56 , 2.840004
28.777 , 76.4 , 73.56 , 2.840004
28.779 , 76.4 , 73.55 , 2.849998
28.781 , 76.4 , 73.54 , 2.860001
28.782 , 76.38 , 73.54 , 2.839996
28.784 , 76.33 , 73.54 , 2.790001
28.785 , 76.38 , 73.53 , 2.849998
28.787 , 76.33 , 73.53 , 2.800003
28.788 , 76.33 , 73.52 , 2.810005
28.79 , 76.33 , 73.52 , 2.810005
28.792 , 76.33 , 73.51 , 2.82
28.793 , 76.33 , 73.51 , 2.82
28.795 , 76.31 , 73.5 , 2.809998
28.796 , 76.33 , 73.5 , 2.830002
28.798 , 76.31 , 73.49 , 2.82
28.8 , 76.33 , 73.49 , 2.840004
28.801 , 76.31 , 73.49 , 2.82
28.803 , 76.26 , 73.48 , 2.779999
28.804 , 76.26 , 73.48 , 2.779999
28.806 , 76.38 , 73.47 , 2.909996
28.808 , 76.38 , 73.46 , 2.919998
28.809 , 76.4 , 73.46 , 2.940002
28.811 , 76.38 , 73.46 , 2.919998
28.812 , 76.38 , 73.45 , 2.93
28.814 , 76.33 , 73.45 , 2.880005
28.816 , 76.38 , 73.44 , 2.939995
28.817 , 76.38 , 73.44 , 2.939995
28.819 , 76.33 , 73.43 , 2.900002
28.82 , 76.33 , 73.43 , 2.900002
28.822 , 76.33 , 73.42 , 2.910004
28.823 , 76.38 , 73.42 , 2.959999
28.825 , 76.33 , 73.41 , 2.919998
28.827 , 76.31 , 73.41 , 2.899994
28.828 , 76.26 , 73.4 , 2.860001
28.83 , 76.26 , 73.4 , 2.860001
28.832 , 76.26 , 73.39 , 2.870003
28.833 , 76.31 , 73.39 , 2.919998
28.835 , 76.26 , 73.38 , 2.880005
28.836 , 76.26 , 73.38 , 2.880005
28.838 , 76.26 , 73.37 , 2.889999
28.839 , 76.26 , 73.37 , 2.889999
28.841 , 76.26 , 73.37 , 2.889999
28.843 , 76.26 , 73.36 , 2.900002
28.844 , 76.24 , 73.36 , 2.879997
28.846 , 76.24 , 73.35 , 2.889999
28.847 , 76.22 , 73.35 , 2.870003
28.849 , 76.24 , 73.34 , 2.900002
28.851 , 76.24 , 73.34 , 2.900002
28.852 , 76.24 , 73.33 , 2.909996
28.854 , 76.24 , 73.33 , 2.909996
28.855 , 76.22 , 73.32 , 2.900002
28.857 , 76.22 , 73.32 , 2.900002
28.859 , 76.31 , 73.31 , 3.0
28.86 , 76.24 , 73.31 , 2.93
28.862 , 76.24 , 73.3 , 2.939995
28.863 , 76.24 , 73.3 , 2.939995
28.865 , 76.26 , 73.29 , 2.970001
28.867 , 76.26 , 73.29 , 2.970001
28.868 , 76.22 , 73.28 , 2.940002
28.87 , 76.22 , 73.28 , 2.940002
28.871 , 76.24 , 73.28 , 2.959999
28.873 , 76.17 , 73.27 , 2.900002
28.875 , 76.22 , 73.26 , 2.959999
28.876 , 76.22 , 73.26 , 2.959999
28.878 , 76.22 , 73.25 , 2.970001
28.879 , 76.24 , 73.25 , 2.989998
28.881 , 76.17 , 73.25 , 2.919998
28.883 , 76.17 , 73.24 , 2.93
28.884 , 76.22 , 73.24 , 2.980003
28.886 , 76.22 , 73.23 , 2.989998
28.887 , 76.22 , 73.23 , 2.989998
28.889 , 76.15 , 73.22 , 2.93
28.89 , 76.17 , 73.22 , 2.949997
28.892 , 76.15 , 73.21 , 2.940002
28.894 , 76.15 , 73.21 , 2.940002
28.895 , 76.15 , 73.2 , 2.950005
28.897 , 76.15 , 73.2 , 2.950005
28.898 , 76.1 , 73.19 , 2.909996
28.9 , 76.1 , 73.19 , 2.909996
28.902 , 76.08 , 73.18 , 2.900002
28.903 , 76.1 , 73.18 , 2.919998
28.905 , 76.1 , 73.17 , 2.93
28.906 , 76.15 , 73.17 , 2.980003
28.908 , 76.08 , 73.17 , 2.910004
28.909 , 76.08 , 73.16 , 2.919998
28.911 , 76.1 , 73.16 , 2.939995
28.913 , 76.08 , 73.15 , 2.93
28.914 , 76.08 , 73.15 , 2.93
28.916 , 76.08 , 73.14 , 2.940002
28.917 , 76.08 , 73.14 , 2.940002
28.919 , 76.08 , 73.13 , 2.950005
28.92 , 76.08 , 73.13 , 2.950005
28.922 , 76.08 , 73.12 , 2.959999
28.924 , 76.08 , 73.12 , 2.959999
28.925 , 76.06 , 73.11 , 2.949997
28.927 , 75.99 , 73.11 , 2.879997
28.928 , 76.06 , 73.11 , 2.949997
28.93 , 75.99 , 73.1 , 2.889999
28.932 , 76.06 , 73.09 , 2.970001
28.933 , 75.99 , 73.09 , 2.900002
28.935 , 75.99 , 73.08 , 2.909996
28.936 , 75.94 , 73.08 , 2.860001
28.938 , 75.99 , 73.08 , 2.909996
28.94 , 75.94 , 73.07 , 2.870003
28.941 , 75.94 , 73.07 , 2.870003
28.943 , 75.94 , 73.06 , 2.880005
28.944 , 75.94 , 73.06 , 2.880005
28.946 , 75.92 , 73.05 , 2.869995
28.948 , 75.92 , 73.05 , 2.869995
28.949 , 75.85 , 73.04 , 2.809998
28.951 , 75.94 , 73.04 , 2.900002
28.952 , 75.9 , 73.03 , 2.870003
28.954 , 75.92 , 73.03 , 2.889999
28.956 , 75.92 , 73.02 , 2.900002
28.957 , 75.85 , 73.02 , 2.830002
28.959 , 75.85 , 73.01 , 2.839996
28.96 , 75.9 , 73.01 , 2.889999
28.962 , 75.85 , 73.0 , 2.849998
28.964 , 75.85 , 73.0 , 2.849998
28.965 , 75.83 , 72.99 , 2.840004
28.967 , 75.83 , 72.99 , 2.840004
28.969 , 75.83 , 72.98 , 2.849998
28.97 , 75.83 , 72.98 , 2.849998
28.972 , 75.83 , 72.97 , 2.860001
28.973 , 75.78 , 72.97 , 2.809998
28.975 , 75.78 , 72.96 , 2.82
28.977 , 75.78 , 72.96 , 2.82
28.978 , 75.78 , 72.96 , 2.82
28.98 , 75.72 , 72.95 , 2.770004
28.982 , 75.76 , 72.94 , 2.82
28.983 , 75.76 , 72.94 , 2.82
28.985 , 75.76 , 72.93 , 2.830002
28.986 , 75.76 , 72.93 , 2.830002
28.988 , 75.76 , 72.93 , 2.830002
28.989 , 75.76 , 72.92 , 2.840004
28.991 , 75.69 , 72.92 , 2.770004
28.993 , 75.69 , 72.91 , 2.779999
28.994 , 75.72 , 72.91 , 2.809998
28.996 , 75.67 , 72.9 , 2.769997
28.997 , 75.69 , 72.9 , 2.790001
28.999 , 75.69 , 72.89 , 2.800003
29.001 , 75.67 , 72.89 , 2.779999
29.002 , 75.69 , 72.88 , 2.810005
29.004 , 75.62 , 72.88 , 2.740005
29.005 , 75.67 , 72.88 , 2.790001
29.015 , 75.6 , 72.85 , 2.75
29.017 , 75.6 , 72.84 , 2.760002
29.019 , 75.56 , 72.83 , 2.729996
29.02 , 75.56 , 72.83 , 2.729996
29.022 , 75.56 , 72.82 , 2.739998
29.024 , 75.56 , 72.82 , 2.739998
29.025 , 75.6 , 72.82 , 2.779999
29.027 , 75.56 , 72.81 , 2.75
29.029 , 75.56 , 72.8 , 2.759995
29.03 , 75.56 , 72.8 , 2.759995
29.032 , 75.53 , 72.79 , 2.739998
29.033 , 75.56 , 72.79 , 2.769997
29.035 , 75.53 , 72.79 , 2.739998
29.037 , 75.53 , 72.78 , 2.75
29.038 , 75.53 , 72.78 , 2.75
29.04 , 75.53 , 72.77 , 2.760002
29.041 , 75.53 , 72.77 , 2.760002
29.043 , 75.51 , 72.76 , 2.75
29.044 , 75.53 , 72.76 , 2.769997
29.046 , 75.53 , 72.75 , 2.779999
29.048 , 75.53 , 72.75 , 2.779999
29.049 , 75.53 , 72.74 , 2.790001
29.051 , 75.53 , 72.74 , 2.790001
29.053 , 75.53 , 72.73 , 2.799995
29.054 , 75.56 , 72.73 , 2.829994
29.056 , 75.6 , 72.72 , 2.879997
29.057 , 75.6 , 72.72 , 2.879997
29.059 , 75.6 , 72.71 , 2.889999
29.061 , 75.6 , 72.71 , 2.889999
29.062 , 75.67 , 72.7 , 2.970001
29.064 , 75.62 , 72.7 , 2.920006
29.066 , 75.62 , 72.69 , 2.93
29.067 , 75.67 , 72.69 , 2.979996
29.069 , 75.69 , 72.68 , 3.010002
29.07 , 75.72 , 72.68 , 3.040001
29.072 , 75.78 , 72.67 , 3.110001
29.073 , 75.78 , 72.67 , 3.110001
29.075 , 75.83 , 72.67 , 3.160004
29.077 , 75.83 , 72.66 , 3.169998
29.078 , 75.85 , 72.66 , 3.189995
29.08 , 75.85 , 72.65 , 3.199997
29.082 , 75.9 , 72.64 , 3.260002
29.083 , 75.94 , 72.64 , 3.300003
29.085 , 75.92 , 72.64 , 3.279999
29.086 , 75.92 , 72.63 , 3.290001
29.088 , 75.94 , 72.63 , 3.310005
29.09 , 75.99 , 72.62 , 3.369995
29.091 , 75.99 , 72.62 , 3.369995
29.093 , 75.99 , 72.61 , 3.379997
29.094 , 76.06 , 72.61 , 3.449997
29.096 , 76.06 , 72.6 , 3.459999
29.098 , 76.1 , 72.6 , 3.5
29.099 , 76.08 , 72.59 , 3.490005
29.101 , 76.1 , 72.59 , 3.510002
29.103 , 76.1 , 72.58 , 3.519997
29.104 , 76.1 , 72.58 , 3.519997
29.106 , 76.15 , 72.57 , 3.580002
29.107 , 76.15 , 72.57 , 3.580002
29.109 , 76.17 , 72.56 , 3.610001
29.11 , 76.15 , 72.56 , 3.590004
29.112 , 76.15 , 72.56 , 3.590004
29.114 , 76.15 , 72.55 , 3.599998
29.115 , 76.17 , 72.55 , 3.619995
29.117 , 76.22 , 72.54 , 3.68
29.118 , 76.17 , 72.54 , 3.629997
29.12 , 76.17 , 72.53 , 3.639999
29.121 , 76.17 , 72.53 , 3.639999
29.123 , 76.22 , 72.52 , 3.700005
29.125 , 76.22 , 72.52 , 3.700005
29.126 , 76.22 , 72.51 , 3.709999
29.128 , 76.17 , 72.51 , 3.659996
29.129 , 76.17 , 72.5 , 3.669998
29.131 , 76.17 , 72.5 , 3.669998
29.133 , 76.17 , 72.49 , 3.68
29.134 , 76.22 , 72.49 , 3.730003
29.136 , 76.22 , 72.48 , 3.739998
29.137 , 76.22 , 72.48 , 3.739998
29.139 , 76.22 , 72.47 , 3.75
29.14 , 76.22 , 72.47 , 3.75
29.142 , 76.17 , 72.47 , 3.699997
29.144 , 76.17 , 72.46 , 3.709999
29.145 , 76.17 , 72.46 , 3.709999
29.147 , 76.17 , 72.45 , 3.720001
29.149 , 76.15 , 72.44 , 3.709999
29.15 , 76.15 , 72.44 , 3.709999
29.152 , 76.15 , 72.44 , 3.709999
29.153 , 76.17 , 72.43 , 3.739998
29.155 , 76.15 , 72.43 , 3.720001
29.156 , 76.17 , 72.42 , 3.75
29.158 , 76.17 , 72.42 , 3.75
29.159 , 76.15 , 72.41 , 3.739998
29.161 , 76.15 , 72.41 , 3.739998
29.163 , 76.15 , 72.4 , 3.75
29.164 , 76.15 , 72.4 , 3.75
29.166 , 76.15 , 72.39 , 3.760002
29.167 , 76.1 , 72.39 , 3.709999
29.169 , 76.1 , 72.38 , 3.720001
29.17 , 76.08 , 72.38 , 3.700005
29.172 , 76.06 , 72.38 , 3.68
29.174 , 76.08 , 72.37 , 3.709999
29.175 , 76.08 , 72.37 , 3.709999
29.177 , 76.06 , 72.36 , 3.699997
29.178 , 76.06 , 72.36 , 3.699997
29.18 , 76.06 , 72.35 , 3.709999
29.182 , 76.06 , 72.35 , 3.709999
29.183 , 76.01 , 72.34 , 3.670006
29.185 , 76.01 , 72.34 , 3.670006
29.186 , 76.06 , 72.33 , 3.729996
29.188 , 75.99 , 72.33 , 3.659996
29.19 , 76.01 , 72.32 , 3.690002
29.191 , 75.99 , 72.32 , 3.669998
29.193 , 75.99 , 72.31 , 3.68
29.194 , 75.99 , 72.31 , 3.68
29.196 , 75.99 , 72.3 , 3.689995
29.198 , 75.94 , 72.3 , 3.639999
29.199 , 75.92 , 72.29 , 3.629997
29.201 , 75.99 , 72.29 , 3.699997
29.203 , 75.9 , 72.28 , 3.620003
29.204 , 75.92 , 72.28 , 3.639999
29.206 , 75.94 , 72.27 , 3.670006
29.207 , 75.92 , 72.27 , 3.650002
29.209 , 75.9 , 72.27 , 3.630005
29.211 , 75.9 , 72.26 , 3.639999
29.212 , 75.9 , 72.26 , 3.639999
29.214 , 75.85 , 72.25 , 3.599998
29.215 , 75.85 , 72.25 , 3.599998
29.217 , 75.83 , 72.24 , 3.590004
29.218 , 75.78 , 72.24 , 3.540001
29.22 , 75.76 , 72.23 , 3.529999
29.222 , 75.76 , 72.23 , 3.529999
29.223 , 75.76 , 72.22 , 3.540001
29.225 , 75.76 , 72.22 , 3.540001
29.226 , 75.76 , 72.21 , 3.550003
29.228 , 75.76 , 72.21 , 3.550003
29.229 , 75.69 , 72.21 , 3.480003
29.231 , 75.72 , 72.2 , 3.520004
29.232 , 75.69 , 72.2 , 3.490005
29.234 , 75.67 , 72.19 , 3.479996
29.236 , 75.69 , 72.18 , 3.510002
29.237 , 75.67 , 72.18 , 3.489998
29.239 , 75.67 , 72.18 , 3.489998
29.24 , 75.62 , 72.17 , 3.450005
29.242 , 75.62 , 72.17 , 3.450005
29.244 , 75.62 , 72.16 , 3.459999
29.245 , 75.56 , 72.16 , 3.399994
29.247 , 75.6 , 72.15 , 3.449997
29.248 , 75.56 , 72.15 , 3.409996
29.25 , 75.53 , 72.14 , 3.389999
29.252 , 75.56 , 72.14 , 3.419998
29.253 , 75.51 , 72.13 , 3.380005
29.255 , 75.51 , 72.13 , 3.380005
29.256 , 75.51 , 72.12 , 3.389999
29.258 , 75.51 , 72.12 , 3.389999
29.26 , 75.46 , 72.11 , 3.349998
29.261 , 75.46 , 72.11 , 3.349998
29.263 , 75.46 , 72.1 , 3.360001
29.264 , 75.44 , 72.1 , 3.340004
29.266 , 75.39 , 72.09 , 3.300003
29.268 , 75.44 , 72.09 , 3.350006
29.269 , 75.39 , 72.09 , 3.300003
29.271 , 75.37 , 72.08 , 3.290001
29.272 , 75.37 , 72.08 , 3.290001
29.274 , 75.37 , 72.07 , 3.300003
29.275 , 75.35 , 72.07 , 3.279999
29.277 , 75.35 , 72.06 , 3.290001
29.279 , 75.35 , 72.06 , 3.290001
29.28 , 75.3 , 72.05 , 3.25
29.282 , 75.35 , 72.05 , 3.299995
29.283 , 75.28 , 72.04 , 3.239998
29.285 , 75.23 , 72.04 , 3.190002
29.287 , 75.23 , 72.03 , 3.200005
29.288 , 75.23 , 72.03 , 3.200005
29.29 , 75.21 , 72.02 , 3.190002
29.291 , 75.23 , 72.02 , 3.210007
29.293 , 75.21 , 72.01 , 3.199997
29.294 , 75.21 , 72.01 , 3.199997
29.296 , 75.21 , 72.0 , 3.209999
29.298 , 75.17 , 72.0 , 3.169998
29.299 , 75.17 , 72.0 , 3.169998
29.301 , 75.12 , 71.99 , 3.130005
29.302 , 75.14 , 71.99 , 3.150002
29.304 , 75.12 , 71.98 , 3.139999
29.305 , 75.14 , 71.98 , 3.159996
29.307 , 75.12 , 71.97 , 3.150002
29.309 , 75.12 , 71.97 , 3.150002
29.31 , 75.07 , 71.96 , 3.110001
29.312 , 75.07 , 71.96 , 3.110001
29.313 , 75.07 , 71.95 , 3.120003
29.315 , 75.05 , 71.95 , 3.100006
29.317 , 75.05 , 71.94 , 3.110001
29.318 , 75.05 , 71.94 , 3.110001
29.319 , 75.01 , 71.94 , 3.07
29.321 , 75.05 , 71.93 , 3.120003
29.323 , 75.05 , 71.92 , 3.130005
29.324 , 75.07 , 71.92 , 3.150002
29.326 , 75.05 , 71.92 , 3.130005
29.327 , 75.01 , 71.91 , 3.099998
29.329 , 75.05 , 71.91 , 3.139999
29.33 , 75.05 , 71.9 , 3.150002
29.332 , 75.05 , 71.9 , 3.150002
29.333 , 74.98 , 71.89 , 3.090004
29.335 , 75.01 , 71.89 , 3.120003
29.337 , 74.98 , 71.88 , 3.100006
29.338 , 74.98 , 71.88 , 3.100006
29.34 , 74.98 , 71.87 , 3.110001
29.341 , 74.98 , 71.87 , 3.110001
29.343 , 74.98 , 71.86 , 3.120003
29.344 , 74.96 , 71.86 , 3.099998
29.346 , 74.96 , 71.86 , 3.099998
29.348 , 74.96 , 71.85 , 3.110001
29.349 , 74.91 , 71.85 , 3.060005
29.351 , 74.98 , 71.84 , 3.140007
29.352 , 74.96 , 71.84 , 3.120003
29.354 , 74.96 , 71.83 , 3.129997
29.356 , 74.91 , 71.83 , 3.080002
29.357 , 74.96 , 71.82 , 3.139999
29.359 , 74.96 , 71.82 , 3.139999
29.361 , 74.91 , 71.81 , 3.100006
29.362 , 74.91 , 71.81 , 3.100006
29.364 , 74.96 , 71.8 , 3.159996
29.365 , 74.89 , 71.8 , 3.089996
29.367 , 74.91 , 71.79 , 3.120003
29.368 , 74.89 , 71.79 , 3.099998
29.37 , 74.89 , 71.78 , 3.110001
29.372 , 74.91 , 71.78 , 3.130005
29.373 , 74.89 , 71.77 , 3.120003
29.375 , 74.89 , 71.77 , 3.120003
29.376 , 74.89 , 71.77 , 3.120003
29.378 , 74.89 , 71.76 , 3.129997
29.38 , 74.89 , 71.75 , 3.139999
29.381 , 74.85 , 71.75 , 3.099998
29.383 , 74.89 , 71.74 , 3.150002
29.385 , 74.85 , 71.74 , 3.110001
29.386 , 74.85 , 71.74 , 3.110001
29.388 , 74.82 , 71.73 , 3.089996
29.389 , 74.85 , 71.73 , 3.119995
29.391 , 74.78 , 71.72 , 3.059998
29.393 , 74.82 , 71.71 , 3.110001
29.394 , 74.82 , 71.71 , 3.110001
29.396 , 74.82 , 71.71 , 3.110001
29.398 , 74.82 , 71.7 , 3.120003
29.399 , 74.82 , 71.7 , 3.120003
29.401 , 74.82 , 71.69 , 3.129997
29.402 , 74.78 , 71.69 , 3.089996
29.404 , 74.82 , 71.68 , 3.139999
29.406 , 74.78 , 71.68 , 3.099998
29.407 , 74.78 , 71.67 , 3.110001
29.409 , 74.78 , 71.67 , 3.110001
29.411 , 74.78 , 71.66 , 3.119995
29.412 , 74.75 , 71.66 , 3.089996
29.414 , 74.73 , 71.65 , 3.080002
29.415 , 74.78 , 71.65 , 3.129997
29.417 , 74.75 , 71.64 , 3.110001
29.418 , 74.78 , 71.64 , 3.139999
29.42 , 74.78 , 71.63 , 3.150002
29.422 , 74.75 , 71.63 , 3.120003
29.423 , 74.69 , 71.63 , 3.060005
29.425 , 74.69 , 71.62 , 3.07
29.426 , 74.69 , 71.62 , 3.07
29.428 , 74.69 , 71.61 , 3.080002
29.429 , 74.66 , 71.61 , 3.050003
29.431 , 74.66 , 71.6 , 3.060005
29.433 , 74.66 , 71.6 , 3.060005
29.434 , 74.66 , 71.59 , 3.070007
29.436 , 74.62 , 71.59 , 3.030006
29.437 , 74.62 , 71.58 , 3.040001
29.439 , 74.66 , 71.58 , 3.080002
29.44 , 74.59 , 71.57 , 3.019997
29.442 , 74.62 , 71.57 , 3.050003
29.443 , 74.62 , 71.57 , 3.050003
29.445 , 74.59 , 71.56 , 3.029999
29.447 , 74.59 , 71.55 , 3.039993
29.448 , 74.57 , 71.55 , 3.019997
29.45 , 74.57 , 71.54 , 3.029999
29.451 , 74.53 , 71.54 , 2.989998
29.453 , 74.57 , 71.54 , 3.029999
29.455 , 74.57 , 71.53 , 3.040001
29.456 , 74.53 , 71.53 , 3.0
29.458 , 74.57 , 71.52 , 3.050003
29.46 , 74.53 , 71.51 , 3.019997
29.461 , 74.5 , 71.51 , 2.989998
29.463 , 74.53 , 71.51 , 3.019997
29.464 , 74.53 , 71.5 , 3.029999
29.466 , 74.53 , 71.5 , 3.029999
29.468 , 74.53 , 71.49 , 3.040001
29.469 , 74.5 , 71.49 , 3.010002
29.471 , 74.46 , 71.48 , 2.979996
29.472 , 74.46 , 71.48 , 2.979996
29.474 , 74.5 , 71.47 , 3.029999
29.476 , 74.46 , 71.47 , 2.989998
29.477 , 74.46 , 71.46 , 3.0
29.479 , 74.43 , 71.46 , 2.970001
29.48 , 74.46 , 71.45 , 3.010002
29.482 , 74.46 , 71.45 , 3.010002
29.484 , 74.43 , 71.44 , 2.989998
29.485 , 74.43 , 71.44 , 2.989998
29.487 , 74.43 , 71.43 , 3.0
29.488 , 74.43 , 71.43 , 3.0
29.49 , 74.43 , 71.42 , 3.010002
29.491 , 74.43 , 71.42 , 3.010002
29.493 , 74.43 , 71.42 , 3.010002
29.494 , 74.43 , 71.41 , 3.019997
29.496 , 74.41 , 71.41 , 3.0
29.497 , 74.41 , 71.4 , 3.010002
29.499 , 74.41 , 71.4 , 3.010002
29.5 , 74.41 , 71.39 , 3.020004
29.502 , 74.43 , 71.39 , 3.040001
29.504 , 74.36 , 71.38 , 2.980003
29.505 , 74.36 , 71.38 , 2.980003
29.507 , 74.34 , 71.37 , 2.969994
29.508 , 74.34 , 71.37 , 2.969994
29.51 , 74.36 , 71.37 , 2.989998
29.511 , 74.36 , 71.36 , 3.0
29.513 , 74.34 , 71.36 , 2.979996
29.515 , 74.34 , 71.35 , 2.989998
29.516 , 74.34 , 71.35 , 2.989998
29.518 , 74.34 , 71.34 , 3.0
29.52 , 74.34 , 71.34 , 3.0
29.521 , 74.3 , 71.33 , 2.970001
29.523 , 74.34 , 71.33 , 3.009995
29.524 , 74.3 , 71.32 , 2.980003
29.526 , 74.27 , 71.32 , 2.949997
29.527 , 74.27 , 71.31 , 2.959999
29.529 , 74.3 , 71.31 , 2.990005
29.531 , 74.27 , 71.3 , 2.969994
29.532 , 74.3 , 71.3 , 3.0
29.534 , 74.27 , 71.29 , 2.979996
29.535 , 74.23 , 71.29 , 2.940002
29.537 , 74.23 , 71.28 , 2.950005
29.538 , 74.3 , 71.28 , 3.020004
29.54 , 74.27 , 71.28 , 2.989998
29.542 , 74.2 , 71.27 , 2.93
29.543 , 74.23 , 71.27 , 2.960007
29.545 , 74.23 , 71.26 , 2.970001
29.546 , 74.23 , 71.26 , 2.970001
29.548 , 74.23 , 71.25 , 2.980003
29.549 , 74.2 , 71.25 , 2.949997
29.551 , 74.2 , 71.24 , 2.959999
29.553 , 74.18 , 71.24 , 2.940002
29.554 , 74.2 , 71.23 , 2.969994
29.556 , 74.18 , 71.23 , 2.949997
29.557 , 74.2 , 71.22 , 2.979996
29.559 , 74.18 , 71.22 , 2.959999
29.561 , 74.18 , 71.21 , 2.970001
29.562 , 74.2 , 71.21 , 2.989998
29.564 , 74.14 , 71.2 , 2.940002
29.565 , 74.18 , 71.2 , 2.980003
29.567 , 74.14 , 71.19 , 2.949997
29.569 , 74.14 , 71.19 , 2.949997
29.57 , 74.14 , 71.19 , 2.949997
29.572 , 74.11 , 71.18 , 2.93
29.573 , 74.11 , 71.18 , 2.93
29.575 , 74.11 , 71.17 , 2.940002
29.576 , 74.11 , 71.17 , 2.940002
29.578 , 74.11 , 71.16 , 2.949997
29.58 , 74.07 , 71.16 , 2.909996
29.581 , 74.07 , 71.15 , 2.919998
29.583 , 74.07 , 71.15 , 2.919998
29.584 , 74.07 , 71.14 , 2.93
29.586 , 74.07 , 71.14 , 2.93
29.588 , 74.04 , 71.13 , 2.910004
29.589 , 74.04 , 71.13 , 2.910004
29.591 , 74.04 , 71.12 , 2.919998
29.592 , 74.04 , 71.12 , 2.919998
29.594 , 74.02 , 71.11 , 2.909996
29.596 , 74.02 , 71.11 , 2.909996
29.597 , 74.04 , 71.1 , 2.940002
29.599 , 74.04 , 71.1 , 2.940002
29.6 , 74.02 , 71.1 , 2.919998
29.602 , 74.02 , 71.09 , 2.93
29.604 , 73.98 , 71.08 , 2.900002
29.605 , 74.02 , 71.08 , 2.939995
29.607 , 73.98 , 71.08 , 2.900002
29.608 , 73.95 , 71.07 , 2.879997
29.61 , 73.98 , 71.07 , 2.910004
29.611 , 73.95 , 71.06 , 2.889999
29.613 , 73.95 , 71.06 , 2.889999
29.615 , 73.91 , 71.05 , 2.860001
29.616 , 73.91 , 71.05 , 2.860001
29.618 , 73.91 , 71.04 , 2.870003
29.619 , 73.91 , 71.04 , 2.870003
29.621 , 73.91 , 71.03 , 2.880005
29.622 , 73.88 , 71.03 , 2.849998
29.624 , 73.88 , 71.02 , 2.860001
29.626 , 73.91 , 71.02 , 2.890007
29.627 , 73.88 , 71.02 , 2.860001
29.629 , 73.88 , 71.01 , 2.869995
29.63 , 73.88 , 71.01 , 2.869995
29.632 , 73.86 , 71.0 , 2.860001
29.634 , 73.86 , 70.99 , 2.870003
29.635 , 73.82 , 70.99 , 2.830002
29.637 , 73.79 , 70.99 , 2.800003
29.638 , 73.79 , 70.98 , 2.809998
29.64 , 73.82 , 70.98 , 2.839996
29.642 , 73.82 , 70.97 , 2.849998
29.643 , 73.79 , 70.97 , 2.82
29.645 , 73.79 , 70.96 , 2.830002
29.646 , 73.82 , 70.96 , 2.860001
29.648 , 73.75 , 70.95 , 2.800003
29.65 , 73.79 , 70.95 , 2.840004
29.651 , 73.75 , 70.94 , 2.809998
29.653 , 73.79 , 70.94 , 2.849998
29.654 , 73.79 , 70.93 , 2.860001
29.656 , 73.75 , 70.93 , 2.82
29.658 , 73.75 , 70.92 , 2.830002
29.659 , 73.75 , 70.92 , 2.830002
29.661 , 73.75 , 70.91 , 2.839996
29.662 , 73.72 , 70.91 , 2.809998
29.664 , 73.72 , 70.9 , 2.82
29.666 , 73.72 , 70.9 , 2.82
29.667 , 73.72 , 70.9 , 2.82
29.669 , 73.68 , 70.89 , 2.790001
29.67 , 73.72 , 70.89 , 2.830002
29.672 , 73.75 , 70.88 , 2.870003
29.673 , 73.72 , 70.88 , 2.840004
29.675 , 73.72 , 70.87 , 2.849998
29.677 , 73.72 , 70.87 , 2.849998
29.678 , 73.68 , 70.86 , 2.82
29.68 , 73.72 , 70.86 , 2.860001
29.681 , 73.68 , 70.85 , 2.830002
29.683 , 73.72 , 70.85 , 2.870003
29.684 , 73.68 , 70.84 , 2.840004
29.686 , 73.68 , 70.84 , 2.840004
29.688 , 73.66 , 70.83 , 2.830002
29.689 , 73.66 , 70.83 , 2.830002
29.691 , 73.68 , 70.82 , 2.860001
29.692 , 73.66 , 70.82 , 2.840004
29.694 , 73.66 , 70.81 , 2.850006
29.695 , 73.68 , 70.81 , 2.870003
29.697 , 73.66 , 70.81 , 2.850006
29.707 , 73.63 , 70.78 , 2.849998
29.709 , 73.66 , 70.77 , 2.890007
29.71 , 73.63 , 70.77 , 2.860001
29.712 , 73.59 , 70.76 , 2.829994
29.713 , 73.63 , 70.76 , 2.869995
29.715 , 73.59 , 70.75 , 2.839996
29.717 , 73.59 , 70.75 , 2.839996
29.718 , 73.52 , 70.74 , 2.779999
29.72 , 73.56 , 70.74 , 2.82
29.722 , 73.56 , 70.73 , 2.829994
29.723 , 73.59 , 70.73 , 2.859993
29.725 , 73.56 , 70.72 , 2.839996
29.727 , 73.52 , 70.72 , 2.799995
29.728 , 73.52 , 70.71 , 2.809998
29.73 , 73.52 , 70.71 , 2.809998
29.732 , 73.52 , 70.7 , 2.82
29.733 , 73.52 , 70.7 , 2.82
29.735 , 73.52 , 70.69 , 2.829994
29.736 , 73.56 , 70.69 , 2.869995
29.738 , 73.52 , 70.68 , 2.839996
29.74 , 73.52 , 70.68 , 2.839996
29.741 , 73.56 , 70.67 , 2.889999
29.743 , 73.52 , 70.67 , 2.849998
29.745 , 73.5 , 70.66 , 2.839996
29.746 , 73.5 , 70.66 , 2.839996
29.748 , 73.5 , 70.65 , 2.849998
29.749 , 73.52 , 70.65 , 2.869995
29.751 , 73.5 , 70.64 , 2.860001
29.752 , 73.43 , 70.64 , 2.790001
29.754 , 73.47 , 70.64 , 2.830002
29.756 , 73.47 , 70.63 , 2.840004
29.757 , 73.5 , 70.63 , 2.870003
29.759 , 73.47 , 70.62 , 2.849998
29.76 , 73.5 , 70.62 , 2.879997
29.762 , 73.47 , 70.61 , 2.860001
29.763 , 73.43 , 70.61 , 2.82
29.765 , 73.47 , 70.6 , 2.870003
29.767 , 73.43 , 70.6 , 2.830002
29.768 , 73.43 , 70.59 , 2.840004
29.77 , 73.4 , 70.59 , 2.810005
29.771 , 73.43 , 70.58 , 2.849998
29.773 , 73.43 , 70.58 , 2.849998
29.774 , 73.43 , 70.58 , 2.849998
29.776 , 73.4 , 70.57 , 2.830002
29.778 , 73.4 , 70.56 , 2.840004
29.779 , 73.43 , 70.56 , 2.870003
29.781 , 73.4 , 70.55 , 2.849998
29.782 , 73.36 , 70.55 , 2.809998
29.784 , 73.36 , 70.55 , 2.809998
29.785 , 73.36 , 70.54 , 2.82
29.787 , 73.33 , 70.54 , 2.790001
29.789 , 73.36 , 70.53 , 2.830002
29.79 , 73.33 , 70.53 , 2.800003
29.792 , 73.36 , 70.52 , 2.840004
29.793 , 73.33 , 70.52 , 2.810005
29.795 , 73.33 , 70.51 , 2.82
29.796 , 73.33 , 70.51 , 2.82
29.798 , 73.29 , 70.5 , 2.790001
29.8 , 73.29 , 70.5 , 2.790001
29.801 , 73.29 , 70.5 , 2.790001
29.803 , 73.29 , 70.49 , 2.800003
29.804 , 73.27 , 70.49 , 2.779999
29.806 , 73.27 , 70.48 , 2.789993
29.807 , 73.27 , 70.48 , 2.789993
29.809 , 73.29 , 70.47 , 2.82
29.811 , 73.27 , 70.47 , 2.799995
29.812 , 73.27 , 70.46 , 2.809998
29.814 , 73.24 , 70.46 , 2.779999
29.816 , 73.27 , 70.45 , 2.82
29.817 , 73.24 , 70.45 , 2.790001
29.819 , 73.24 , 70.44 , 2.799995
29.82 , 73.27 , 70.44 , 2.829994
29.822 , 73.24 , 70.43 , 2.809998
29.824 , 73.24 , 70.43 , 2.809998
29.825 , 73.2 , 70.42 , 2.779999
29.827 , 73.2 , 70.42 , 2.779999
29.829 , 73.24 , 70.41 , 2.829994
29.83 , 73.2 , 70.41 , 2.789993
29.832 , 73.2 , 70.4 , 2.799995
29.833 , 73.13 , 70.4 , 2.729996
29.835 , 73.2 , 70.39 , 2.809998
29.837 , 73.17 , 70.39 , 2.779999
29.838 , 73.13 , 70.38 , 2.75
29.84 , 73.11 , 70.38 , 2.730003
29.842 , 73.13 , 70.37 , 2.759995
29.843 , 73.11 , 70.37 , 2.739998
29.845 , 73.08 , 70.36 , 2.720001
29.846 , 73.11 , 70.36 , 2.75
29.848 , 73.11 , 70.35 , 2.760002
29.849 , 73.13 , 70.35 , 2.779999
29.851 , 73.11 , 70.35 , 2.760002
29.853 , 73.08 , 70.34 , 2.740005
29.854 , 73.11 , 70.34 , 2.770004
29.856 , 73.08 , 70.33 , 2.75
29.857 , 73.11 , 70.33 , 2.779999
29.859 , 73.04 , 70.32 , 2.720001
29.86 , 73.08 , 70.32 , 2.760002
29.862 , 73.04 , 70.31 , 2.730003
29.863 , 73.04 , 70.31 , 2.730003
29.865 , 73.04 , 70.3 , 2.739998
29.866 , 73.04 , 70.3 , 2.739998
29.868 , 73.04 , 70.29 , 2.75
29.87 , 73.04 , 70.29 , 2.75
29.871 , 73.04 , 70.29 , 2.75
29.873 , 73.04 , 70.28 , 2.760002
29.874 , 72.99 , 70.28 , 2.709999
29.876 , 72.99 , 70.27 , 2.720001
29.877 , 73.04 , 70.27 , 2.770004
29.879 , 72.99 , 70.26 , 2.729996
29.881 , 73.04 , 70.26 , 2.779999
29.882 , 73.04 , 70.25 , 2.790001
29.884 , 72.99 , 70.25 , 2.739998
29.885 , 72.99 , 70.24 , 2.75
29.887 , 73.04 , 70.24 , 2.800003
29.889 , 73.04 , 70.23 , 2.809998
29.89 , 73.08 , 70.23 , 2.849998
29.892 , 73.08 , 70.22 , 2.860001
29.893 , 73.11 , 70.22 , 2.889999
29.895 , 73.11 , 70.21 , 2.900002
29.896 , 73.13 , 70.21 , 2.919998
29.898 , 73.13 , 70.2 , 2.93
29.9 , 73.17 , 70.2 , 2.970001
29.901 , 73.17 , 70.2 , 2.970001
29.903 , 73.2 , 70.19 , 3.009995
29.904 , 73.2 , 70.19 , 3.009995
29.906 , 73.2 , 70.18 , 3.019997
29.908 , 73.27 , 70.18 , 3.089996
29.909 , 73.29 , 70.17 , 3.120003
29.911 , 73.29 , 70.17 , 3.120003
29.912 , 73.29 , 70.16 , 3.129997
29.914 , 73.33 , 70.16 , 3.169998
29.916 , 73.29 , 70.15 , 3.139999
29.917 , 73.36 , 70.15 , 3.209999
29.919 , 73.36 , 70.14 , 3.220001
29.92 , 73.36 , 70.14 , 3.220001
29.922 , 73.4 , 70.13 , 3.270004
29.923 , 73.4 , 70.13 , 3.270004
29.925 , 73.4 , 70.12 , 3.279999
29.926 , 73.4 , 70.12 , 3.279999
29.928 , 73.43 , 70.12 , 3.309998
29.929 , 73.43 , 70.11 , 3.32
29.931 , 73.47 , 70.11 , 3.360001
29.932 , 73.5 , 70.1 , 3.400002
29.934 , 73.47 , 70.1 , 3.370003
29.936 , 73.5 , 70.09 , 3.410004
29.937 , 73.47 , 70.09 , 3.380005
29.939 , 73.5 , 70.08 , 3.419998
29.94 , 73.5 , 70.08 , 3.419998
29.942 , 73.56 , 70.07 , 3.489998
29.943 , 73.52 , 70.07 , 3.449997
29.945 , 73.52 , 70.06 , 3.459999
29.947 , 73.56 , 70.06 , 3.5
29.948 , 73.52 , 70.06 , 3.459999
29.95 , 73.56 , 70.05 , 3.509995
29.952 , 73.56 , 70.04 , 3.519997
29.953 , 73.56 , 70.04 , 3.519997
29.955 , 73.56 , 70.03 , 3.529999
29.957 , 73.56 , 70.03 , 3.529999
29.958 , 73.56 , 70.03 , 3.529999
29.96 , 73.59 , 70.02 , 3.57
29.962 , 73.56 , 70.01 , 3.549995
29.963 , 73.59 , 70.01 , 3.579994
29.965 , 73.52 , 70.0 , 3.519997
29.966 , 73.52 , 70.0 , 3.519997
29.968 , 73.56 , 70.0 , 3.559998
29.97 , 73.56 , 69.99 , 3.57
29.971 , 73.56 , 69.99 , 3.57
29.973 , 73.56 , 69.98 , 3.579994
29.975 , 73.52 , 69.97 , 3.549995
29.976 , 73.56 , 69.97 , 3.589996
29.978 , 73.52 , 69.97 , 3.549995
29.98 , 73.56 , 69.96 , 3.599998
29.981 , 73.56 , 69.96 , 3.599998
29.983 , 73.52 , 69.95 , 3.57
29.985 , 73.56 , 69.94 , 3.619995
29.986 , 73.52 , 69.94 , 3.579994
29.988 , 73.56 , 69.94 , 3.619995
29.99 , 73.5 , 69.93 , 3.57
29.991 , 73.5 , 69.93 , 3.57
29.993 , 73.56 , 69.92 , 3.639999
29.994 , 73.5 , 69.92 , 3.580002
29.996 , 73.5 , 69.91 , 3.589996
29.998 , 73.47 , 69.91 , 3.559998
29.999 , 73.5 , 69.9 , 3.599998
30.001 , 73.5 , 69.9 , 3.599998
30.002 , 73.5 , 69.89 , 3.610001
30.004 , 73.5 , 69.89 , 3.610001
30.005 , 73.5 , 69.89 , 3.610001
30.007 , 73.47 , 69.88 , 3.590004
30.009 , 73.47 , 69.87 , 3.599998
30.01 , 73.47 , 69.87 , 3.599998
30.012 , 73.4 , 69.86 , 3.540001
30.013 , 73.4 , 69.86 , 3.540001
30.015 , 73.4 , 69.86 , 3.540001
30.016 , 73.43 , 69.85 , 3.580002
30.018 , 73.4 , 69.85 , 3.550003
30.019 , 73.4 , 69.84 , 3.560005
30.021 , 73.4 , 69.84 , 3.560005
30.023 , 73.4 , 69.83 , 3.57
30.024 , 73.36 , 69.83 , 3.529999
30.026 , 73.4 , 69.82 , 3.580002
30.027 , 73.36 , 69.82 , 3.540001
30.029 , 73.36 , 69.81 , 3.550003
30.03 , 73.33 , 69.81 , 3.520004
30.032 , 73.29 , 69.8 , 3.489998
30.033 , 73.29 , 69.8 , 3.489998
30.035 , 73.29 , 69.8 , 3.489998
30.037 , 73.33 , 69.79 , 3.540001
30.038 , 73.27 , 69.79 , 3.479996
30.04 , 73.27 , 69.78 , 3.489998
30.041 , 73.27 , 69.78 , 3.489998
30.043 , 73.27 , 69.77 , 3.5
30.045 , 73.24 , 69.77 , 3.470001
30.046 , 73.27 , 69.76 , 3.509995
30.048 , 73.2 , 69.76 , 3.439995
30.049 , 73.24 , 69.75 , 3.489998
30.051 , 73.2 , 69.75 , 3.449997
30.053 , 73.17 , 69.74 , 3.43
30.054 , 73.13 , 69.74 , 3.389999
30.056 , 73.17 , 69.73 , 3.439995
30.057 , 73.13 , 69.73 , 3.399994
30.059 , 73.13 , 69.72 , 3.409996
30.061 , 73.08 , 69.72 , 3.360001
30.062 , 73.11 , 69.71 , 3.400002
30.064 , 73.11 , 69.71 , 3.400002
30.065 , 73.11 , 69.71 , 3.400002
30.067 , 73.08 , 69.7 , 3.380005
30.068 , 73.08 , 69.7 , 3.380005
30.07 , 73.08 , 69.69 , 3.389999
30.072 , 72.99 , 69.68 , 3.309998
30.073 , 73.04 , 69.68 , 3.360001
30.075 , 72.99 , 69.68 , 3.309998
30.076 , 73.04 , 69.67 , 3.370003
30.078 , 72.95 , 69.67 , 3.279999
30.08 , 72.99 , 69.66 , 3.329994
30.081 , 72.95 , 69.66 , 3.289993
30.083 , 72.95 , 69.65 , 3.299995
30.084 , 72.95 , 69.65 , 3.299995
30.086 , 72.95 , 69.64 , 3.309998
30.088 , 72.9 , 69.64 , 3.260002
30.089 , 72.92 , 69.63 , 3.290001
30.091 , 72.9 , 69.63 , 3.270004
30.092 , 72.85 , 69.62 , 3.229996
30.094 , 72.83 , 69.62 , 3.209999
30.096 , 72.85 , 69.61 , 3.239998
30.097 , 72.85 , 69.61 , 3.239998
30.099 , 72.83 , 69.6 , 3.230003
30.1 , 72.79 , 69.6 , 3.190002
30.102 , 72.79 , 69.6 , 3.190002
30.104 , 72.79 , 69.59 , 3.200005
30.105 , 72.76 , 69.59 , 3.170006
30.107 , 72.76 , 69.58 , 3.18
30.108 , 72.79 , 69.58 , 3.209999
30.11 , 72.76 , 69.57 , 3.190002
30.111 , 72.69 , 69.57 , 3.120003
30.113 , 72.72 , 69.56 , 3.160004
30.114 , 72.69 , 69.56 , 3.130005
30.116 , 72.69 , 69.55 , 3.139999
30.117 , 72.67 , 69.55 , 3.119995
30.119 , 72.69 , 69.54 , 3.150002
30.121 , 72.67 , 69.54 , 3.129997
30.122 , 72.63 , 69.54 , 3.089996
30.124 , 72.63 , 69.53 , 3.099998
30.125 , 72.63 , 69.53 , 3.099998
30.127 , 72.63 , 69.52 , 3.110001
30.129 , 72.6 , 69.51 , 3.089996
30.13 , 72.6 , 69.51 , 3.089996
30.132 , 72.6 , 69.51 , 3.089996
30.133 , 72.56 , 69.5 , 3.059998
30.135 , 72.53 , 69.5 , 3.029999
30.137 , 72.56 , 69.49 , 3.07
30.138 , 72.53 , 69.49 , 3.040001
30.14 , 72.56 , 69.48 , 3.079994
30.141 , 72.51 , 69.48 , 3.029999
30.143 , 72.51 , 69.47 , 3.040001
30.145 , 72.47 , 69.47 , 3.0
30.146 , 72.51 , 69.46 , 3.050003
30.148 , 72.47 , 69.46 , 3.010002
30.149 , 72.51 , 69.45 , 3.060005
30.151 , 72.47 , 69.45 , 3.020004
30.152 , 72.47 , 69.45 , 3.020004
30.154 , 72.44 , 69.44 , 3.0
30.155 , 72.47 , 69.44 , 3.029999
30.157 , 72.4 , 69.43 , 2.970001
30.158 , 72.44 , 69.43 , 3.010002
30.16 , 72.44 , 69.42 , 3.020004
30.161 , 72.44 , 69.42 , 3.020004
30.163 , 72.4 , 69.41 , 2.989998
30.164 , 72.37 , 69.41 , 2.959999
30.166 , 72.4 , 69.4 , 3.0
30.167 , 72.37 , 69.4 , 2.970001
30.169 , 72.4 , 69.39 , 3.010002
30.171 , 72.37 , 69.39 , 2.980003
30.172 , 72.37 , 69.39 , 2.980003
30.174 , 72.37 , 69.38 , 2.990005
30.175 , 72.37 , 69.38 , 2.990005
30.177 , 72.33 , 69.37 , 2.959999
30.178 , 72.33 , 69.37 , 2.959999
30.18 , 72.33 , 69.36 , 2.970001
30.181 , 72.33 , 69.36 , 2.970001
30.183 , 72.33 , 69.35 , 2.980003
30.185 , 72.33 , 69.35 , 2.980003
30.186 , 72.3 , 69.34 , 2.960007
30.188 , 72.24 , 69.34 , 2.900002
30.189 , 72.3 , 69.33 , 2.970001
30.191 , 72.3 , 69.33 , 2.970001
30.192 , 72.24 , 69.33 , 2.909996
30.194 , 72.24 , 69.32 , 2.919998
30.196 , 72.24 , 69.31 , 2.93
30.197 , 72.24 , 69.31 , 2.93
30.199 , 72.24 , 69.3 , 2.939995
30.2 , 72.24 , 69.3 , 2.939995
30.202 , 72.24 , 69.3 , 2.939995
30.204 , 72.24 , 69.29 , 2.949997
30.205 , 72.24 , 69.29 , 2.949997
30.207 , 72.21 , 69.28 , 2.93
30.208 , 72.17 , 69.28 , 2.889999
30.21 , 72.17 , 69.27 , 2.900002
30.212 , 72.17 , 69.27 , 2.900002
30.213 , 72.21 , 69.26 , 2.949997
30.215 , 72.21 , 69.26 , 2.949997
30.216 , 72.14 , 69.25 , 2.889999
30.218 , 72.17 , 69.25 , 2.919998
30.22 , 72.17 , 69.24 , 2.93
30.221 , 72.14 , 69.24 , 2.900002
30.223 , 72.17 , 69.23 , 2.939995
30.225 , 72.17 , 69.23 , 2.939995
30.226 , 72.12 , 69.22 , 2.900002
30.228 , 72.14 , 69.22 , 2.919998
30.229 , 72.14 , 69.22 , 2.919998
30.231 , 72.14 , 69.21 , 2.93
30.232 , 72.14 , 69.21 , 2.93
30.234 , 72.12 , 69.2 , 2.920006
30.235 , 72.14 , 69.2 , 2.940002
30.237 , 72.14 , 69.19 , 2.949997
30.239 , 72.14 , 69.19 , 2.949997
30.24 , 72.14 , 69.18 , 2.959999
30.242 , 72.14 , 69.18 , 2.959999
30.243 , 72.12 , 69.17 , 2.950005
30.245 , 72.12 , 69.17 , 2.950005
30.247 , 72.12 , 69.16 , 2.959999
30.248 , 72.14 , 69.16 , 2.979996
30.25 , 72.08 , 69.15 , 2.93
30.251 , 72.12 , 69.15 , 2.970001
30.253 , 72.08 , 69.14 , 2.940002
30.254 , 72.12 , 69.14 , 2.980003
30.256 , 72.08 , 69.13 , 2.950005
30.257 , 72.12 , 69.13 , 2.990005
30.259 , 72.08 , 69.13 , 2.950005
30.261 , 72.08 , 69.12 , 2.959999
30.262 , 72.08 , 69.12 , 2.959999
30.264 , 72.08 , 69.11 , 2.970001
30.265 , 72.05 , 69.11 , 2.940002
30.267 , 72.08 , 69.1 , 2.980003
30.268 , 72.05 , 69.1 , 2.950005
30.27 , 72.05 , 69.09 , 2.960007
30.271 , 72.05 , 69.09 , 2.960007
30.273 , 72.01 , 69.08 , 2.93
30.275 , 72.01 , 69.08 , 2.93
30.276 , 71.98 , 69.07 , 2.910004
30.278 , 72.01 , 69.07 , 2.940002
30.279 , 72.01 , 69.07 , 2.940002
30.281 , 71.98 , 69.06 , 2.920006
30.282 , 72.01 , 69.06 , 2.950005
30.284 , 71.98 , 69.05 , 2.93
30.285 , 71.98 , 69.05 , 2.93
30.287 , 71.98 , 69.04 , 2.940002
30.289 , 71.96 , 69.04 , 2.919998
30.29 , 72.01 , 69.03 , 2.980003
30.292 , 71.98 , 69.03 , 2.950005
30.293 , 71.96 , 69.02 , 2.940002
30.295 , 71.92 , 69.02 , 2.900002
30.297 , 71.96 , 69.01 , 2.949997
30.298 , 71.92 , 69.01 , 2.909996
30.3 , 71.92 , 69.0 , 2.919998
30.301 , 71.92 , 69.0 , 2.919998
30.303 , 71.92 , 68.99 , 2.93
30.305 , 71.89 , 68.99 , 2.900002
30.306 , 71.89 , 68.99 , 2.900002
30.308 , 71.92 , 68.98 , 2.939995
30.309 , 71.92 , 68.98 , 2.939995
30.311 , 71.89 , 68.97 , 2.919998
30.313 , 71.85 , 68.96 , 2.889999
30.314 , 71.82 , 68.96 , 2.860001
30.316 , 71.89 , 68.96 , 2.93
30.318 , 71.85 , 68.95 , 2.900002
30.319 , 71.89 , 68.95 , 2.940002
30.321 , 71.82 , 68.94 , 2.879997
30.322 , 71.85 , 68.94 , 2.909996
30.324 , 71.82 , 68.93 , 2.889999
30.326 , 71.82 , 68.93 , 2.889999
30.327 , 71.78 , 68.92 , 2.860001
30.329 , 71.78 , 68.92 , 2.860001
30.331 , 71.78 , 68.91 , 2.869995
30.332 , 71.78 , 68.91 , 2.869995
30.334 , 71.78 , 68.9 , 2.879997
30.335 , 71.76 , 68.9 , 2.860001
30.337 , 71.76 , 68.89 , 2.870003
30.339 , 71.78 , 68.89 , 2.889999
30.34 , 71.78 , 68.88 , 2.900002
30.342 , 71.76 , 68.88 , 2.880005
30.343 , 71.78 , 68.87 , 2.909996
30.345 , 71.76 , 68.87 , 2.889999
30.347 , 71.73 , 68.86 , 2.870003
30.348 , 71.76 , 68.86 , 2.900002
30.35 , 71.78 , 68.85 , 2.93
30.351 , 71.73 , 68.85 , 2.880005
30.353 , 71.73 , 68.84 , 2.890007
30.354 , 71.73 , 68.84 , 2.890007
30.356 , 71.73 , 68.84 , 2.890007
30.358 , 71.69 , 68.83 , 2.860001
30.359 , 71.69 , 68.83 , 2.860001
30.361 , 71.69 , 68.82 , 2.870003
30.362 , 71.69 , 68.82 , 2.870003
30.364 , 71.69 , 68.81 , 2.880005
30.365 , 71.66 , 68.81 , 2.850006
30.367 , 71.66 , 68.8 , 2.860001
30.369 , 71.66 , 68.8 , 2.860001
30.37 , 71.62 , 68.79 , 2.830002
30.372 , 71.62 , 68.79 , 2.830002
30.373 , 71.62 , 68.78 , 2.840004
30.375 , 71.62 , 68.78 , 2.840004
30.376 , 71.62 , 68.78 , 2.840004
30.378 , 71.62 , 68.77 , 2.850006
30.379 , 71.62 , 68.77 , 2.850006
30.381 , 71.6 , 68.76 , 2.839996
30.383 , 71.6 , 68.75 , 2.849998
30.384 , 71.62 , 68.75 , 2.870003
30.386 , 71.6 , 68.75 , 2.849998
30.387 , 71.57 , 68.74 , 2.830002
30.389 , 71.6 , 68.74 , 2.860001
30.399 , 71.53 , 68.71 , 2.82
30.401 , 71.53 , 68.7 , 2.830002
30.402 , 71.5 , 68.7 , 2.800003
30.404 , 71.53 , 68.69 , 2.839996
30.405 , 71.5 , 68.69 , 2.809998
30.407 , 71.46 , 68.68 , 2.779999
30.409 , 71.5 , 68.68 , 2.82
30.41 , 71.5 , 68.67 , 2.830002
30.412 , 71.5 , 68.67 , 2.830002
30.413 , 71.46 , 68.67 , 2.790001
30.415 , 71.46 , 68.66 , 2.799995
30.416 , 71.44 , 68.66 , 2.779999
30.418 , 71.44 , 68.65 , 2.790001
30.42 , 71.44 , 68.64 , 2.800003
30.421 , 71.41 , 68.64 , 2.770004
30.423 , 71.44 , 68.64 , 2.800003
30.424 , 71.41 , 68.63 , 2.780006
30.426 , 71.41 , 68.63 , 2.780006
30.427 , 71.37 , 68.62 , 2.75
30.429 , 71.37 , 68.62 , 2.75
30.43 , 71.37 , 68.61 , 2.760002
30.432 , 71.41 , 68.61 , 2.800003
30.433 , 71.37 , 68.61 , 2.760002
30.435 , 71.34 , 68.6 , 2.739998
30.436 , 71.37 , 68.6 , 2.770004
30.438 , 71.34 , 68.59 , 2.75
30.44 , 71.37 , 68.58 , 2.790001
30.441 , 71.37 , 68.58 , 2.790001
30.443 , 71.34 , 68.58 , 2.759995
30.444 , 71.34 , 68.57 , 2.769997
30.446 , 71.37 , 68.57 , 2.800003
30.447 , 71.34 , 68.56 , 2.779999
30.449 , 71.34 , 68.56 , 2.779999
30.451 , 71.34 , 68.55 , 2.789993
30.452 , 71.27 , 68.55 , 2.719994
30.454 , 71.27 , 68.54 , 2.729996
30.456 , 71.27 , 68.54 , 2.729996
30.457 , 71.27 , 68.53 , 2.739998
30.459 , 71.27 , 68.53 , 2.739998
30.461 , 71.27 , 68.52 , 2.75
30.462 , 71.23 , 68.52 , 2.710007
30.464 , 71.23 , 68.51 , 2.720001
30.465 , 71.23 , 68.51 , 2.720001
30.467 , 71.23 , 68.5 , 2.730003
30.468 , 71.21 , 68.5 , 2.709999
30.47 , 71.21 , 68.49 , 2.720001
30.471 , 71.21 , 68.49 , 2.720001
30.473 , 71.21 , 68.49 , 2.720001
30.475 , 71.21 , 68.48 , 2.729996
30.476 , 71.21 , 68.48 , 2.729996
30.478 , 71.21 , 68.47 , 2.739998
30.479 , 71.23 , 68.47 , 2.760002
30.481 , 71.14 , 68.46 , 2.68
30.482 , 71.18 , 68.46 , 2.720001
30.484 , 71.21 , 68.45 , 2.760002
30.486 , 71.14 , 68.45 , 2.690002
30.487 , 71.14 , 68.44 , 2.699997
30.489 , 71.18 , 68.44 , 2.739998
30.49 , 71.14 , 68.43 , 2.709999
30.492 , 71.18 , 68.43 , 2.75
30.494 , 71.11 , 68.42 , 2.690002
30.495 , 71.14 , 68.42 , 2.720001
30.497 , 71.14 , 68.41 , 2.729996
30.498 , 71.14 , 68.41 , 2.729996
30.5 , 71.14 , 68.4 , 2.739998
30.502 , 71.14 , 68.4 , 2.739998
30.503 , 71.11 , 68.4 , 2.709999
30.505 , 71.11 , 68.39 , 2.720001
30.506 , 71.11 , 68.39 , 2.720001
30.508 , 71.07 , 68.38 , 2.690002
30.509 , 71.11 , 68.38 , 2.730003
30.511 , 71.07 , 68.37 , 2.699997
30.513 , 71.11 , 68.37 , 2.739998
30.514 , 71.07 , 68.36 , 2.709999
30.516 , 71.07 , 68.36 , 2.709999
30.517 , 71.07 , 68.35 , 2.720001
30.519 , 71.07 , 68.35 , 2.720001
30.521 , 71.05 , 68.34 , 2.710007
30.522 , 71.07 , 68.34 , 2.730003
30.524 , 71.05 , 68.33 , 2.720001
30.525 , 71.05 , 68.33 , 2.720001
30.527 , 71.05 , 68.32 , 2.730003
30.528 , 71.05 , 68.32 , 2.730003
30.53 , 71.02 , 68.32 , 2.699997
30.531 , 71.02 , 68.31 , 2.709999
30.533 , 71.02 , 68.31 , 2.709999
30.535 , 71.02 , 68.3 , 2.719994
30.536 , 71.02 , 68.3 , 2.719994
30.538 , 70.98 , 68.29 , 2.690002
30.539 , 70.98 , 68.29 , 2.690002
30.541 , 71.02 , 68.28 , 2.739998
30.543 , 70.98 , 68.28 , 2.700005
30.544 , 70.98 , 68.27 , 2.710007
30.546 , 70.95 , 68.27 , 2.68
30.547 , 70.95 , 68.26 , 2.689995
30.549 , 70.98 , 68.26 , 2.720001
30.55 , 70.95 , 68.26 , 2.689995
30.552 , 70.98 , 68.25 , 2.730003
30.554 , 70.95 , 68.24 , 2.709999
30.555 , 70.95 , 68.24 , 2.709999
30.557 , 70.95 , 68.23 , 2.719994
30.559 , 70.98 , 68.23 , 2.75
30.56 , 70.95 , 68.23 , 2.719994
30.562 , 70.95 , 68.22 , 2.729996
30.563 , 70.95 , 68.22 , 2.729996
30.565 , 70.95 , 68.21 , 2.739998
30.567 , 70.91 , 68.2 , 2.710007
30.568 , 70.95 , 68.2 , 2.75
30.57 , 70.91 , 68.2 , 2.710007
30.571 , 70.91 , 68.19 , 2.720001
30.573 , 70.89 , 68.19 , 2.699997
30.574 , 70.91 , 68.18 , 2.730003
30.576 , 70.91 , 68.18 , 2.730003
30.577 , 70.89 , 68.17 , 2.720001
30.579 , 70.89 , 68.17 , 2.720001
30.581 , 70.89 , 68.16 , 2.729996
30.582 , 70.89 , 68.16 , 2.729996
30.584 , 70.91 , 68.15 , 2.760002
30.585 , 70.84 , 68.15 , 2.689995
30.587 , 70.84 , 68.14 , 2.699997
30.589 , 70.84 , 68.14 , 2.699997
30.59 , 70.89 , 68.14 , 2.75
30.592 , 70.84 , 68.13 , 2.709999
30.594 , 70.84 , 68.12 , 2.719994
30.595 , 70.84 , 68.12 , 2.719994
30.597 , 70.84 , 68.11 , 2.729996
30.598 , 70.84 , 68.11 , 2.729996
30.6 , 70.84 , 68.11 , 2.729996
30.602 , 70.82 , 68.1 , 2.720001
30.603 , 70.79 , 68.1 , 2.690002
30.605 , 70.82 , 68.09 , 2.730003
30.606 , 70.82 , 68.09 , 2.730003
30.608 , 70.79 , 68.08 , 2.709999
30.61 , 70.75 , 68.08 , 2.669998
30.611 , 70.79 , 68.07 , 2.720001
30.613 , 70.75 , 68.07 , 2.68
30.614 , 70.75 , 68.06 , 2.690002
30.616 , 70.75 , 68.06 , 2.690002
30.617 , 70.79 , 68.06 , 2.730003
30.619 , 70.75 , 68.05 , 2.699997
30.62 , 70.75 , 68.05 , 2.699997
30.622 , 70.73 , 68.04 , 2.690002
30.623 , 70.75 , 68.04 , 2.709999
30.625 , 70.73 , 68.03 , 2.700005
30.626 , 70.73 , 68.03 , 2.700005
30.628 , 70.68 , 68.02 , 2.660004
30.63 , 70.73 , 68.02 , 2.710007
30.631 , 70.73 , 68.01 , 2.720001
30.633 , 70.68 , 68.01 , 2.669998
30.634 , 70.68 , 68.0 , 2.68
30.636 , 70.68 , 68.0 , 2.68
30.637 , 70.68 , 68.0 , 2.68
30.639 , 70.68 , 67.99 , 2.690002
30.64 , 70.68 , 67.99 , 2.690002
30.642 , 70.66 , 67.98 , 2.68
30.644 , 70.66 , 67.97 , 2.690002
30.645 , 70.66 , 67.97 , 2.690002
30.647 , 70.66 , 67.97 , 2.690002
30.648 , 70.66 , 67.96 , 2.700005
30.65 , 70.66 , 67.96 , 2.700005
30.651 , 70.63 , 67.95 , 2.68
30.653 , 70.66 , 67.95 , 2.710007
30.655 , 70.63 , 67.94 , 2.689995
30.656 , 70.63 , 67.94 , 2.689995
30.658 , 70.66 , 67.93 , 2.730003
30.659 , 70.63 , 67.93 , 2.699997
30.661 , 70.59 , 67.92 , 2.669998
30.663 , 70.59 , 67.92 , 2.669998
30.664 , 70.59 , 67.91 , 2.679993
30.666 , 70.63 , 67.91 , 2.719994
30.667 , 70.59 , 67.91 , 2.679993
30.669 , 70.59 , 67.9 , 2.689995
30.671 , 70.57 , 67.89 , 2.68
30.672 , 70.59 , 67.89 , 2.699997
30.674 , 70.59 , 67.88 , 2.709999
30.676 , 70.57 , 67.88 , 2.690002
30.677 , 70.59 , 67.88 , 2.709999
30.679 , 70.52 , 67.87 , 2.649994
30.681 , 70.52 , 67.86 , 2.659996
30.682 , 70.57 , 67.86 , 2.709999
30.684 , 70.52 , 67.85 , 2.669998
30.686 , 70.52 , 67.85 , 2.669998
30.687 , 70.52 , 67.85 , 2.669998
30.689 , 70.57 , 67.84 , 2.730003
30.69 , 70.5 , 67.84 , 2.660004
30.692 , 70.52 , 67.83 , 2.689995
30.694 , 70.52 , 67.82 , 2.699997
30.695 , 70.52 , 67.82 , 2.699997
30.697 , 70.57 , 67.82 , 2.75
30.699 , 70.52 , 67.81 , 2.709999
30.7 , 70.52 , 67.81 , 2.709999
30.702 , 70.52 , 67.8 , 2.719994
30.703 , 70.57 , 67.8 , 2.769997
30.705 , 70.52 , 67.79 , 2.729996
30.707 , 70.52 , 67.79 , 2.729996
30.708 , 70.57 , 67.78 , 2.790001
30.71 , 70.59 , 67.78 , 2.809998
30.712 , 70.57 , 67.77 , 2.800003
30.713 , 70.63 , 67.77 , 2.860001
30.715 , 70.63 , 67.76 , 2.869995
30.716 , 70.63 , 67.76 , 2.869995
30.718 , 70.66 , 67.75 , 2.910004
30.72 , 70.66 , 67.75 , 2.910004
30.721 , 70.68 , 67.74 , 2.940002
30.723 , 70.68 , 67.74 , 2.940002
30.724 , 70.73 , 67.74 , 2.990005
30.726 , 70.73 , 67.73 , 3.0
30.727 , 70.75 , 67.73 , 3.019997
30.729 , 70.75 , 67.72 , 3.029999
30.73 , 70.75 , 67.72 , 3.029999
30.732 , 70.75 , 67.71 , 3.040001
30.734 , 70.82 , 67.71 , 3.110001
30.735 , 70.84 , 67.7 , 3.139999
30.737 , 70.82 , 67.7 , 3.120003
30.738 , 70.89 , 67.69 , 3.199997
30.74 , 70.84 , 67.69 , 3.149994
30.742 , 70.89 , 67.68 , 3.209999
30.743 , 70.89 , 67.68 , 3.209999
30.745 , 70.89 , 67.67 , 3.220001
30.746 , 70.89 , 67.67 , 3.220001
30.748 , 70.91 , 67.66 , 3.25
30.75 , 70.91 , 67.66 , 3.25
30.751 , 70.91 , 67.65 , 3.260002
30.753 , 70.95 , 67.65 , 3.299995
30.754 , 70.98 , 67.65 , 3.330002
30.756 , 70.98 , 67.64 , 3.340004
30.757 , 70.95 , 67.64 , 3.309998
30.759 , 70.98 , 67.63 , 3.350006
30.761 , 70.98 , 67.62 , 3.360001
30.762 , 71.02 , 67.62 , 3.399994
30.764 , 70.98 , 67.62 , 3.360001
30.765 , 70.98 , 67.61 , 3.370003
30.767 , 70.98 , 67.61 , 3.370003
30.768 , 70.98 , 67.6 , 3.380005
30.77 , 71.02 , 67.6 , 3.419998
30.772 , 71.02 , 67.59 , 3.43
30.773 , 71.02 , 67.59 , 3.43
30.775 , 71.02 , 67.58 , 3.439995
30.776 , 71.02 , 67.58 , 3.439995
30.778 , 71.05 , 67.57 , 3.480003
30.78 , 71.02 , 67.57 , 3.449997
30.781 , 71.05 , 67.56 , 3.490005
30.783 , 71.05 , 67.56 , 3.490005
30.784 , 71.05 , 67.56 , 3.490005
30.786 , 71.05 , 67.55 , 3.5
30.787 , 71.05 , 67.55 , 3.5
30.789 , 71.02 , 67.54 , 3.479996
30.791 , 71.02 , 67.53 , 3.489998
30.792 , 71.05 , 67.53 , 3.520004
30.794 , 70.98 , 67.53 , 3.450005
30.795 , 71.02 , 67.52 , 3.5
30.797 , 71.02 , 67.52 , 3.5
30.799 , 71.02 , 67.51 , 3.509995
30.8 , 71.05 , 67.51 , 3.540001
30.802 , 71.02 , 67.5 , 3.519997
30.803 , 71.05 , 67.5 , 3.550003
30.805 , 71.02 , 67.49 , 3.529999
30.806 , 71.05 , 67.49 , 3.560005
30.808 , 71.02 , 67.48 , 3.539993
30.81 , 71.02 , 67.48 , 3.539993
30.811 , 71.02 , 67.48 , 3.539993
30.813 , 71.02 , 67.47 , 3.549995
30.814 , 70.98 , 67.47 , 3.510002
30.816 , 71.02 , 67.46 , 3.559998
30.817 , 70.98 , 67.46 , 3.520004
30.819 , 70.98 , 67.45 , 3.530006
30.821 , 70.98 , 67.45 , 3.530006
30.822 , 70.98 , 67.44 , 3.540001
30.824 , 70.98 , 67.44 , 3.540001
30.825 , 70.95 , 67.43 , 3.519997
30.827 , 70.95 , 67.43 , 3.519997
30.829 , 70.95 , 67.42 , 3.529999
30.83 , 70.91 , 67.42 , 3.490005
30.832 , 70.91 , 67.41 , 3.5
30.833 , 70.91 , 67.41 , 3.5
30.835 , 70.91 , 67.4 , 3.510002
30.836 , 70.89 , 67.4 , 3.489998
30.838 , 70.91 , 67.39 , 3.520004
30.839 , 70.89 , 67.39 , 3.5
30.841 , 70.91 , 67.39 , 3.520004
30.843 , 70.89 , 67.38 , 3.510002
30.844 , 70.89 , 67.38 , 3.510002
30.846 , 70.89 , 67.37 , 3.519997
30.847 , 70.89 , 67.37 , 3.519997
30.849 , 70.84 , 67.36 , 3.479996
30.851 , 70.84 , 67.36 , 3.479996
30.852 , 70.82 , 67.35 , 3.470001
30.854 , 70.84 , 67.35 , 3.489998
30.856 , 70.82 , 67.34 , 3.480003
30.857 , 70.82 , 67.34 , 3.480003
30.859 , 70.79 , 67.33 , 3.459999
30.86 , 70.79 , 67.33 , 3.459999
30.862 , 70.79 , 67.32 , 3.470001
30.863 , 70.79 , 67.32 , 3.470001
30.865 , 70.75 , 67.31 , 3.440002
30.867 , 70.75 , 67.31 , 3.440002
30.868 , 70.73 , 67.3 , 3.43
30.87 , 70.75 , 67.3 , 3.449997
30.871 , 70.73 , 67.3 , 3.43
30.873 , 70.73 , 67.29 , 3.440002
30.874 , 70.68 , 67.29 , 3.389999
30.876 , 70.68 , 67.28 , 3.400002
30.877 , 70.68 , 67.28 , 3.400002
30.879 , 70.68 , 67.27 , 3.410004
30.881 , 70.66 , 67.27 , 3.390007
30.882 , 70.66 , 67.26 , 3.400002
30.884 , 70.63 , 67.26 , 3.369995
30.885 , 70.66 , 67.25 , 3.410004
30.887 , 70.63 , 67.25 , 3.379997
30.888 , 70.63 , 67.24 , 3.389999
30.89 , 70.59 , 67.24 , 3.349998
30.892 , 70.57 , 67.23 , 3.339996
30.893 , 70.63 , 67.23 , 3.399994
30.895 , 70.57 , 67.22 , 3.349998
30.896 , 70.57 , 67.22 , 3.349998
30.898 , 70.57 , 67.21 , 3.360001
30.9 , 70.52 , 67.21 , 3.309998
30.901 , 70.5 , 67.21 , 3.290001
30.903 , 70.52 , 67.2 , 3.32
30.905 , 70.52 , 67.19 , 3.329994
30.906 , 70.47 , 67.19 , 3.279999
30.908 , 70.5 , 67.19 , 3.309998
30.909 , 70.47 , 67.18 , 3.290001
30.911 , 70.5 , 67.18 , 3.32
30.912 , 70.47 , 67.17 , 3.300003
30.914 , 70.41 , 67.17 , 3.240005
30.915 , 70.47 , 67.16 , 3.309998
30.917 , 70.43 , 67.16 , 3.269997
30.919 , 70.43 , 67.15 , 3.279999
30.92 , 70.41 , 67.15 , 3.260002
30.922 , 70.36 , 67.14 , 3.220001
30.923 , 70.36 , 67.14 , 3.220001
30.925 , 70.29 , 67.13 , 3.160004
30.926 , 70.34 , 67.13 , 3.209999
30.928 , 70.34 , 67.13 , 3.209999
30.929 , 70.29 , 67.12 , 3.169998
30.931 , 70.29 , 67.12 , 3.169998
30.932 , 70.29 , 67.11 , 3.18
30.934 , 70.24 , 67.11 , 3.129997
30.936 , 70.24 , 67.1 , 3.139999
30.937 , 70.27 , 67.1 , 3.169998
30.939 , 70.27 , 67.09 , 3.18
30.94 , 70.24 , 67.09 , 3.150002
30.942 , 70.18 , 67.08 , 3.099998
30.944 , 70.2 , 67.08 , 3.119995
30.945 , 70.24 , 67.07 , 3.169998
30.947 , 70.18 , 67.07 , 3.110001
30.948 , 70.18 , 67.07 , 3.110001
30.95 , 70.13 , 67.06 , 3.07
30.952 , 70.13 , 67.05 , 3.079994
30.953 , 70.13 , 67.05 , 3.079994
30.955 , 70.11 , 67.04 , 3.07
30.956 , 70.13 , 67.04 , 3.089996
30.958 , 70.11 , 67.04 , 3.07
30.96 , 70.08 , 67.03 , 3.050003
30.961 , 70.11 , 67.03 , 3.080002
30.963 , 70.04 , 67.02 , 3.020004
30.964 , 70.08 , 67.02 , 3.060005
30.966 , 70.04 , 67.01 , 3.029999
30.967 , 70.04 , 67.01 , 3.029999
30.969 , 70.04 , 67.0 , 3.040001
30.97 , 70.02 , 67.0 , 3.019997
30.972 , 70.04 , 66.99 , 3.050003
30.974 , 69.97 , 66.99 , 2.980003
30.975 , 70.04 , 66.98 , 3.059998
30.977 , 70.02 , 66.98 , 3.039993
30.978 , 70.02 , 66.98 , 3.039993
30.98 , 69.97 , 66.97 , 3.0
30.981 , 69.97 , 66.97 , 3.0
30.983 , 69.97 , 66.96 , 3.010002
30.985 , 69.97 , 66.95 , 3.020004
30.986 , 70.02 , 66.95 , 3.07
30.988 , 69.95 , 66.95 , 3.0
30.989 , 69.97 , 66.94 , 3.029999
30.991 , 69.95 , 66.94 , 3.009995
30.993 , 69.95 , 66.93 , 3.019997
30.994 , 69.95 , 66.93 , 3.019997
30.996 , 69.95 , 66.92 , 3.029999
30.998 , 69.95 , 66.92 , 3.029999
30.999 , 69.95 , 66.91 , 3.039993
31.001 , 69.92 , 66.91 , 3.009995
31.002 , 69.95 , 66.9 , 3.049995
31.004 , 69.88 , 66.9 , 2.979996
31.006 , 69.92 , 66.89 , 3.029999
31.007 , 69.88 , 66.89 , 2.989998
31.009 , 69.88 , 66.88 , 3.0
31.011 , 69.92 , 66.88 , 3.040001
31.012 , 69.88 , 66.87 , 3.009995
31.014 , 69.92 , 66.87 , 3.049995
31.016 , 69.86 , 66.86 , 3.0
31.017 , 69.88 , 66.86 , 3.019997
31.019 , 69.88 , 66.85 , 3.029999
31.02 , 69.86 , 66.85 , 3.010002
31.022 , 69.92 , 66.84 , 3.080002
31.023 , 69.88 , 66.84 , 3.040001
31.025 , 69.86 , 66.84 , 3.020004
31.027 , 69.88 , 66.83 , 3.049995
31.028 , 69.88 , 66.83 , 3.049995
31.03 , 69.86 , 66.82 , 3.040001
31.031 , 69.81 , 66.82 , 2.989998
31.033 , 69.81 , 66.81 , 3.0
31.035 , 69.86 , 66.81 , 3.050003
31.036 , 69.86 , 66.8 , 3.059998
31.038 , 69.81 , 66.8 , 3.009995
31.039 , 69.81 , 66.79 , 3.019997
31.041 , 69.79 , 66.79 , 3.0
31.042 , 69.79 , 66.78 , 3.010002
31.044 , 69.81 , 66.78 , 3.029999
31.046 , 69.81 , 66.77 , 3.040001
31.047 , 69.79 , 66.77 , 3.020004
31.049 , 69.79 , 66.76 , 3.029999
31.05 , 69.74 , 66.76 , 2.979996
31.052 , 69.81 , 66.75 , 3.059998
31.054 , 69.79 , 66.75 , 3.040001
31.055 , 69.74 , 66.75 , 2.989998
31.057 , 69.74 , 66.74 , 3.0
31.058 , 69.74 , 66.74 , 3.0
31.06 , 69.74 , 66.73 , 3.009995
31.062 , 69.74 , 66.72 , 3.019997
31.063 , 69.74 , 66.72 , 3.019997
31.065 , 69.74 , 66.72 , 3.019997
31.066 , 69.72 , 66.71 , 3.010002
31.068 , 69.72 , 66.71 , 3.010002
31.069 , 69.7 , 66.7 , 3.0
31.071 , 69.72 , 66.7 , 3.020004
31.073 , 69.72 , 66.69 , 3.029999
31.074 , 69.74 , 66.69 , 3.049995
31.076 , 69.74 , 66.68 , 3.059998
31.077 , 69.74 , 66.68 , 3.059998
31.079 , 69.79 , 66.67 , 3.120003
31.089 , 69.72 , 66.64 , 3.080002
31.09 , 69.7 , 66.64 , 3.059998
31.092 , 69.72 , 66.63 , 3.090004
31.094 , 69.72 , 66.63 , 3.090004
31.095 , 69.7 , 66.63 , 3.07
31.097 , 69.72 , 66.62 , 3.099998
31.098 , 69.7 , 66.62 , 3.079994
31.1 , 69.7 , 66.61 , 3.089996
31.102 , 69.65 , 66.61 , 3.040001
31.103 , 69.65 , 66.6 , 3.050003
31.105 , 69.63 , 66.6 , 3.029999
31.106 , 69.63 , 66.59 , 3.040001
31.108 , 69.65 , 66.59 , 3.060005
31.11 , 69.63 , 66.58 , 3.049995
31.111 , 69.63 , 66.58 , 3.049995
31.113 , 69.63 , 66.57 , 3.059998
31.114 , 69.58 , 66.57 , 3.010002
31.116 , 69.58 , 66.56 , 3.020004
31.118 , 69.58 , 66.56 , 3.020004
31.119 , 69.63 , 66.55 , 3.079994
31.121 , 69.63 , 66.55 , 3.079994
31.122 , 69.56 , 66.55 , 3.009995
31.124 , 69.56 , 66.54 , 3.019997
31.125 , 69.56 , 66.54 , 3.019997
31.127 , 69.56 , 66.53 , 3.029999
31.129 , 69.56 , 66.52 , 3.040001
31.13 , 69.56 , 66.52 , 3.040001
31.132 , 69.54 , 66.52 , 3.020004
31.133 , 69.49 , 66.51 , 2.979996
31.135 , 69.49 , 66.51 , 2.979996
31.137 , 69.54 , 66.5 , 3.040001
31.138 , 69.49 , 66.5 , 2.989998
31.14 , 69.54 , 66.49 , 3.050003
31.141 , 69.49 , 66.49 , 3.0
31.143 , 69.49 , 66.48 , 3.009995
31.145 , 69.49 , 66.48 , 3.009995
31.146 , 69.49 , 66.47 , 3.019997
31.148 , 69.49 , 66.47 , 3.019997
31.149 , 69.47 , 66.46 , 3.010002
31.151 , 69.4 , 66.46 , 2.940002
31.152 , 69.42 , 66.46 , 2.959999
31.154 , 69.42 , 66.45 , 2.970001
31.156 , 69.4 , 66.44 , 2.959999
31.157 , 69.4 , 66.44 , 2.959999
31.159 , 69.4 , 66.43 , 2.970001
31.16 , 69.4 , 66.43 , 2.970001
31.162 , 69.35 , 66.43 , 2.919998
31.164 , 69.4 , 66.42 , 2.980003
31.165 , 69.33 , 66.42 , 2.910004
31.167 , 69.33 , 66.41 , 2.919998
31.168 , 69.33 , 66.41 , 2.919998
31.17 , 69.35 , 66.4 , 2.949997
31.171 , 69.33 , 66.4 , 2.93
31.173 , 69.33 , 66.39 , 2.940002
31.174 , 69.31 , 66.39 , 2.919998
31.176 , 69.31 , 66.38 , 2.93
31.178 , 69.26 , 66.38 , 2.880005
31.179 , 69.26 , 66.37 , 2.889999
31.181 , 69.26 , 66.37 , 2.889999
31.182 , 69.26 , 66.37 , 2.889999
31.184 , 69.24 , 66.36 , 2.879997
31.186 , 69.24 , 66.35 , 2.889999
31.187 , 69.24 , 66.35 , 2.889999
31.189 , 69.19 , 66.34 , 2.850006
31.191 , 69.24 , 66.34 , 2.900002
31.192 , 69.24 , 66.34 , 2.900002
31.194 , 69.24 , 66.33 , 2.909996
31.195 , 69.17 , 66.33 , 2.839996
31.197 , 69.19 , 66.32 , 2.870003
31.199 , 69.17 , 66.31 , 2.860001
31.2 , 69.17 , 66.31 , 2.860001
31.202 , 69.17 , 66.31 , 2.860001
31.203 , 69.17 , 66.3 , 2.869995
31.205 , 69.17 , 66.3 , 2.869995
31.207 , 69.15 , 66.29 , 2.860001
31.208 , 69.15 , 66.29 , 2.860001
31.21 , 69.15 , 66.28 , 2.870003
31.211 , 69.15 , 66.28 , 2.870003
31.213 , 69.1 , 66.27 , 2.830002
31.214 , 69.1 , 66.27 , 2.830002
31.216 , 69.15 , 66.26 , 2.889999
31.218 , 69.08 , 66.26 , 2.82
31.219 , 69.08 , 66.26 , 2.82
31.221 , 69.08 , 66.25 , 2.830002
31.222 , 69.03 , 66.25 , 2.779999
31.224 , 69.08 , 66.24 , 2.840004
31.225 , 69.03 , 66.24 , 2.790001
31.227 , 69.01 , 66.23 , 2.779999
31.229 , 69.03 , 66.23 , 2.799995
31.23 , 69.01 , 66.22 , 2.790001
31.232 , 69.01 , 66.22 , 2.790001
31.233 , 69.01 , 66.21 , 2.800003
31.235 , 68.99 , 66.21 , 2.779999
31.236 , 69.01 , 66.2 , 2.810005
31.238 , 69.01 , 66.2 , 2.810005
31.239 , 68.99 , 66.2 , 2.790001
31.241 , 68.99 , 66.19 , 2.799995
31.243 , 69.01 , 66.18 , 2.830002
31.244 , 68.99 , 66.18 , 2.809998
31.246 , 68.99 , 66.17 , 2.82
31.247 , 68.99 , 66.17 , 2.82
31.249 , 68.99 , 66.17 , 2.82
31.251 , 68.94 , 66.16 , 2.779999
31.252 , 68.99 , 66.16 , 2.829994
31.254 , 68.92 , 66.15 , 2.769997
31.256 , 68.92 , 66.14 , 2.779999
31.257 , 68.92 , 66.14 , 2.779999
31.259 , 68.94 , 66.14 , 2.800003
31.261 , 68.92 , 66.13 , 2.790001
31.262 , 68.92 , 66.13 , 2.790001
31.264 , 68.92 , 66.12 , 2.799995
31.265 , 68.92 , 66.12 , 2.799995
31.267 , 68.94 , 66.11 , 2.830002
31.269 , 68.87 , 66.11 , 2.760002
31.27 , 68.87 , 66.1 , 2.770004
31.272 , 68.87 , 66.1 , 2.770004
31.273 , 68.85 , 66.09 , 2.760002
31.275 , 68.87 , 66.09 , 2.780006
31.277 , 68.87 , 66.08 , 2.790001
31.278 , 68.85 , 66.08 , 2.769997
31.28 , 68.85 , 66.07 , 2.779999
31.281 , 68.85 , 66.07 , 2.779999
31.283 , 68.85 , 66.06 , 2.790001
31.285 , 68.87 , 66.06 , 2.810005
31.286 , 68.85 , 66.05 , 2.799995
31.288 , 68.92 , 66.05 , 2.869995
31.29 , 68.8 , 66.04 , 2.760002
31.291 , 68.85 , 66.04 , 2.809998
31.293 , 68.85 , 66.03 , 2.82
31.294 , 68.85 , 66.03 , 2.82
31.296 , 68.85 , 66.02 , 2.830002
31.297 , 68.85 , 66.02 , 2.830002
31.299 , 68.85 , 66.02 , 2.830002
31.301 , 68.8 , 66.01 , 2.790001
31.302 , 68.85 , 66.01 , 2.839996
31.304 , 68.8 , 66.0 , 2.800003
31.305 , 68.8 , 66.0 , 2.800003
31.307 , 68.78 , 65.99 , 2.790001
31.308 , 68.78 , 65.99 , 2.790001
31.31 , 68.78 , 65.98 , 2.799995
31.312 , 68.78 , 65.98 , 2.799995
31.313 , 68.76 , 65.97 , 2.790001
31.315 , 68.78 , 65.97 , 2.809998
31.316 , 68.78 , 65.97 , 2.809998
31.318 , 68.8 , 65.96 , 2.840004
31.32 , 68.76 , 65.95 , 2.810005
31.321 , 68.78 , 65.95 , 2.830002
31.323 , 68.76 , 65.94 , 2.82
31.324 , 68.76 , 65.94 , 2.82
31.326 , 68.76 , 65.94 , 2.82
31.328 , 68.76 , 65.93 , 2.830002
31.329 , 68.71 , 65.93 , 2.779999
31.331 , 68.76 , 65.92 , 2.840004
31.332 , 68.71 , 65.92 , 2.790001
31.334 , 68.69 , 65.91 , 2.779999
31.336 , 68.69 , 65.91 , 2.779999
31.337 , 68.69 , 65.9 , 2.790001
31.339 , 68.64 , 65.9 , 2.739998
31.34 , 68.69 , 65.89 , 2.800003
31.342 , 68.64 , 65.89 , 2.75
31.344 , 68.69 , 65.88 , 2.810005
31.345 , 68.64 , 65.88 , 2.760002
31.347 , 68.69 , 65.87 , 2.82
31.348 , 68.64 , 65.87 , 2.769997
31.35 , 68.64 , 65.86 , 2.779999
31.352 , 68.64 , 65.86 , 2.779999
31.353 , 68.62 , 65.85 , 2.770004
31.355 , 68.64 , 65.85 , 2.790001
31.356 , 68.62 , 65.85 , 2.770004
31.358 , 68.62 , 65.84 , 2.780006
31.36 , 68.62 , 65.83 , 2.790001
31.361 , 68.6 , 65.83 , 2.769997
31.363 , 68.62 , 65.82 , 2.800003
31.364 , 68.55 , 65.82 , 2.730003
31.366 , 68.6 , 65.82 , 2.779999
31.367 , 68.62 , 65.81 , 2.810005
31.369 , 68.55 , 65.81 , 2.740005
31.371 , 68.62 , 65.8 , 2.82
31.372 , 68.55 , 65.8 , 2.75
31.374 , 68.6 , 65.79 , 2.809998
31.375 , 68.55 , 65.79 , 2.760002
31.377 , 68.55 , 65.78 , 2.770004
31.378 , 68.6 , 65.78 , 2.82
31.38 , 68.55 , 65.77 , 2.780006
31.382 , 68.53 , 65.77 , 2.760002
31.383 , 68.46 , 65.76 , 2.699997
31.385 , 68.48 , 65.76 , 2.720001
31.386 , 68.46 , 65.76 , 2.699997
31.388 , 68.46 , 65.75 , 2.709999
31.39 , 68.46 , 65.74 , 2.720001
31.391 , 68.48 , 65.74 , 2.740005
31.393 , 68.48 , 65.73 , 2.75
31.394 , 68.46 , 65.73 , 2.729996
31.396 , 68.46 , 65.73 , 2.729996
31.398 , 68.41 , 65.72 , 2.690002
31.399 , 68.41 , 65.72 , 2.690002
31.401 , 68.41 , 65.71 , 2.700005
31.402 , 68.41 , 65.71 , 2.700005
31.404 , 68.39 , 65.7 , 2.690002
31.405 , 68.41 , 65.7 , 2.710007
31.407 , 68.39 , 65.69 , 2.699997
31.409 , 68.39 , 65.69 , 2.699997
31.41 , 68.41 , 65.68 , 2.730003
31.412 , 68.39 , 65.68 , 2.709999
31.413 , 68.39 , 65.68 , 2.709999
31.415 , 68.37 , 65.67 , 2.700005
31.417 , 68.39 , 65.66 , 2.729996
31.418 , 68.39 , 65.66 , 2.729996
31.42 , 68.37 , 65.65 , 2.720001
31.421 , 68.37 , 65.65 , 2.720001
31.423 , 68.32 , 65.65 , 2.669998
31.424 , 68.37 , 65.64 , 2.730003
31.426 , 68.32 , 65.64 , 2.68
31.428 , 68.3 , 65.63 , 2.670006
31.429 , 68.3 , 65.63 , 2.670006
31.431 , 68.32 , 65.62 , 2.699997
31.432 , 68.32 , 65.62 , 2.699997
31.434 , 68.25 , 65.61 , 2.639999
31.436 , 68.3 , 65.61 , 2.690002
31.437 , 68.25 , 65.6 , 2.650002
31.439 , 68.3 , 65.6 , 2.700005
31.44 , 68.32 , 65.59 , 2.730003
31.442 , 68.25 , 65.59 , 2.660004
31.443 , 68.23 , 65.59 , 2.640007
31.445 , 68.25 , 65.58 , 2.669998
31.446 , 68.23 , 65.58 , 2.650002
31.448 , 68.23 , 65.57 , 2.660004
31.45 , 68.21 , 65.56 , 2.650002
31.451 , 68.23 , 65.56 , 2.670006
31.453 , 68.23 , 65.56 , 2.670006
31.454 , 68.21 , 65.55 , 2.659996
31.456 , 68.21 , 65.55 , 2.659996
31.458 , 68.21 , 65.54 , 2.669998
31.459 , 68.21 , 65.54 , 2.669998
31.461 , 68.23 , 65.53 , 2.700005
31.462 , 68.21 , 65.53 , 2.68
31.464 , 68.21 , 65.52 , 2.690002
31.466 , 68.21 , 65.52 , 2.690002
31.467 , 68.14 , 65.51 , 2.629997
31.469 , 68.14 , 65.51 , 2.629997
31.47 , 68.14 , 65.5 , 2.639999
31.472 , 68.14 , 65.5 , 2.639999
31.474 , 68.12 , 65.49 , 2.630005
31.475 , 68.12 , 65.49 , 2.630005
31.477 , 68.12 , 65.48 , 2.639999
31.478 , 68.12 , 65.48 , 2.639999
31.48 , 68.14 , 65.47 , 2.669998
31.482 , 68.12 , 65.47 , 2.650002
31.483 , 68.12 , 65.47 , 2.650002
31.485 , 68.12 , 65.46 , 2.660004
31.486 , 68.12 , 65.46 , 2.660004
31.488 , 68.12 , 65.45 , 2.670006
31.489 , 68.12 , 65.45 , 2.670006
31.491 , 68.14 , 65.44 , 2.699997
31.492 , 68.12 , 65.44 , 2.68
31.494 , 68.07 , 65.43 , 2.639999
31.496 , 68.12 , 65.43 , 2.690002
31.497 , 68.07 , 65.42 , 2.650002
31.499 , 68.12 , 65.42 , 2.700005
31.5 , 68.12 , 65.42 , 2.700005
31.502 , 68.07 , 65.41 , 2.659996
31.503 , 68.07 , 65.41 , 2.659996
31.505 , 68.12 , 65.4 , 2.720001
31.506 , 68.07 , 65.4 , 2.669998
31.508 , 68.07 , 65.39 , 2.68
31.51 , 68.05 , 65.39 , 2.660004
31.511 , 68.05 , 65.38 , 2.670006
31.513 , 68.05 , 65.38 , 2.670006
31.514 , 68.02 , 65.37 , 2.649994
31.516 , 68.05 , 65.37 , 2.68
31.517 , 68.02 , 65.36 , 2.659996
31.519 , 68.02 , 65.36 , 2.659996
31.521 , 68.05 , 65.35 , 2.700005
31.522 , 68.02 , 65.35 , 2.669998
31.524 , 68.02 , 65.34 , 2.68
31.525 , 68.02 , 65.34 , 2.68
31.527 , 68.05 , 65.33 , 2.720001
31.528 , 68.02 , 65.33 , 2.689995
31.53 , 67.98 , 65.33 , 2.650002
31.532 , 68.02 , 65.32 , 2.699997
31.533 , 68.02 , 65.32 , 2.699997
31.535 , 67.98 , 65.31 , 2.670006
31.537 , 68.02 , 65.3 , 2.719994
31.538 , 67.98 , 65.3 , 2.68
31.54 , 67.98 , 65.3 , 2.68
31.541 , 67.98 , 65.29 , 2.690002
31.543 , 67.98 , 65.29 , 2.690002
31.544 , 68.02 , 65.28 , 2.739998
31.546 , 67.98 , 65.28 , 2.700005
31.547 , 67.98 , 65.27 , 2.710007
31.549 , 67.98 , 65.27 , 2.710007
31.551 , 68.02 , 65.26 , 2.759995
31.552 , 68.05 , 65.26 , 2.790001
31.554 , 68.05 , 65.25 , 2.800003
31.555 , 68.05 , 65.25 , 2.800003
31.557 , 68.05 , 65.24 , 2.810005
31.558 , 68.05 , 65.24 , 2.810005
31.56 , 68.12 , 65.24 , 2.880005
31.561 , 68.07 , 65.23 , 2.839996
31.563 , 68.12 , 65.23 , 2.889999
31.565 , 68.12 , 65.22 , 2.900002
31.566 , 68.12 , 65.22 , 2.900002
31.568 , 68.12 , 65.21 , 2.910004
31.569 , 68.14 , 65.21 , 2.93
31.571 , 68.23 , 65.2 , 3.030006
31.572 , 68.21 , 65.2 , 3.010002
31.574 , 68.23 , 65.19 , 3.040001
31.575 , 68.25 , 65.19 , 3.059998
31.577 , 68.25 , 65.18 , 3.07
31.578 , 68.25 , 65.18 , 3.07
31.58 , 68.3 , 65.18 , 3.120003
31.582 , 68.3 , 65.17 , 3.130005
31.583 , 68.25 , 65.17 , 3.080002
31.585 , 68.37 , 65.16 , 3.209999
31.586 , 68.3 , 65.16 , 3.139999
31.588 , 68.37 , 65.15 , 3.220001
31.589 , 68.37 , 65.15 , 3.220001
31.591 , 68.37 , 65.14 , 3.230003
31.592 , 68.39 , 65.14 , 3.25
31.594 , 68.41 , 65.13 , 3.280006
31.596 , 68.39 , 65.13 , 3.260002
31.597 , 68.41 , 65.12 , 3.290001
31.599 , 68.41 , 65.12 , 3.290001
31.6 , 68.46 , 65.12 , 3.339996
31.602 , 68.41 , 65.11 , 3.300003
31.603 , 68.46 , 65.11 , 3.349998
31.605 , 68.48 , 65.1 , 3.380005
31.606 , 68.48 , 65.1 , 3.380005
31.608 , 68.46 , 65.09 , 3.370003
31.61 , 68.46 , 65.09 , 3.370003
31.611 , 68.48 , 65.08 , 3.400002
31.613 , 68.48 , 65.08 , 3.400002
31.614 , 68.53 , 65.07 , 3.459999
31.616 , 68.53 , 65.07 , 3.459999
31.618 , 68.53 , 65.06 , 3.470001
31.619 , 68.48 , 65.06 , 3.420006
31.621 , 68.48 , 65.05 , 3.43
31.622 , 68.48 , 65.05 , 3.43
31.624 , 68.53 , 65.04 , 3.489998
31.625 , 68.6 , 65.04 , 3.559998
31.627 , 68.53 , 65.04 , 3.489998
31.629 , 68.48 , 65.03 , 3.450005
31.63 , 68.53 , 65.03 , 3.5
31.632 , 68.53 , 65.02 , 3.510002
31.633 , 68.53 , 65.02 , 3.510002
31.635 , 68.46 , 65.01 , 3.449997
31.637 , 68.53 , 65.01 , 3.519997
31.638 , 68.53 , 65.0 , 3.529999
31.64 , 68.46 , 65.0 , 3.459999
31.642 , 68.48 , 64.99 , 3.490005
31.643 , 68.48 , 64.99 , 3.490005
31.645 , 68.48 , 64.98 , 3.5
31.646 , 68.48 , 64.98 , 3.5
31.648 , 68.48 , 64.97 , 3.510002
31.649 , 68.48 , 64.97 , 3.510002
31.651 , 68.46 , 64.96 , 3.5
31.652 , 68.46 , 64.96 , 3.5
31.654 , 68.46 , 64.95 , 3.510002
31.656 , 68.46 , 64.95 , 3.510002
31.657 , 68.46 , 64.95 , 3.510002
31.659 , 68.46 , 64.94 , 3.519997
31.661 , 68.46 , 64.93 , 3.529999
31.662 , 68.41 , 64.93 , 3.480003
31.664 , 68.41 , 64.92 , 3.490005
31.665 , 68.41 , 64.92 , 3.490005
31.667 , 68.41 , 64.92 , 3.490005
31.668 , 68.41 , 64.91 , 3.5
31.67 , 68.39 , 64.91 , 3.479996
31.672 , 68.37 , 64.9 , 3.470001
31.673 , 68.37 , 64.9 , 3.470001
31.675 , 68.41 , 64.89 , 3.520004
31.676 , 68.37 , 64.89 , 3.480003
31.678 , 68.37 , 64.88 , 3.490005
31.679 , 68.37 , 64.88 , 3.490005
31.681 , 68.37 , 64.87 , 3.5
31.682 , 68.32 , 64.87 , 3.449997
31.684 , 68.32 , 64.86 , 3.459999
31.686 , 68.3 , 64.86 , 3.440002
31.687 , 68.37 , 64.86 , 3.510002
31.689 , 68.3 , 64.85 , 3.450005
31.69 , 68.25 , 64.85 , 3.400002
31.692 , 68.25 , 64.84 , 3.410004
31.694 , 68.23 , 64.83 , 3.400002
31.695 , 68.21 , 64.83 , 3.379997
31.697 , 68.14 , 64.83 , 3.309998
31.698 , 68.21 , 64.82 , 3.389999
31.7 , 68.14 , 64.82 , 3.32
31.702 , 68.14 , 64.81 , 3.330002
31.703 , 68.14 , 64.81 , 3.330002
31.705 , 68.14 , 64.8 , 3.339996
31.706 , 68.07 , 64.8 , 3.269997
31.708 , 68.12 , 64.79 , 3.330002
31.71 , 68.12 , 64.79 , 3.330002
31.711 , 68.12 , 64.78 , 3.340004
31.713 , 68.05 , 64.78 , 3.270004
31.714 , 68.05 , 64.78 , 3.270004
31.716 , 68.05 , 64.77 , 3.280006
31.717 , 68.05 , 64.77 , 3.280006
31.719 , 68.02 , 64.76 , 3.259995
31.721 , 68.02 , 64.75 , 3.269997
31.722 , 68.05 , 64.75 , 3.300003
31.724 , 68.02 , 64.75 , 3.269997
31.725 , 68.02 , 64.74 , 3.279999
31.727 , 67.98 , 64.74 , 3.240005
31.728 , 67.98 , 64.73 , 3.25
31.73 , 67.96 , 64.73 , 3.229996
31.732 , 67.98 , 64.72 , 3.260002
31.733 , 67.91 , 64.72 , 3.190002
31.735 , 67.96 , 64.71 , 3.25
31.736 , 67.91 , 64.71 , 3.200005
31.738 , 67.89 , 64.7 , 3.190002
31.739 , 67.91 , 64.7 , 3.210007
31.741 , 67.89 , 64.69 , 3.199997
31.743 , 67.89 , 64.69 , 3.199997
31.744 , 67.89 , 64.69 , 3.199997
31.746 , 67.84 , 64.68 , 3.159996
31.747 , 67.84 , 64.68 , 3.159996
31.749 , 67.84 , 64.67 , 3.169998
31.751 , 67.84 , 64.66 , 3.179993
31.752 , 67.82 , 64.66 , 3.159996
31.754 , 67.8 , 64.66 , 3.139999
31.756 , 67.8 , 64.65 , 3.150002
31.757 , 67.82 , 64.65 , 3.169998
31.759 , 67.8 , 64.64 , 3.160004
31.76 , 67.75 , 64.64 , 3.110001
31.762 , 67.73 , 64.63 , 3.100006
31.763 , 67.73 , 64.63 , 3.100006
31.765 , 67.68 , 64.62 , 3.059998
31.766 , 67.73 , 64.62 , 3.110001
31.768 , 67.73 , 64.61 , 3.120003
31.769 , 67.68 , 64.61 , 3.07
31.779 , 67.64 , 64.58 , 3.059998
31.781 , 67.64 , 64.57 , 3.07
31.783 , 67.59 , 64.57 , 3.019997
31.784 , 67.59 , 64.57 , 3.019997
31.786 , 67.57 , 64.56 , 3.010002
31.788 , 67.57 , 64.55 , 3.019997
31.789 , 67.52 , 64.55 , 2.969994
31.791 , 67.57 , 64.54 , 3.029999
31.792 , 67.5 , 64.54 , 2.959999
31.794 , 67.5 , 64.54 , 2.959999
31.796 , 67.52 , 64.53 , 2.989998
31.797 , 67.5 , 64.53 , 2.970001
31.799 , 67.52 , 64.52 , 3.0
31.8 , 67.48 , 64.52 , 2.960007
31.802 , 67.48 , 64.51 , 2.970001
31.804 , 67.5 , 64.51 , 2.989998
31.805 , 67.48 , 64.5 , 2.980003
31.807 , 67.5 , 64.5 , 3.0
31.808 , 67.41 , 64.49 , 2.920006
31.81 , 67.48 , 64.49 , 2.990005
31.811 , 67.41 , 64.49 , 2.920006
31.813 , 67.43 , 64.48 , 2.949997
31.815 , 67.41 , 64.47 , 2.940002
31.816 , 67.41 , 64.47 , 2.940002
31.818 , 67.43 , 64.46 , 2.970001
31.819 , 67.41 , 64.46 , 2.950005
31.821 , 67.43 , 64.46 , 2.970001
31.822 , 67.36 , 64.45 , 2.910004
31.824 , 67.41 , 64.45 , 2.960007
31.825 , 67.36 , 64.44 , 2.919998
31.827 , 67.41 , 64.44 , 2.970001
31.828 , 67.29 , 64.43 , 2.860001
31.83 , 67.36 , 64.43 , 2.93
31.832 , 67.34 , 64.42 , 2.919998
31.833 , 67.34 , 64.42 , 2.919998
31.835 , 67.29 , 64.41 , 2.879997
31.836 , 67.34 , 64.41 , 2.929993
31.838 , 67.34 , 64.4 , 2.939995
31.84 , 67.34 , 64.4 , 2.939995
31.841 , 67.29 , 64.4 , 2.889999
31.843 , 67.29 , 64.39 , 2.900002
31.844 , 67.34 , 64.39 , 2.949997
31.846 , 67.27 , 64.38 , 2.889999
31.848 , 67.29 , 64.37 , 2.919998
31.849 , 67.27 , 64.37 , 2.899994
31.851 , 67.27 , 64.37 , 2.899994
31.853 , 67.27 , 64.36 , 2.909996
31.854 , 67.27 , 64.36 , 2.909996
31.856 , 67.2 , 64.35 , 2.849998
31.857 , 67.27 , 64.35 , 2.919998
31.859 , 67.25 , 64.34 , 2.910004
31.861 , 67.2 , 64.34 , 2.860001
31.862 , 67.2 , 64.33 , 2.869995
31.864 , 67.25 , 64.33 , 2.919998
31.865 , 67.2 , 64.32 , 2.879997
31.867 , 67.2 , 64.32 , 2.879997
31.869 , 67.2 , 64.31 , 2.889999
31.87 , 67.18 , 64.31 , 2.870003
31.872 , 67.2 , 64.3 , 2.899994
31.874 , 67.2 , 64.3 , 2.899994
31.875 , 67.18 , 64.29 , 2.889999
31.877 , 67.18 , 64.29 , 2.889999
31.878 , 67.18 , 64.28 , 2.900002
31.88 , 67.18 , 64.28 , 2.900002
31.881 , 67.18 , 64.28 , 2.900002
31.883 , 67.18 , 64.27 , 2.910004
31.885 , 67.13 , 64.26 , 2.869995
31.886 , 67.18 , 64.26 , 2.919998
31.888 , 67.13 , 64.25 , 2.879997
31.889 , 67.13 , 64.25 , 2.879997
31.891 , 67.13 , 64.25 , 2.879997
31.893 , 67.11 , 64.24 , 2.870003
31.894 , 67.13 , 64.24 , 2.889999
31.896 , 67.13 , 64.23 , 2.899994
31.897 , 67.11 , 64.23 , 2.879997
31.899 , 67.2 , 64.22 , 2.979996
31.901 , 67.13 , 64.22 , 2.909996
31.902 , 67.13 , 64.21 , 2.919998
31.904 , 67.13 , 64.21 , 2.919998
31.906 , 67.13 , 64.2 , 2.93
31.907 , 67.13 , 64.2 , 2.93
31.909 , 67.11 , 64.19 , 2.919998
31.91 , 67.13 , 64.19 , 2.939995
31.912 , 67.09 , 64.18 , 2.909996
31.914 , 67.11 , 64.18 , 2.93
31.915 , 67.11 , 64.17 , 2.940002
31.917 , 67.11 , 64.17 , 2.940002
31.918 , 67.11 , 64.17 , 2.940002
31.92 , 67.09 , 64.16 , 2.929993
31.921 , 67.09 , 64.16 , 2.929993
31.923 , 67.11 , 64.15 , 2.959999
31.924 , 67.11 , 64.15 , 2.959999
31.926 , 67.09 , 64.14 , 2.949997
31.928 , 67.09 , 64.14 , 2.949997
31.929 , 67.09 , 64.13 , 2.959999
31.931 , 67.04 , 64.13 , 2.910004
31.933 , 67.04 , 64.12 , 2.919998
31.934 , 67.04 , 64.12 , 2.919998
31.936 , 67.09 , 64.11 , 2.979996
31.937 , 67.04 , 64.11 , 2.93
31.939 , 67.04 , 64.1 , 2.940002
31.94 , 67.02 , 64.1 , 2.919998
31.942 , 67.02 , 64.09 , 2.93
31.943 , 67.04 , 64.09 , 2.950005
31.945 , 67.02 , 64.08 , 2.939995
31.947 , 66.97 , 64.08 , 2.889999
31.948 , 66.97 , 64.08 , 2.889999
31.95 , 67.02 , 64.07 , 2.949997
31.951 , 66.97 , 64.07 , 2.900002
31.953 , 67.02 , 64.06 , 2.959999
31.955 , 67.02 , 64.05 , 2.969994
31.956 , 66.97 , 64.05 , 2.919998
31.958 , 66.97 , 64.05 , 2.919998
31.959 , 66.97 , 64.04 , 2.93
31.961 , 66.97 , 64.04 , 2.93
31.962 , 66.9 , 64.03 , 2.870003
31.964 , 66.95 , 64.03 , 2.919998
31.966 , 66.95 , 64.02 , 2.93
31.967 , 66.9 , 64.02 , 2.880005
31.969 , 66.95 , 64.01 , 2.939995
31.97 , 66.9 , 64.01 , 2.889999
31.972 , 66.9 , 64.0 , 2.900002
31.974 , 66.88 , 64.0 , 2.879997
31.975 , 66.9 , 63.99 , 2.91
31.977 , 66.9 , 63.99 , 2.91
31.978 , 66.9 , 63.99 , 2.91
31.98 , 66.88 , 63.98 , 2.899998
31.982 , 66.86 , 63.97 , 2.889999
31.983 , 66.86 , 63.97 , 2.889999
31.985 , 66.86 , 63.96 , 2.900002
31.986 , 66.86 , 63.96 , 2.900002
31.988 , 66.86 , 63.96 , 2.900002
31.99 , 66.86 , 63.95 , 2.91
31.991 , 66.86 , 63.95 , 2.91
31.993 , 66.79 , 63.94 , 2.850002
31.994 , 66.81 , 63.94 , 2.869999
31.996 , 66.86 , 63.93 , 2.93
31.998 , 66.86 , 63.93 , 2.93
31.999 , 66.79 , 63.92 , 2.870003
32.001 , 66.79 , 63.92 , 2.870003
32.002 , 66.79 , 63.91 , 2.880001
32.004 , 66.79 , 63.91 , 2.880001
32.005 , 66.74 , 63.91 , 2.829998
32.007 , 66.72 , 63.9 , 2.82
32.009 , 66.72 , 63.89 , 2.830002
32.01 , 66.72 , 63.89 , 2.830002
32.012 , 66.72 , 63.88 , 2.84
32.013 , 66.72 , 63.88 , 2.84
32.015 , 66.7 , 63.88 , 2.819996
32.016 , 66.72 , 63.87 , 2.850002
32.018 , 66.7 , 63.87 , 2.829998
32.02 , 66.7 , 63.86 , 2.839996
32.021 , 66.7 , 63.86 , 2.839996
32.023 , 66.65 , 63.85 , 2.800003
32.024 , 66.65 , 63.85 , 2.800003
32.026 , 66.65 , 63.84 , 2.810001
32.027 , 66.65 , 63.84 , 2.810001
32.029 , 66.65 , 63.83 , 2.82
32.03 , 66.58 , 63.83 , 2.75
32.032 , 66.63 , 63.82 , 2.809998
32.034 , 66.63 , 63.82 , 2.809998
32.035 , 66.65 , 63.82 , 2.830002
32.037 , 66.58 , 63.81 , 2.77
32.038 , 66.58 , 63.81 , 2.77
32.04 , 66.63 , 63.8 , 2.829998
32.041 , 66.58 , 63.8 , 2.780003
32.043 , 66.58 , 63.79 , 2.790001
32.045 , 66.58 , 63.79 , 2.790001
32.046 , 66.58 , 63.78 , 2.800003
32.048 , 66.56 , 63.78 , 2.779999
32.049 , 66.56 , 63.77 , 2.789997
32.051 , 66.56 , 63.77 , 2.789997
32.053 , 66.56 , 63.76 , 2.799999
32.054 , 66.54 , 63.76 , 2.780003
32.056 , 66.56 , 63.75 , 2.809998
32.057 , 66.54 , 63.75 , 2.790001
32.059 , 66.56 , 63.74 , 2.819996
32.061 , 66.54 , 63.74 , 2.799999
32.062 , 66.56 , 63.73 , 2.829998
32.064 , 66.49 , 63.73 , 2.759998
32.065 , 66.49 , 63.73 , 2.759998
32.067 , 66.54 , 63.72 , 2.82
32.069 , 66.54 , 63.71 , 2.830002
32.07 , 66.49 , 63.71 , 2.779999
32.072 , 66.47 , 63.7 , 2.77
32.073 , 66.49 , 63.7 , 2.789997
32.075 , 66.47 , 63.7 , 2.77
32.076 , 66.47 , 63.69 , 2.780003
32.078 , 66.49 , 63.69 , 2.799999
32.08 , 66.47 , 63.68 , 2.790001
32.081 , 66.42 , 63.68 , 2.739998
32.083 , 66.42 , 63.67 , 2.75
32.084 , 66.47 , 63.67 , 2.800003
32.086 , 66.4 , 63.66 , 2.740002
32.087 , 66.42 , 63.66 , 2.759998
32.089 , 66.42 , 63.65 , 2.769997
32.091 , 66.4 , 63.65 , 2.75
32.092 , 66.42 , 63.64 , 2.779999
32.094 , 66.42 , 63.64 , 2.779999
32.096 , 66.4 , 63.63 , 2.77
32.097 , 66.4 , 63.63 , 2.77
32.099 , 66.35 , 63.62 , 2.73
32.1 , 66.33 , 63.62 , 2.710003
32.102 , 66.35 , 63.62 , 2.73
32.103 , 66.35 , 63.61 , 2.739998
32.105 , 66.4 , 63.61 , 2.790001
32.106 , 66.35 , 63.6 , 2.75
32.108 , 66.33 , 63.6 , 2.730003
32.11 , 66.33 , 63.59 , 2.740002
32.111 , 66.31 , 63.59 , 2.719997
32.113 , 66.31 , 63.58 , 2.729996
32.114 , 66.31 , 63.58 , 2.729996
32.116 , 66.33 , 63.57 , 2.760002
32.117 , 66.31 , 63.57 , 2.739998
32.119 , 66.33 , 63.56 , 2.77
32.121 , 66.31 , 63.56 , 2.749996
32.122 , 66.26 , 63.56 , 2.700001
32.124 , 66.31 , 63.55 , 2.759998
32.125 , 66.26 , 63.55 , 2.710003
32.127 , 66.24 , 63.54 , 2.699997
32.128 , 66.31 , 63.54 , 2.769997
32.13 , 66.31 , 63.53 , 2.779999
32.132 , 66.26 , 63.53 , 2.730003
32.133 , 66.24 , 63.52 , 2.719997
32.135 , 66.19 , 63.52 , 2.670002
32.136 , 66.19 , 63.51 , 2.680004
32.138 , 66.19 , 63.51 , 2.680004
32.139 , 66.26 , 63.5 , 2.760002
32.141 , 66.24 , 63.5 , 2.739998
32.143 , 66.19 , 63.49 , 2.700001
32.144 , 66.17 , 63.49 , 2.679996
32.146 , 66.17 , 63.48 , 2.689999
32.147 , 66.17 , 63.48 , 2.689999
32.149 , 66.17 , 63.47 , 2.699997
32.151 , 66.17 , 63.47 , 2.699997
32.152 , 66.17 , 63.47 , 2.699997
32.154 , 66.15 , 63.46 , 2.690002
32.155 , 66.15 , 63.46 , 2.690002
32.157 , 66.15 , 63.45 , 2.700001
32.158 , 66.15 , 63.45 , 2.700001
32.16 , 66.15 , 63.44 , 2.710003
32.162 , 66.15 , 63.44 , 2.710003
32.163 , 66.15 , 63.43 , 2.720001
32.165 , 66.15 , 63.43 , 2.720001
32.166 , 66.1 , 63.42 , 2.68
32.168 , 66.1 , 63.42 , 2.68
32.169 , 66.15 , 63.41 , 2.740002
32.171 , 66.1 , 63.41 , 2.689999
32.173 , 66.1 , 63.4 , 2.699997
32.174 , 66.1 , 63.4 , 2.699997
32.176 , 66.08 , 63.39 , 2.690002
32.177 , 66.08 , 63.39 , 2.690002
32.179 , 66.1 , 63.38 , 2.719997
32.18 , 66.08 , 63.38 , 2.700001
32.182 , 66.03 , 63.38 , 2.649998
32.184 , 66.08 , 63.37 , 2.710003
32.185 , 66.08 , 63.37 , 2.710003
32.187 , 66.03 , 63.36 , 2.669998
32.188 , 66.08 , 63.36 , 2.720001
32.19 , 66.08 , 63.35 , 2.730003
32.191 , 66.1 , 63.35 , 2.75
32.193 , 66.03 , 63.34 , 2.689999
32.195 , 66.03 , 63.34 , 2.689999
32.196 , 66.03 , 63.33 , 2.699997
32.198 , 66.08 , 63.33 , 2.75
32.199 , 66.08 , 63.32 , 2.760002
32.201 , 66.03 , 63.32 , 2.709999
32.202 , 66.03 , 63.32 , 2.709999
32.204 , 66.01 , 63.31 , 2.700001
32.205 , 66.01 , 63.31 , 2.700001
32.207 , 66.03 , 63.3 , 2.73
32.209 , 65.99 , 63.3 , 2.689999
32.21 , 65.99 , 63.29 , 2.699997
32.212 , 65.99 , 63.29 , 2.699997
32.213 , 65.99 , 63.28 , 2.709999
32.215 , 65.94 , 63.28 , 2.660004
32.217 , 65.94 , 63.27 , 2.670002
32.218 , 65.94 , 63.27 , 2.670002
32.22 , 65.99 , 63.26 , 2.73
32.221 , 65.92 , 63.26 , 2.66
32.223 , 65.94 , 63.25 , 2.690002
32.225 , 65.94 , 63.25 , 2.690002
32.226 , 65.87 , 63.24 , 2.630001
32.228 , 65.94 , 63.24 , 2.700001
32.229 , 65.92 , 63.24 , 2.679996
32.231 , 65.87 , 63.23 , 2.640003
32.232 , 65.85 , 63.23 , 2.619999
32.234 , 65.87 , 63.22 , 2.650002
32.235 , 65.92 , 63.22 , 2.699997
32.237 , 65.92 , 63.21 , 2.709999
32.239 , 65.85 , 63.21 , 2.639999
32.24 , 65.85 , 63.2 , 2.649998
32.242 , 65.85 , 63.2 , 2.649998
32.243 , 65.87 , 63.19 , 2.680004
32.245 , 65.87 , 63.19 , 2.680004
32.247 , 65.85 , 63.18 , 2.669998
32.248 , 65.85 , 63.18 , 2.669998
32.25 , 65.85 , 63.17 , 2.68
32.251 , 65.8 , 63.17 , 2.630005
32.253 , 65.8 , 63.16 , 2.640003
32.254 , 65.8 , 63.16 , 2.640003
32.256 , 65.8 , 63.15 , 2.650002
32.257 , 65.85 , 63.15 , 2.699997
32.259 , 65.8 , 63.15 , 2.650002
32.261 , 65.8 , 63.14 , 2.660004
32.262 , 65.85 , 63.14 , 2.709999
32.264 , 65.8 , 63.13 , 2.670002
32.265 , 65.78 , 63.13 , 2.649998
32.267 , 65.78 , 63.12 , 2.66
32.269 , 65.78 , 63.12 , 2.66
32.27 , 65.78 , 63.11 , 2.669998
32.272 , 65.76 , 63.11 , 2.650002
32.273 , 65.76 , 63.1 , 2.660004
32.275 , 65.78 , 63.1 , 2.68
32.276 , 65.71 , 63.09 , 2.619999
32.278 , 65.78 , 63.09 , 2.689999
32.28 , 65.76 , 63.08 , 2.68
32.281 , 65.76 , 63.08 , 2.68
32.283 , 65.76 , 63.07 , 2.690002
32.284 , 65.64 , 63.07 , 2.57
32.286 , 65.71 , 63.06 , 2.649998
32.288 , 65.71 , 63.06 , 2.649998
32.289 , 65.69 , 63.06 , 2.630001
32.291 , 65.71 , 63.05 , 2.66
32.292 , 65.69 , 63.05 , 2.640003
32.294 , 65.64 , 63.04 , 2.599998
32.296 , 65.69 , 63.03 , 2.660004
32.297 , 65.69 , 63.03 , 2.660004
32.299 , 65.69 , 63.03 , 2.660004
32.3 , 65.69 , 63.02 , 2.670002
32.302 , 65.64 , 63.02 , 2.619999
32.303 , 65.64 , 63.01 , 2.630001
32.305 , 65.62 , 63.01 , 2.610004
32.307 , 65.6 , 63.0 , 2.599998
32.308 , 65.62 , 63.0 , 2.620003
32.31 , 65.62 , 62.99 , 2.630001
32.311 , 65.6 , 62.99 , 2.609997
32.313 , 65.62 , 62.98 , 2.640003
32.314 , 65.62 , 62.98 , 2.640003
32.316 , 65.55 , 62.98 , 2.570004
32.317 , 65.6 , 62.97 , 2.629997
32.319 , 65.6 , 62.97 , 2.629997
32.321 , 65.6 , 62.96 , 2.639999
32.322 , 65.6 , 62.96 , 2.639999
32.324 , 65.6 , 62.95 , 2.649998
32.326 , 65.6 , 62.95 , 2.649998
32.327 , 65.6 , 62.94 , 2.66
32.329 , 65.53 , 62.94 , 2.59
32.33 , 65.53 , 62.93 , 2.599998
32.332 , 65.53 , 62.93 , 2.599998
32.334 , 65.53 , 62.92 , 2.610001
32.335 , 65.48 , 62.92 , 2.560005
32.337 , 65.53 , 62.91 , 2.619999
32.338 , 65.53 , 62.91 , 2.619999
32.34 , 65.53 , 62.9 , 2.629997
32.342 , 65.48 , 62.9 , 2.580002
32.343 , 65.53 , 62.89 , 2.639999
32.345 , 65.48 , 62.89 , 2.590004
32.346 , 65.48 , 62.89 , 2.590004
32.348 , 65.48 , 62.88 , 2.600002
32.35 , 65.48 , 62.87 , 2.610004
32.351 , 65.48 , 62.87 , 2.610004
32.353 , 65.46 , 62.86 , 2.599998
32.354 , 65.48 , 62.86 , 2.620003
32.356 , 65.46 , 62.86 , 2.599998
32.357 , 65.48 , 62.85 , 2.630005
32.359 , 65.46 , 62.85 , 2.610001
32.361 , 65.46 , 62.84 , 2.619999
32.362 , 65.46 , 62.84 , 2.619999
32.364 , 65.42 , 62.83 , 2.589996
32.365 , 65.46 , 62.83 , 2.629997
32.367 , 65.46 , 62.82 , 2.639999
32.369 , 65.39 , 62.82 , 2.57
32.37 , 65.46 , 62.81 , 2.649998
32.372 , 65.39 , 62.81 , 2.579998
32.374 , 65.42 , 62.8 , 2.619999
32.375 , 65.42 , 62.8 , 2.619999
32.377 , 65.39 , 62.79 , 2.599998
32.379 , 65.42 , 62.79 , 2.629997
32.38 , 65.39 , 62.78 , 2.610001
32.382 , 65.39 , 62.78 , 2.610001
32.383 , 65.39 , 62.77 , 2.619999
32.385 , 65.37 , 62.77 , 2.600002
32.387 , 65.39 , 62.76 , 2.630001
32.388 , 65.39 , 62.76 , 2.630001
32.39 , 65.39 , 62.75 , 2.639999
32.391 , 65.37 , 62.75 , 2.620003
32.393 , 65.37 , 62.74 , 2.630001
32.394 , 65.32 , 62.74 , 2.579998
32.396 , 65.39 , 62.74 , 2.649998
32.398 , 65.39 , 62.73 , 2.66
32.399 , 65.39 , 62.73 , 2.66
32.401 , 65.42 , 62.72 , 2.699997
32.403 , 65.42 , 62.72 , 2.699997
32.404 , 65.42 , 62.71 , 2.709999
32.406 , 65.42 , 62.71 , 2.709999
32.408 , 65.42 , 62.7 , 2.719997
32.409 , 65.42 , 62.7 , 2.719997
32.411 , 65.46 , 62.69 , 2.77
32.412 , 65.48 , 62.69 , 2.790005
32.414 , 65.48 , 62.68 , 2.800003
32.415 , 65.53 , 62.68 , 2.849998
32.417 , 65.53 , 62.67 , 2.860001
32.419 , 65.55 , 62.67 , 2.880005
32.42 , 65.53 , 62.66 , 2.869999
32.422 , 65.55 , 62.66 , 2.890003
32.423 , 65.55 , 62.66 , 2.890003
32.425 , 65.6 , 62.65 , 2.949997
32.427 , 65.6 , 62.64 , 2.959999
32.428 , 65.62 , 62.64 , 2.980003
32.43 , 65.64 , 62.63 , 3.009998
32.431 , 65.62 , 62.63 , 2.990002
32.433 , 65.69 , 62.63 , 3.060001
32.434 , 65.64 , 62.62 , 3.02
32.436 , 65.69 , 62.62 , 3.070004
32.438 , 65.69 , 62.61 , 3.080002
32.439 , 65.71 , 62.61 , 3.099998
32.441 , 65.71 , 62.6 , 3.110001
32.442 , 65.71 , 62.6 , 3.110001
32.444 , 65.76 , 62.59 , 3.170002
32.445 , 65.71 , 62.59 , 3.119999
32.447 , 65.76 , 62.58 , 3.18
32.449 , 65.8 , 62.58 , 3.220001
32.45 , 65.78 , 62.57 , 3.209999
32.452 , 65.78 , 62.57 , 3.209999
32.453 , 65.78 , 62.57 , 3.209999
32.455 , 65.8 , 62.56 , 3.240002
32.456 , 65.8 , 62.56 , 3.240002
32.458 , 65.8 , 62.55 , 3.250004
32.46 , 65.8 , 62.54 , 3.260002
32.469 , 65.8 , 62.52 , 3.280003
32.471 , 65.8 , 62.51 , 3.290005
32.472 , 65.78 , 62.51 , 3.27
32.474 , 65.78 , 62.5 , 3.279999
32.476 , 65.8 , 62.5 , 3.300003
32.477 , 65.8 , 62.49 , 3.310001
32.479 , 65.85 , 62.49 , 3.359997
32.48 , 65.8 , 62.48 , 3.320004
32.482 , 65.8 , 62.48 , 3.320004
32.483 , 65.8 , 62.48 , 3.320004
32.485 , 65.78 , 62.47 , 3.309998
32.487 , 65.8 , 62.46 , 3.340004
32.488 , 65.78 , 62.46 , 3.32
32.49 , 65.8 , 62.45 , 3.350002
32.491 , 65.8 , 62.45 , 3.350002
32.493 , 65.78 , 62.45 , 3.329998
32.494 , 65.78 , 62.44 , 3.34
32.496 , 65.76 , 62.44 , 3.320004
32.498 , 65.78 , 62.43 , 3.349998
32.499 , 65.78 , 62.43 , 3.349998
32.501 , 65.8 , 62.42 , 3.380005
32.502 , 65.76 , 62.42 , 3.340004
32.504 , 65.76 , 62.41 , 3.350002
32.505 , 65.78 , 62.41 , 3.369999
32.507 , 65.76 , 62.4 , 3.360001
32.509 , 65.76 , 62.4 , 3.360001
32.51 , 65.76 , 62.4 , 3.360001
32.512 , 65.76 , 62.39 , 3.370003
32.513 , 65.71 , 62.39 , 3.32
32.515 , 65.76 , 62.38 , 3.380001
32.516 , 65.71 , 62.38 , 3.329998
32.518 , 65.71 , 62.37 , 3.34
32.52 , 65.71 , 62.37 , 3.34
32.521 , 65.69 , 62.36 , 3.330002
32.523 , 65.71 , 62.36 , 3.349998
32.524 , 65.69 , 62.35 , 3.340004
32.526 , 65.69 , 62.35 , 3.340004
32.527 , 65.69 , 62.34 , 3.350002
32.529 , 65.69 , 62.34 , 3.350002
32.53 , 65.69 , 62.34 , 3.350002
32.532 , 65.64 , 62.33 , 3.309998
32.534 , 65.64 , 62.32 , 3.32
32.535 , 65.64 , 62.32 , 3.32
32.537 , 65.64 , 62.31 , 3.329998
32.538 , 65.64 , 62.31 , 3.329998
32.54 , 65.6 , 62.31 , 3.289997
32.542 , 65.6 , 62.3 , 3.299999
32.543 , 65.6 , 62.3 , 3.299999
32.545 , 65.6 , 62.29 , 3.309998
32.547 , 65.55 , 62.28 , 3.270004
32.548 , 65.55 , 62.28 , 3.270004
32.55 , 65.53 , 62.28 , 3.25
32.551 , 65.55 , 62.27 , 3.280003
32.553 , 65.55 , 62.27 , 3.280003
32.554 , 65.53 , 62.26 , 3.27
32.556 , 65.53 , 62.26 , 3.27
32.558 , 65.48 , 62.25 , 3.230003
32.559 , 65.48 , 62.25 , 3.230003
32.561 , 65.48 , 62.24 , 3.240002
32.562 , 65.48 , 62.24 , 3.240002
32.564 , 65.46 , 62.23 , 3.23
32.565 , 65.46 , 62.23 , 3.23
32.567 , 65.42 , 62.22 , 3.199997
32.568 , 65.46 , 62.22 , 3.239998
32.57 , 65.46 , 62.22 , 3.239998
32.572 , 65.42 , 62.21 , 3.209999
32.573 , 65.42 , 62.21 , 3.209999
32.575 , 65.42 , 62.2 , 3.219997
32.576 , 65.42 , 62.2 , 3.219997
32.578 , 65.39 , 62.19 , 3.200001
32.58 , 65.39 , 62.19 , 3.200001
32.581 , 65.39 , 62.18 , 3.209999
32.583 , 65.37 , 62.18 , 3.190002
32.584 , 65.37 , 62.17 , 3.200005
32.586 , 65.32 , 62.17 , 3.150002
32.588 , 65.32 , 62.16 , 3.16
32.589 , 65.32 , 62.16 , 3.16
32.591 , 65.32 , 62.15 , 3.169998
32.592 , 65.3 , 62.15 , 3.150002
32.594 , 65.32 , 62.14 , 3.18
32.595 , 65.26 , 62.14 , 3.120003
32.597 , 65.26 , 62.13 , 3.130001
32.598 , 65.3 , 62.13 , 3.170002
32.6 , 65.26 , 62.13 , 3.130001
32.602 , 65.26 , 62.12 , 3.140003
32.603 , 65.23 , 62.12 , 3.110004
32.605 , 65.23 , 62.11 , 3.120003
32.606 , 65.23 , 62.11 , 3.120003
32.608 , 65.21 , 62.1 , 3.110001
32.609 , 65.14 , 62.1 , 3.040001
32.611 , 65.16 , 62.09 , 3.070004
32.612 , 65.16 , 62.09 , 3.070004
32.614 , 65.21 , 62.08 , 3.129997
32.615 , 65.14 , 62.08 , 3.059998
32.617 , 65.14 , 62.08 , 3.059998
32.618 , 65.14 , 62.07 , 3.07
32.62 , 65.07 , 62.07 , 3.0
32.622 , 65.14 , 62.06 , 3.079998
32.623 , 65.09 , 62.06 , 3.029995
32.625 , 65.09 , 62.05 , 3.039997
32.626 , 65.07 , 62.05 , 3.02
32.628 , 65.09 , 62.04 , 3.049995
32.63 , 65.07 , 62.04 , 3.029999
32.631 , 65.05 , 62.03 , 3.020004
32.633 , 65.05 , 62.03 , 3.020004
32.634 , 65.0 , 62.02 , 2.98
32.636 , 65.0 , 62.02 , 2.98
32.637 , 64.98 , 62.02 , 2.960003
32.639 , 64.98 , 62.01 , 2.970005
32.64 , 64.98 , 62.01 , 2.970005
32.642 , 64.93 , 62.0 , 2.93
32.644 , 64.98 , 61.99 , 2.990002
32.645 , 64.93 , 61.99 , 2.939999
32.647 , 64.93 , 61.99 , 2.939999
32.648 , 64.93 , 61.98 , 2.950001
32.65 , 64.91 , 61.98 , 2.930004
32.651 , 64.91 , 61.97 , 2.940002
32.653 , 64.87 , 61.97 , 2.900002
32.655 , 64.91 , 61.96 , 2.950005
32.656 , 64.91 , 61.96 , 2.950005
32.658 , 64.91 , 61.95 , 2.960003
32.659 , 64.87 , 61.95 , 2.920002
32.661 , 64.87 , 61.94 , 2.930004
32.662 , 64.82 , 61.94 , 2.880001
32.664 , 64.82 , 61.93 , 2.889999
32.666 , 64.82 , 61.93 , 2.889999
32.667 , 64.77 , 61.93 , 2.839996
32.669 , 64.75 , 61.92 , 2.830002
32.67 , 64.77 , 61.92 , 2.849998
32.672 , 64.77 , 61.91 , 2.859997
32.674 , 64.77 , 61.9 , 2.869995
32.675 , 64.77 , 61.9 , 2.869995
32.677 , 64.77 , 61.9 , 2.869995
32.679 , 64.75 , 61.89 , 2.860001
32.68 , 64.75 , 61.89 , 2.860001
32.682 , 64.77 , 61.88 , 2.889996
32.683 , 64.75 , 61.88 , 2.869999
32.685 , 64.77 , 61.87 , 2.899998
32.687 , 64.71 , 61.87 , 2.84
32.688 , 64.71 , 61.86 , 2.849998
32.69 , 64.71 , 61.86 , 2.849998
32.692 , 64.71 , 61.85 , 2.860001
32.693 , 64.68 , 61.85 , 2.830002
32.695 , 64.71 , 61.84 , 2.869999
32.696 , 64.71 , 61.84 , 2.869999
32.698 , 64.71 , 61.83 , 2.879997
32.7 , 64.68 , 61.83 , 2.849998
32.701 , 64.68 , 61.82 , 2.860001
32.703 , 64.68 , 61.82 , 2.860001
32.704 , 64.68 , 61.82 , 2.860001
32.706 , 64.66 , 61.81 , 2.850002
32.707 , 64.68 , 61.81 , 2.869999
32.709 , 64.61 , 61.8 , 2.810001
32.711 , 64.68 , 61.79 , 2.889999
32.712 , 64.66 , 61.79 , 2.870003
32.714 , 64.66 , 61.79 , 2.870003
32.715 , 64.66 , 61.78 , 2.880005
32.717 , 64.61 , 61.78 , 2.830002
32.718 , 64.68 , 61.77 , 2.91
32.72 , 64.66 , 61.77 , 2.890003
32.721 , 64.61 , 61.76 , 2.850002
32.723 , 64.59 , 61.76 , 2.829998
32.725 , 64.61 , 61.75 , 2.860001
32.726 , 64.61 , 61.75 , 2.860001
32.728 , 64.59 , 61.74 , 2.849995
32.729 , 64.59 , 61.74 , 2.849995
32.731 , 64.55 , 61.73 , 2.820004
32.732 , 64.52 , 61.73 , 2.789997
32.734 , 64.55 , 61.73 , 2.820004
32.736 , 64.55 , 61.72 , 2.830002
32.737 , 64.55 , 61.72 , 2.830002
32.739 , 64.52 , 61.71 , 2.809998
32.74 , 64.55 , 61.71 , 2.840004
32.742 , 64.55 , 61.7 , 2.850002
32.743 , 64.55 , 61.7 , 2.850002
32.745 , 64.52 , 61.69 , 2.829998
32.746 , 64.52 , 61.69 , 2.829998
32.748 , 64.52 , 61.68 , 2.839996
32.75 , 64.52 , 61.68 , 2.839996
32.751 , 64.52 , 61.67 , 2.849998
32.753 , 64.48 , 61.67 , 2.810005
32.755 , 64.48 , 61.66 , 2.820004
32.756 , 64.48 , 61.66 , 2.820004
32.758 , 64.52 , 61.65 , 2.869995
32.759 , 64.48 , 61.65 , 2.830002
32.761 , 64.48 , 61.64 , 2.840004
32.762 , 64.45 , 61.64 , 2.809998
32.764 , 64.48 , 61.64 , 2.840004
32.766 , 64.45 , 61.63 , 2.819996
32.767 , 64.45 , 61.63 , 2.819996
32.769 , 64.45 , 61.62 , 2.829998
32.77 , 64.45 , 61.62 , 2.829998
32.772 , 64.45 , 61.61 , 2.839996
32.774 , 64.45 , 61.61 , 2.839996
32.775 , 64.45 , 61.6 , 2.849998
32.777 , 64.45 , 61.6 , 2.849998
32.779 , 64.43 , 61.59 , 2.84
32.78 , 64.43 , 61.59 , 2.84
32.782 , 64.43 , 61.58 , 2.849998
32.783 , 64.39 , 61.58 , 2.809998
32.785 , 64.39 , 61.57 , 2.82
32.786 , 64.43 , 61.57 , 2.860001
32.788 , 64.39 , 61.56 , 2.829998
32.79 , 64.39 , 61.56 , 2.829998
32.791 , 64.43 , 61.55 , 2.880001
32.793 , 64.39 , 61.55 , 2.84
32.794 , 64.43 , 61.55 , 2.880001
32.796 , 64.39 , 61.54 , 2.849998
32.798 , 64.39 , 61.53 , 2.860001
32.799 , 64.36 , 61.53 , 2.830002
32.801 , 64.36 , 61.53 , 2.830002
32.802 , 64.36 , 61.52 , 2.84
32.804 , 64.32 , 61.52 , 2.799999
32.805 , 64.36 , 61.51 , 2.850002
32.807 , 64.36 , 61.51 , 2.850002
32.808 , 64.36 , 61.5 , 2.860001
32.81 , 64.29 , 61.5 , 2.790001
32.812 , 64.32 , 61.49 , 2.829998
32.813 , 64.29 , 61.49 , 2.799999
32.815 , 64.32 , 61.48 , 2.84
32.816 , 64.29 , 61.48 , 2.810001
32.818 , 64.32 , 61.47 , 2.849998
32.819 , 64.29 , 61.47 , 2.82
32.821 , 64.32 , 61.47 , 2.849998
32.823 , 64.27 , 61.46 , 2.809998
32.824 , 64.27 , 61.46 , 2.809998
32.826 , 64.27 , 61.45 , 2.819996
32.827 , 64.27 , 61.45 , 2.819996
32.829 , 64.27 , 61.44 , 2.829998
32.831 , 64.23 , 61.44 , 2.790005
32.832 , 64.23 , 61.43 , 2.800003
32.834 , 64.23 , 61.43 , 2.800003
32.835 , 64.23 , 61.42 , 2.810005
32.837 , 64.2 , 61.42 , 2.779999
32.838 , 64.23 , 61.41 , 2.820004
32.84 , 64.2 , 61.41 , 2.789997
32.842 , 64.2 , 61.4 , 2.799995
32.843 , 64.2 , 61.4 , 2.799995
32.845 , 64.2 , 61.39 , 2.809998
32.846 , 64.16 , 61.39 , 2.770004
32.848 , 64.16 , 61.38 , 2.780003
32.85 , 64.16 , 61.38 , 2.780003
32.851 , 64.16 , 61.38 , 2.780003
32.853 , 64.13 , 61.37 , 2.759998
32.854 , 64.16 , 61.37 , 2.790005
32.856 , 64.2 , 61.36 , 2.839996
32.857 , 64.16 , 61.36 , 2.800003
32.859 , 64.13 , 61.35 , 2.779999
32.861 , 64.13 , 61.35 , 2.779999
32.862 , 64.13 , 61.34 , 2.789997
32.864 , 64.06 , 61.34 , 2.719997
32.865 , 64.13 , 61.33 , 2.799995
32.867 , 64.06 , 61.33 , 2.729996
32.869 , 64.11 , 61.32 , 2.790001
32.87 , 64.06 , 61.32 , 2.739998
32.872 , 64.06 , 61.31 , 2.749996
32.873 , 64.04 , 61.31 , 2.73
32.875 , 64.04 , 61.3 , 2.740002
32.876 , 64.04 , 61.3 , 2.740002
32.878 , 64.04 , 61.29 , 2.75
32.88 , 64.04 , 61.29 , 2.75
32.881 , 64.04 , 61.29 , 2.75
32.882 , 64.04 , 61.28 , 2.760002
32.884 , 64.04 , 61.28 , 2.760002
32.886 , 63.97 , 61.27 , 2.700001
32.887 , 63.97 , 61.27 , 2.700001
32.889 , 64.0 , 61.26 , 2.740002
32.89 , 63.97 , 61.26 , 2.710003
32.892 , 64.0 , 61.25 , 2.75
32.893 , 63.97 , 61.25 , 2.720001
32.895 , 63.93 , 61.24 , 2.689999
32.896 , 63.93 , 61.24 , 2.689999
32.898 , 63.97 , 61.23 , 2.740002
32.9 , 63.93 , 61.23 , 2.700001
32.901 , 63.97 , 61.23 , 2.740002
32.903 , 63.93 , 61.22 , 2.709999
32.904 , 63.9 , 61.22 , 2.68
32.906 , 63.93 , 61.21 , 2.720001
32.907 , 63.93 , 61.21 , 2.720001
32.909 , 63.9 , 61.2 , 2.700001
32.91 , 63.9 , 61.2 , 2.700001
32.912 , 63.88 , 61.19 , 2.690002
32.913 , 63.88 , 61.19 , 2.690002
32.915 , 63.84 , 61.18 , 2.66
32.917 , 63.9 , 61.18 , 2.720001
32.918 , 63.88 , 61.18 , 2.700001
32.92 , 63.88 , 61.17 , 2.710003
32.921 , 63.88 , 61.17 , 2.710003
32.923 , 63.9 , 61.16 , 2.740002
32.924 , 63.84 , 61.16 , 2.68
32.926 , 63.84 , 61.15 , 2.689999
32.927 , 63.88 , 61.15 , 2.73
32.929 , 63.84 , 61.14 , 2.700001
32.93 , 63.84 , 61.14 , 2.700001
32.932 , 63.84 , 61.13 , 2.709999
32.934 , 63.81 , 61.13 , 2.68
32.935 , 63.84 , 61.12 , 2.720001
32.937 , 63.84 , 61.12 , 2.720001
32.938 , 63.84 , 61.12 , 2.720001
32.94 , 63.81 , 61.11 , 2.700001
32.941 , 63.81 , 61.11 , 2.700001
32.943 , 63.77 , 61.1 , 2.670002
32.944 , 63.77 , 61.1 , 2.670002
32.946 , 63.77 , 61.09 , 2.68
32.947 , 63.77 , 61.09 , 2.68
32.949 , 63.74 , 61.08 , 2.66
32.95 , 63.74 , 61.08 , 2.66
32.952 , 63.77 , 61.07 , 2.700001
32.954 , 63.74 , 61.07 , 2.670002
32.955 , 63.72 , 61.06 , 2.66
32.957 , 63.74 , 61.06 , 2.68
32.958 , 63.74 , 61.06 , 2.68
32.96 , 63.74 , 61.05 , 2.690002
32.961 , 63.72 , 61.05 , 2.670002
32.963 , 63.72 , 61.04 , 2.68
32.964 , 63.72 , 61.04 , 2.68
32.966 , 63.72 , 61.03 , 2.690002
32.967 , 63.72 , 61.03 , 2.690002
32.969 , 63.72 , 61.02 , 2.700001
32.97 , 63.72 , 61.02 , 2.700001
32.972 , 63.68 , 61.01 , 2.670002
32.973 , 63.68 , 61.01 , 2.670002
32.975 , 63.72 , 61.0 , 2.720001
32.977 , 63.68 , 61.0 , 2.68
32.978 , 63.68 , 61.0 , 2.68
32.98 , 63.65 , 60.99 , 2.66
32.981 , 63.68 , 60.99 , 2.689999
32.983 , 63.68 , 60.98 , 2.700001
32.984 , 63.68 , 60.98 , 2.700001
32.986 , 63.65 , 60.97 , 2.68
32.987 , 63.65 , 60.97 , 2.68
32.989 , 63.65 , 60.96 , 2.690002
32.991 , 63.65 , 60.96 , 2.690002
32.992 , 63.61 , 60.95 , 2.66
32.994 , 63.65 , 60.95 , 2.700001
32.995 , 63.61 , 60.94 , 2.670002
32.997 , 63.61 , 60.94 , 2.670002
32.998 , 63.65 , 60.94 , 2.710003
33.0 , 63.61 , 60.93 , 2.68
33.001 , 63.61 , 60.93 , 2.68
33.003 , 63.58 , 60.92 , 2.660004
33.005 , 63.61 , 60.92 , 2.690002
33.006 , 63.61 , 60.91 , 2.700001
33.008 , 63.61 , 60.91 , 2.700001
33.009 , 63.58 , 60.9 , 2.68
33.011 , 63.58 , 60.9 , 2.68
33.012 , 63.58 , 60.89 , 2.690002
33.014 , 63.58 , 60.89 , 2.690002
33.015 , 63.56 , 60.89 , 2.670002
33.017 , 63.56 , 60.88 , 2.68
33.018 , 63.56 , 60.88 , 2.68
33.02 , 63.56 , 60.87 , 2.690002
33.021 , 63.58 , 60.87 , 2.710003
33.023 , 63.56 , 60.86 , 2.700001
33.025 , 63.58 , 60.86 , 2.720001
33.026 , 63.52 , 60.85 , 2.670002
33.028 , 63.56 , 60.85 , 2.710003
33.029 , 63.52 , 60.84 , 2.68
33.031 , 63.56 , 60.84 , 2.720001
33.032 , 63.56 , 60.83 , 2.73
33.034 , 63.56 , 60.83 , 2.73
33.035 , 63.56 , 60.83 , 2.73
33.037 , 63.56 , 60.82 , 2.740002
33.038 , 63.52 , 60.82 , 2.700001
33.04 , 63.52 , 60.81 , 2.709999
33.041 , 63.49 , 60.81 , 2.68
33.043 , 63.52 , 60.8 , 2.720001
33.045 , 63.49 , 60.8 , 2.690002
33.046 , 63.49 , 60.79 , 2.700001
33.048 , 63.49 , 60.79 , 2.700001
33.049 , 63.49 , 60.78 , 2.710003
33.051 , 63.45 , 60.78 , 2.670002
33.052 , 63.49 , 60.77 , 2.720001
33.054 , 63.49 , 60.77 , 2.720001
33.055 , 63.45 , 60.77 , 2.68
33.057 , 63.42 , 60.76 , 2.66
33.058 , 63.49 , 60.76 , 2.730003
33.06 , 63.45 , 60.75 , 2.700001
33.061 , 63.45 , 60.75 , 2.700001
33.063 , 63.45 , 60.74 , 2.709999
33.064 , 63.42 , 60.74 , 2.679996
33.066 , 63.45 , 60.73 , 2.720001
33.068 , 63.42 , 60.73 , 2.689999
33.069 , 63.38 , 60.72 , 2.66
33.071 , 63.42 , 60.72 , 2.699997
33.072 , 63.42 , 60.71 , 2.709999
33.074 , 63.38 , 60.71 , 2.670002
33.076 , 63.38 , 60.7 , 2.68
33.077 , 63.38 , 60.7 , 2.68
33.079 , 63.38 , 60.69 , 2.690002
33.08 , 63.36 , 60.69 , 2.670002
33.082 , 63.38 , 60.68 , 2.700001
33.083 , 63.38 , 60.68 , 2.700001
33.085 , 63.38 , 60.68 , 2.700001
33.086 , 63.36 , 60.67 , 2.690002
33.088 , 63.36 , 60.67 , 2.690002
33.089 , 63.38 , 60.66 , 2.720001
33.091 , 63.36 , 60.66 , 2.700001
33.092 , 63.33 , 60.65 , 2.68
33.094 , 63.36 , 60.65 , 2.709999
33.095 , 63.33 , 60.65 , 2.68
33.097 , 63.36 , 60.64 , 2.720001
33.098 , 63.36 , 60.64 , 2.720001
33.1 , 63.33 , 60.63 , 2.700001
33.102 , 63.36 , 60.63 , 2.73
33.103 , 63.36 , 60.62 , 2.740002
33.105 , 63.36 , 60.62 , 2.740002
33.106 , 63.33 , 60.61 , 2.720001
33.108 , 63.33 , 60.61 , 2.720001
33.109 , 63.29 , 60.6 , 2.690002
33.111 , 63.33 , 60.6 , 2.730003
33.112 , 63.33 , 60.6 , 2.730003
33.114 , 63.29 , 60.59 , 2.700001
33.115 , 63.29 , 60.59 , 2.700001
33.117 , 63.33 , 60.58 , 2.75
33.118 , 63.33 , 60.58 , 2.75
33.12 , 63.29 , 60.57 , 2.720001
33.121 , 63.29 , 60.57 , 2.720001
33.123 , 63.26 , 60.56 , 2.699997
33.124 , 63.26 , 60.56 , 2.699997
33.126 , 63.26 , 60.55 , 2.709999
33.128 , 63.22 , 60.55 , 2.670002
33.129 , 63.22 , 60.54 , 2.68
33.131 , 63.22 , 60.54 , 2.68
33.132 , 63.22 , 60.54 , 2.68
33.134 , 63.22 , 60.53 , 2.690002
33.135 , 63.26 , 60.53 , 2.73
33.137 , 63.26 , 60.52 , 2.739998
33.138 , 63.22 , 60.52 , 2.700001
33.14 , 63.22 , 60.51 , 2.710003
33.141 , 63.26 , 60.51 , 2.75
33.151 , 63.2 , 60.48 , 2.720001
33.153 , 63.2 , 60.47 , 2.73
33.154 , 63.2 , 60.47 , 2.73
33.156 , 63.17 , 60.46 , 2.709999
33.158 , 63.2 , 60.46 , 2.740002
33.159 , 63.17 , 60.45 , 2.719997
33.161 , 63.2 , 60.45 , 2.75
33.162 , 63.17 , 60.45 , 2.719997
33.164 , 63.2 , 60.44 , 2.760002
33.165 , 63.17 , 60.44 , 2.73
33.167 , 63.17 , 60.43 , 2.739998
33.169 , 63.13 , 60.42 , 2.710003
33.17 , 63.13 , 60.42 , 2.710003
33.172 , 63.17 , 60.42 , 2.75
33.173 , 63.13 , 60.41 , 2.720001
33.175 , 63.06 , 60.41 , 2.650002
33.176 , 63.13 , 60.4 , 2.73
33.178 , 63.1 , 60.4 , 2.699997
33.179 , 63.13 , 60.39 , 2.740002
33.181 , 63.13 , 60.39 , 2.740002
33.183 , 63.06 , 60.38 , 2.68
33.184 , 63.1 , 60.38 , 2.719997
33.186 , 63.06 , 60.37 , 2.690002
33.187 , 63.04 , 60.37 , 2.670002
33.189 , 63.04 , 60.36 , 2.68
33.19 , 63.1 , 60.36 , 2.739998
33.192 , 63.06 , 60.36 , 2.700001
33.193 , 63.06 , 60.35 , 2.710003
33.195 , 63.04 , 60.35 , 2.690002
33.196 , 63.06 , 60.34 , 2.720001
33.198 , 63.06 , 60.34 , 2.720001
33.199 , 63.06 , 60.33 , 2.73
33.201 , 63.04 , 60.33 , 2.709999
33.203 , 63.04 , 60.32 , 2.720001
33.204 , 63.04 , 60.32 , 2.720001
33.206 , 63.04 , 60.31 , 2.73
33.207 , 63.04 , 60.31 , 2.73
33.209 , 63.04 , 60.31 , 2.73
33.21 , 62.99 , 60.3 , 2.690002
33.212 , 63.04 , 60.3 , 2.740002
33.213 , 62.99 , 60.29 , 2.700001
33.215 , 62.99 , 60.29 , 2.700001
33.216 , 62.97 , 60.28 , 2.690002
33.218 , 62.97 , 60.28 , 2.690002
33.219 , 63.04 , 60.28 , 2.760002
33.221 , 62.99 , 60.27 , 2.720001
33.222 , 62.97 , 60.27 , 2.700001
33.224 , 62.97 , 60.26 , 2.710003
33.225 , 62.99 , 60.26 , 2.730003
33.227 , 62.99 , 60.25 , 2.740002
33.228 , 62.97 , 60.25 , 2.720001
33.23 , 62.99 , 60.24 , 2.75
33.231 , 62.99 , 60.24 , 2.75
33.233 , 62.99 , 60.23 , 2.760002
33.234 , 62.99 , 60.23 , 2.760002
33.236 , 63.04 , 60.22 , 2.82
33.237 , 62.99 , 60.22 , 2.77
33.239 , 62.99 , 60.22 , 2.77
33.241 , 62.99 , 60.21 , 2.780003
33.242 , 63.04 , 60.21 , 2.830002
33.244 , 63.04 , 60.2 , 2.84
33.245 , 63.04 , 60.2 , 2.84
33.247 , 63.06 , 60.19 , 2.870003
33.248 , 63.06 , 60.19 , 2.870003
33.25 , 63.1 , 60.18 , 2.919998
33.251 , 63.1 , 60.18 , 2.919998
33.253 , 63.13 , 60.17 , 2.960003
33.254 , 63.2 , 60.17 , 3.030003
33.256 , 63.2 , 60.16 , 3.040001
33.257 , 63.2 , 60.16 , 3.040001
33.259 , 63.2 , 60.16 , 3.040001
33.261 , 63.2 , 60.15 , 3.049999
33.262 , 63.22 , 60.15 , 3.07
33.264 , 63.22 , 60.14 , 3.080002
33.265 , 63.22 , 60.14 , 3.080002
33.267 , 63.26 , 60.13 , 3.129997
33.268 , 63.26 , 60.13 , 3.129997
33.27 , 63.29 , 60.12 , 3.170002
33.271 , 63.29 , 60.12 , 3.170002
33.273 , 63.26 , 60.11 , 3.149998
33.275 , 63.29 , 60.11 , 3.18
33.276 , 63.29 , 60.1 , 3.190002
33.278 , 63.33 , 60.1 , 3.230003
33.279 , 63.29 , 60.1 , 3.190002
33.281 , 63.36 , 60.09 , 3.27
33.282 , 63.36 , 60.09 , 3.27
33.284 , 63.36 , 60.08 , 3.279999
33.285 , 63.36 , 60.08 , 3.279999
33.287 , 63.36 , 60.07 , 3.290001
33.288 , 63.38 , 60.07 , 3.310001
33.29 , 63.36 , 60.06 , 3.299999
33.291 , 63.38 , 60.06 , 3.32
33.293 , 63.42 , 60.05 , 3.369999
33.295 , 63.38 , 60.05 , 3.330002
33.296 , 63.38 , 60.04 , 3.34
33.298 , 63.38 , 60.04 , 3.34
33.299 , 63.42 , 60.04 , 3.379997
33.301 , 63.38 , 60.03 , 3.350002
33.302 , 63.42 , 60.03 , 3.389999
33.304 , 63.38 , 60.02 , 3.360001
33.305 , 63.42 , 60.02 , 3.399998
33.307 , 63.38 , 60.01 , 3.370003
33.309 , 63.36 , 60.01 , 3.350002
33.31 , 63.36 , 60.0 , 3.360001
33.312 , 63.36 , 60.0 , 3.360001
33.313 , 63.38 , 59.99 , 3.389999
33.315 , 63.38 , 59.99 , 3.389999
33.316 , 63.36 , 59.99 , 3.369999
33.318 , 63.36 , 59.98 , 3.380001
33.319 , 63.36 , 59.98 , 3.380001
33.321 , 63.36 , 59.97 , 3.389999
33.322 , 63.36 , 59.97 , 3.389999
33.324 , 63.36 , 59.96 , 3.400002
33.326 , 63.36 , 59.96 , 3.400002
33.327 , 63.36 , 59.95 , 3.41
33.329 , 63.36 , 59.95 , 3.41
33.33 , 63.36 , 59.94 , 3.420002
33.332 , 63.36 , 59.94 , 3.420002
33.333 , 63.29 , 59.93 , 3.360001
33.335 , 63.33 , 59.93 , 3.400002
33.336 , 63.29 , 59.93 , 3.360001
33.338 , 63.33 , 59.92 , 3.410004
33.339 , 63.29 , 59.92 , 3.370003
33.341 , 63.29 , 59.91 , 3.380001
33.343 , 63.29 , 59.9 , 3.389999
33.344 , 63.29 , 59.9 , 3.389999
33.346 , 63.26 , 59.9 , 3.359997
33.347 , 63.29 , 59.89 , 3.400002
33.349 , 63.26 , 59.89 , 3.369999
33.351 , 63.26 , 59.88 , 3.379997
33.352 , 63.26 , 59.88 , 3.379997
33.354 , 63.22 , 59.87 , 3.350002
33.355 , 63.26 , 59.87 , 3.389999
33.357 , 63.22 , 59.86 , 3.360001
33.358 , 63.2 , 59.86 , 3.34
33.36 , 63.2 , 59.85 , 3.350002
33.361 , 63.2 , 59.85 , 3.350002
33.363 , 63.17 , 59.84 , 3.329998
33.365 , 63.17 , 59.84 , 3.329998
33.366 , 63.17 , 59.84 , 3.329998
33.368 , 63.13 , 59.83 , 3.299999
33.369 , 63.13 , 59.83 , 3.299999
33.371 , 63.13 , 59.82 , 3.310001
33.372 , 63.13 , 59.82 , 3.310001
33.374 , 63.1 , 59.81 , 3.289997
33.376 , 63.1 , 59.81 , 3.289997
33.377 , 63.04 , 59.8 , 3.240002
33.379 , 62.99 , 59.8 , 3.190002
33.38 , 62.99 , 59.79 , 3.200001
33.382 , 63.04 , 59.79 , 3.25
33.383 , 62.99 , 59.78 , 3.210003
33.385 , 62.97 , 59.78 , 3.190002
33.387 , 62.97 , 59.77 , 3.200001
33.388 , 62.97 , 59.77 , 3.200001
33.39 , 62.97 , 59.76 , 3.210003
33.391 , 62.94 , 59.76 , 3.18
33.393 , 62.94 , 59.75 , 3.189999
33.394 , 62.9 , 59.75 , 3.150002
33.396 , 62.83 , 59.75 , 3.080002
33.397 , 62.87 , 59.74 , 3.129997
33.399 , 62.87 , 59.74 , 3.129997
33.401 , 62.87 , 59.73 , 3.139999
33.402 , 62.83 , 59.73 , 3.100002
33.404 , 62.81 , 59.72 , 3.09
33.405 , 62.81 , 59.72 , 3.09
33.407 , 62.81 , 59.71 , 3.100002
33.409 , 62.78 , 59.71 , 3.07
33.41 , 62.78 , 59.7 , 3.079998
33.412 , 62.78 , 59.7 , 3.079998
33.413 , 62.78 , 59.7 , 3.079998
33.415 , 62.71 , 59.69 , 3.02
33.417 , 62.74 , 59.68 , 3.060001
33.418 , 62.78 , 59.68 , 3.099998
33.42 , 62.71 , 59.67 , 3.040001
33.421 , 62.71 , 59.67 , 3.040001
33.423 , 62.71 , 59.67 , 3.040001
33.425 , 62.65 , 59.66 , 2.990002
33.426 , 62.65 , 59.66 , 2.990002
33.428 , 62.65 , 59.65 , 3.0
33.429 , 62.65 , 59.65 , 3.0
33.431 , 62.62 , 59.64 , 2.98
33.432 , 62.6 , 59.64 , 2.959999
33.434 , 62.6 , 59.63 , 2.969997
33.436 , 62.6 , 59.63 , 2.969997
33.437 , 62.55 , 59.62 , 2.93
33.439 , 62.55 , 59.62 , 2.93
33.441 , 62.55 , 59.61 , 2.939999
33.442 , 62.55 , 59.61 , 2.939999
33.444 , 62.53 , 59.6 , 2.93
33.445 , 62.55 , 59.6 , 2.950001
33.447 , 62.53 , 59.59 , 2.939999
33.449 , 62.53 , 59.59 , 2.939999
33.45 , 62.53 , 59.58 , 2.949997
33.452 , 62.49 , 59.58 , 2.91
33.453 , 62.49 , 59.58 , 2.91
33.455 , 62.49 , 59.57 , 2.920002
33.457 , 62.49 , 59.56 , 2.93
33.458 , 62.46 , 59.56 , 2.899998
33.46 , 62.42 , 59.55 , 2.869999
33.461 , 62.42 , 59.55 , 2.869999
33.463 , 62.46 , 59.55 , 2.91
33.465 , 62.46 , 59.54 , 2.919998
33.466 , 62.42 , 59.54 , 2.879997
33.468 , 62.42 , 59.53 , 2.889999
33.47 , 62.37 , 59.52 , 2.849998
33.471 , 62.37 , 59.52 , 2.849998
33.473 , 62.37 , 59.52 , 2.849998
33.474 , 62.37 , 59.51 , 2.860001
33.476 , 62.37 , 59.51 , 2.860001
33.478 , 62.33 , 59.5 , 2.830002
33.479 , 62.37 , 59.5 , 2.869999
33.481 , 62.33 , 59.49 , 2.84
33.482 , 62.3 , 59.49 , 2.809998
33.484 , 62.33 , 59.48 , 2.850002
33.485 , 62.3 , 59.48 , 2.82
33.487 , 62.3 , 59.47 , 2.829998
33.489 , 62.3 , 59.47 , 2.829998
33.49 , 62.3 , 59.46 , 2.84
33.492 , 62.23 , 59.46 , 2.77
33.494 , 62.23 , 59.45 , 2.779999
33.495 , 62.23 , 59.45 , 2.779999
33.497 , 62.21 , 59.44 , 2.77
33.498 , 62.21 , 59.44 , 2.77
33.5 , 62.21 , 59.44 , 2.77
33.502 , 62.21 , 59.43 , 2.779999
33.503 , 62.17 , 59.43 , 2.739998
33.505 , 62.23 , 59.42 , 2.810001
33.506 , 62.17 , 59.42 , 2.75
33.508 , 62.21 , 59.41 , 2.799999
33.51 , 62.17 , 59.41 , 2.759998
33.511 , 62.14 , 59.4 , 2.739998
33.513 , 62.14 , 59.4 , 2.739998
33.514 , 62.14 , 59.39 , 2.75
33.516 , 62.14 , 59.39 , 2.75
33.518 , 62.17 , 59.38 , 2.789997
33.519 , 62.14 , 59.38 , 2.759998
33.521 , 62.14 , 59.37 , 2.77
33.522 , 62.17 , 59.37 , 2.799999
33.524 , 62.1 , 59.36 , 2.739998
33.526 , 62.1 , 59.36 , 2.739998
33.527 , 62.1 , 59.35 , 2.75
33.529 , 62.1 , 59.35 , 2.75
33.531 , 62.14 , 59.34 , 2.799999
33.532 , 62.1 , 59.34 , 2.759998
33.534 , 62.1 , 59.33 , 2.769997
33.535 , 62.1 , 59.33 , 2.769997
33.537 , 62.1 , 59.32 , 2.779999
33.539 , 62.1 , 59.32 , 2.779999
33.54 , 62.07 , 59.32 , 2.75
33.542 , 62.05 , 59.31 , 2.739998
33.544 , 62.07 , 59.3 , 2.77
33.545 , 62.07 , 59.3 , 2.77
33.547 , 62.05 , 59.29 , 2.759998
33.548 , 62.05 , 59.29 , 2.759998
33.55 , 62.07 , 59.29 , 2.779999
33.552 , 62.05 , 59.28 , 2.77
33.553 , 62.07 , 59.28 , 2.790001
33.555 , 62.05 , 59.27 , 2.779999
33.556 , 62.05 , 59.27 , 2.779999
33.558 , 62.05 , 59.26 , 2.790001
33.56 , 62.01 , 59.26 , 2.75
33.561 , 62.05 , 59.25 , 2.799999
33.563 , 62.01 , 59.25 , 2.759998
33.565 , 61.98 , 59.24 , 2.739998
33.566 , 61.98 , 59.24 , 2.739998
33.568 , 61.98 , 59.23 , 2.75
33.569 , 61.94 , 59.23 , 2.709999
33.571 , 61.94 , 59.22 , 2.719997
33.573 , 61.98 , 59.22 , 2.759998
33.574 , 61.94 , 59.21 , 2.73
33.576 , 61.98 , 59.21 , 2.77
33.577 , 61.98 , 59.2 , 2.779999
33.579 , 61.94 , 59.2 , 2.739998
33.581 , 61.94 , 59.19 , 2.75
33.582 , 61.98 , 59.19 , 2.790001
33.584 , 61.94 , 59.18 , 2.759998
33.586 , 61.91 , 59.18 , 2.73
33.587 , 61.94 , 59.17 , 2.77
33.589 , 61.91 , 59.17 , 2.740002
33.59 , 61.94 , 59.17 , 2.77
33.592 , 61.94 , 59.16 , 2.779999
33.594 , 61.94 , 59.15 , 2.789997
33.595 , 61.91 , 59.15 , 2.759998
33.597 , 61.91 , 59.14 , 2.77
33.598 , 61.91 , 59.14 , 2.77
33.6 , 61.98 , 59.14 , 2.84
33.602 , 61.98 , 59.13 , 2.849998
33.603 , 61.91 , 59.13 , 2.779999
33.605 , 61.91 , 59.12 , 2.790001
33.607 , 61.87 , 59.12 , 2.75
33.608 , 61.87 , 59.11 , 2.759998
33.61 , 61.91 , 59.11 , 2.799999
33.611 , 61.84 , 59.1 , 2.740002
33.613 , 61.84 , 59.1 , 2.740002
33.614 , 61.91 , 59.09 , 2.82
33.616 , 61.87 , 59.09 , 2.779999
33.618 , 61.87 , 59.08 , 2.789997
33.619 , 61.87 , 59.08 , 2.789997
33.621 , 61.84 , 59.07 , 2.77
33.622 , 61.82 , 59.07 , 2.75
33.624 , 61.87 , 59.06 , 2.809998
33.626 , 61.84 , 59.06 , 2.779999
33.627 , 61.82 , 59.06 , 2.759998
33.629 , 61.82 , 59.05 , 2.77
33.63 , 61.84 , 59.05 , 2.790001
33.632 , 61.82 , 59.04 , 2.779999
33.634 , 61.78 , 59.03 , 2.75
33.635 , 61.78 , 59.03 , 2.75
33.637 , 61.82 , 59.03 , 2.790001
33.638 , 61.78 , 59.02 , 2.759998
33.64 , 61.82 , 59.02 , 2.799999
33.642 , 61.78 , 59.01 , 2.77
33.643 , 61.78 , 59.01 , 2.77
33.645 , 61.78 , 59.0 , 2.779999
33.646 , 61.75 , 59.0 , 2.75
33.648 , 61.75 , 58.99 , 2.759998
33.65 , 61.71 , 58.99 , 2.719997
33.651 , 61.75 , 58.98 , 2.77
33.653 , 61.68 , 58.98 , 2.700001
33.654 , 61.68 , 58.97 , 2.709999
33.656 , 61.71 , 58.97 , 2.739998
33.658 , 61.71 , 58.96 , 2.75
33.659 , 61.68 , 58.96 , 2.720001
33.661 , 61.66 , 58.95 , 2.709999
33.662 , 61.66 , 58.95 , 2.709999
33.664 , 61.66 , 58.94 , 2.720001
33.666 , 61.62 , 58.94 , 2.68
33.667 , 61.66 , 58.94 , 2.720001
33.669 , 61.62 , 58.93 , 2.689999
33.67 , 61.59 , 58.93 , 2.66
33.672 , 61.62 , 58.92 , 2.700001
33.674 , 61.59 , 58.91 , 2.68
33.675 , 61.59 , 58.91 , 2.68
33.677 , 61.59 , 58.91 , 2.68
33.678 , 61.59 , 58.9 , 2.689999
33.68 , 61.59 , 58.9 , 2.689999
33.682 , 61.55 , 58.89 , 2.66
33.683 , 61.55 , 58.89 , 2.66
33.685 , 61.52 , 58.88 , 2.639999
33.687 , 61.52 , 58.88 , 2.639999
33.688 , 61.55 , 58.87 , 2.68
33.69 , 61.48 , 58.87 , 2.610001
33.691 , 61.52 , 58.86 , 2.66
33.693 , 61.52 , 58.86 , 2.66
33.695 , 61.48 , 58.85 , 2.630001
33.696 , 61.52 , 58.85 , 2.670002
33.698 , 61.46 , 58.84 , 2.619999
33.699 , 61.46 , 58.84 , 2.619999
33.701 , 61.48 , 58.83 , 2.649998
33.703 , 61.48 , 58.83 , 2.649998
33.704 , 61.48 , 58.83 , 2.649998
33.706 , 61.48 , 58.82 , 2.66
33.708 , 61.43 , 58.81 , 2.619999
33.709 , 61.46 , 58.81 , 2.649998
33.711 , 61.46 , 58.8 , 2.66
33.712 , 61.43 , 58.8 , 2.630001
33.714 , 61.43 , 58.8 , 2.630001
33.715 , 61.46 , 58.79 , 2.669998
33.717 , 61.43 , 58.79 , 2.639999
33.719 , 61.39 , 58.78 , 2.610001
33.72 , 61.39 , 58.78 , 2.610001
33.722 , 61.39 , 58.77 , 2.619999
33.723 , 61.39 , 58.77 , 2.619999
33.725 , 61.36 , 58.76 , 2.600002
33.727 , 61.36 , 58.76 , 2.600002
33.728 , 61.36 , 58.75 , 2.610001
33.73 , 61.36 , 58.75 , 2.610001
33.731 , 61.32 , 58.74 , 2.579998
33.733 , 61.32 , 58.74 , 2.579998
33.734 , 61.3 , 58.74 , 2.559998
33.736 , 61.36 , 58.73 , 2.630001
33.738 , 61.32 , 58.72 , 2.599998
33.739 , 61.36 , 58.72 , 2.639999
33.741 , 61.32 , 58.71 , 2.610001
33.742 , 61.27 , 58.71 , 2.560001
33.744 , 61.3 , 58.71 , 2.59
33.746 , 61.3 , 58.7 , 2.599998
33.747 , 61.3 , 58.7 , 2.599998
33.749 , 61.3 , 58.69 , 2.610001
33.75 , 61.27 , 58.69 , 2.580002
33.752 , 61.27 , 58.68 , 2.59
33.753 , 61.23 , 58.68 , 2.549999
33.755 , 61.3 , 58.67 , 2.630001
33.757 , 61.27 , 58.67 , 2.600002
33.758 , 61.27 , 58.66 , 2.610001
33.76 , 61.27 , 58.66 , 2.610001
33.761 , 61.27 , 58.65 , 2.619999
33.763 , 61.23 , 58.65 , 2.579998
33.765 , 61.27 , 58.64 , 2.630001
33.766 , 61.27 , 58.64 , 2.630001
33.768 , 61.23 , 58.63 , 2.599998
33.769 , 61.27 , 58.63 , 2.639999
33.771 , 61.23 , 58.62 , 2.610001
33.772 , 61.23 , 58.62 , 2.610001
33.774 , 61.23 , 58.62 , 2.610001
33.776 , 61.2 , 58.61 , 2.59
33.777 , 61.2 , 58.61 , 2.59
33.779 , 61.16 , 58.6 , 2.560001
33.78 , 61.23 , 58.6 , 2.630001
33.782 , 61.14 , 58.59 , 2.549999
33.784 , 61.16 , 58.59 , 2.57
33.785 , 61.14 , 58.58 , 2.559998
33.787 , 61.16 , 58.58 , 2.579998
33.788 , 61.14 , 58.57 , 2.57
33.79 , 61.16 , 58.57 , 2.59
33.792 , 61.14 , 58.56 , 2.579998
33.793 , 61.14 , 58.56 , 2.579998
33.795 , 61.14 , 58.55 , 2.59
33.797 , 61.14 , 58.55 , 2.59
33.798 , 61.14 , 58.54 , 2.599998
33.8 , 61.07 , 58.54 , 2.529999
33.801 , 61.07 , 58.54 , 2.529999
33.803 , 61.07 , 58.53 , 2.540001
33.805 , 61.14 , 58.52 , 2.619999
33.806 , 61.07 , 58.52 , 2.549999
33.808 , 61.07 , 58.51 , 2.560001
33.809 , 61.0 , 58.51 , 2.490002
33.811 , 61.04 , 58.51 , 2.530003
33.813 , 61.04 , 58.5 , 2.540001
33.814 , 61.04 , 58.5 , 2.540001
33.816 , 61.0 , 58.49 , 2.509998
33.817 , 61.07 , 58.49 , 2.579998
33.819 , 61.07 , 58.48 , 2.59
33.82 , 61.04 , 58.48 , 2.560001
33.822 , 61.0 , 58.47 , 2.529999
33.823 , 61.0 , 58.47 , 2.529999
33.825 , 61.0 , 58.46 , 2.540001
33.826 , 60.98 , 58.46 , 2.52
33.828 , 61.0 , 58.45 , 2.549999
33.83 , 61.0 , 58.45 , 2.549999
33.839 , 60.98 , 58.42 , 2.560001
33.841 , 60.91 , 58.42 , 2.490002
33.843 , 60.93 , 58.41 , 2.52
33.844 , 60.91 , 58.41 , 2.5
33.846 , 60.91 , 58.4 , 2.509998
33.847 , 60.91 , 58.4 , 2.509998
33.849 , 60.91 , 58.39 , 2.52
33.851 , 60.91 , 58.39 , 2.52
33.852 , 60.91 , 58.38 , 2.529999
33.854 , 60.91 , 58.38 , 2.529999
33.855 , 60.91 , 58.37 , 2.540001
33.857 , 60.91 , 58.37 , 2.540001
33.859 , 60.88 , 58.36 , 2.52
33.86 , 60.88 , 58.36 , 2.52
33.862 , 60.88 , 58.35 , 2.530003
33.863 , 60.88 , 58.35 , 2.530003
33.865 , 60.84 , 58.34 , 2.5
33.866 , 60.88 , 58.34 , 2.540001
33.868 , 60.88 , 58.33 , 2.549999
33.869 , 60.81 , 58.33 , 2.48
33.871 , 60.84 , 58.33 , 2.509998
33.872 , 60.84 , 58.32 , 2.52
33.874 , 60.84 , 58.32 , 2.52
33.876 , 60.84 , 58.31 , 2.529999
33.877 , 60.81 , 58.31 , 2.5
33.879 , 60.81 , 58.3 , 2.510002
33.88 , 60.81 , 58.3 , 2.510002
33.882 , 60.84 , 58.29 , 2.549999
33.883 , 60.84 , 58.29 , 2.549999
33.885 , 60.81 , 58.28 , 2.530003
33.887 , 60.81 , 58.28 , 2.530003
33.888 , 60.81 , 58.27 , 2.540001
33.89 , 60.77 , 58.27 , 2.5
33.891 , 60.81 , 58.27 , 2.540001
33.893 , 60.81 , 58.26 , 2.550003
33.894 , 60.81 , 58.26 , 2.550003
33.896 , 60.77 , 58.25 , 2.52
33.897 , 60.75 , 58.25 , 2.5
33.899 , 60.77 , 58.24 , 2.529999
33.9 , 60.77 , 58.24 , 2.529999
33.902 , 60.75 , 58.23 , 2.52
33.903 , 60.75 , 58.23 , 2.52
33.905 , 60.75 , 58.22 , 2.529999
33.907 , 60.72 , 58.22 , 2.5
33.908 , 60.75 , 58.22 , 2.529999
33.91 , 60.72 , 58.21 , 2.510002
33.911 , 60.72 , 58.21 , 2.510002
33.913 , 60.75 , 58.2 , 2.549999
33.914 , 60.72 , 58.2 , 2.52
33.916 , 60.75 , 58.19 , 2.560001
33.917 , 60.75 , 58.19 , 2.560001
33.919 , 60.72 , 58.18 , 2.540001
33.92 , 60.72 , 58.18 , 2.540001
33.922 , 60.68 , 58.17 , 2.510002
33.923 , 60.68 , 58.17 , 2.510002
33.925 , 60.68 , 58.16 , 2.52
33.927 , 60.68 , 58.16 , 2.52
33.928 , 60.68 , 58.16 , 2.52
33.93 , 60.68 , 58.15 , 2.529999
33.931 , 60.68 , 58.15 , 2.529999
33.933 , 60.68 , 58.14 , 2.540001
33.934 , 60.65 , 58.14 , 2.510002
33.936 , 60.68 , 58.13 , 2.549999
33.937 , 60.68 , 58.13 , 2.549999
33.939 , 60.68 , 58.12 , 2.560001
33.941 , 60.65 , 58.12 , 2.530003
33.942 , 60.65 , 58.11 , 2.540001
33.944 , 60.65 , 58.11 , 2.540001
33.945 , 60.61 , 58.1 , 2.510002
33.947 , 60.61 , 58.1 , 2.510002
33.948 , 60.61 , 58.1 , 2.510002
33.95 , 60.65 , 58.09 , 2.560001
33.951 , 60.61 , 58.09 , 2.52
33.953 , 60.59 , 58.08 , 2.509998
33.954 , 60.65 , 58.08 , 2.57
33.956 , 60.59 , 58.07 , 2.52
33.957 , 60.59 , 58.07 , 2.52
33.959 , 60.61 , 58.06 , 2.549999
33.961 , 60.59 , 58.06 , 2.529999
33.962 , 60.59 , 58.05 , 2.540001
33.964 , 60.59 , 58.05 , 2.540001
33.965 , 60.56 , 58.04 , 2.52
33.967 , 60.59 , 58.04 , 2.549999
33.968 , 60.59 , 58.04 , 2.549999
33.97 , 60.59 , 58.03 , 2.560001
33.971 , 60.56 , 58.03 , 2.530003
33.973 , 60.56 , 58.02 , 2.540001
33.974 , 60.52 , 58.02 , 2.5
33.976 , 60.52 , 58.01 , 2.510002
33.977 , 60.52 , 58.01 , 2.510002
33.979 , 60.52 , 58.0 , 2.52
33.98 , 60.52 , 58.0 , 2.52
33.982 , 60.52 , 57.99 , 2.529999
33.984 , 60.49 , 57.99 , 2.5
33.985 , 60.49 , 57.98 , 2.510002
33.987 , 60.49 , 57.98 , 2.510002
33.988 , 60.49 , 57.98 , 2.510002
33.99 , 60.49 , 57.97 , 2.52
33.991 , 60.49 , 57.97 , 2.52
33.993 , 60.45 , 57.96 , 2.490002
33.994 , 60.43 , 57.96 , 2.470001
33.996 , 60.45 , 57.95 , 2.5
33.998 , 60.49 , 57.95 , 2.540001
33.999 , 60.43 , 57.94 , 2.490002
34.001 , 60.45 , 57.94 , 2.510002
34.002 , 60.43 , 57.93 , 2.5
34.004 , 60.45 , 57.93 , 2.52
34.005 , 60.43 , 57.93 , 2.5
34.007 , 60.45 , 57.92 , 2.530003
34.008 , 60.43 , 57.92 , 2.510002
34.01 , 60.38 , 57.91 , 2.470001
34.011 , 60.38 , 57.91 , 2.470001
34.013 , 60.38 , 57.9 , 2.48
34.014 , 60.38 , 57.9 , 2.48
34.016 , 60.38 , 57.89 , 2.490002
34.017 , 60.38 , 57.89 , 2.490002
34.019 , 60.38 , 57.88 , 2.5
34.021 , 60.38 , 57.88 , 2.5
34.022 , 60.38 , 57.87 , 2.510002
34.024 , 60.36 , 57.87 , 2.490002
34.025 , 60.36 , 57.87 , 2.490002
34.027 , 60.33 , 57.86 , 2.470001
34.028 , 60.36 , 57.86 , 2.5
34.03 , 60.36 , 57.85 , 2.510002
34.031 , 60.33 , 57.85 , 2.480003
34.033 , 60.38 , 57.84 , 2.540001
34.034 , 60.33 , 57.84 , 2.490002
34.036 , 60.33 , 57.83 , 2.5
34.037 , 60.33 , 57.83 , 2.5
34.039 , 60.33 , 57.82 , 2.510002
34.04 , 60.33 , 57.82 , 2.510002
34.042 , 60.33 , 57.81 , 2.52
34.043 , 60.29 , 57.81 , 2.48
34.045 , 60.29 , 57.81 , 2.48
34.047 , 60.33 , 57.8 , 2.530003
34.048 , 60.29 , 57.8 , 2.490002
34.05 , 60.27 , 57.79 , 2.48
34.051 , 60.27 , 57.79 , 2.48
34.053 , 60.29 , 57.78 , 2.510002
34.054 , 60.33 , 57.78 , 2.550003
34.056 , 60.29 , 57.77 , 2.52
34.057 , 60.27 , 57.77 , 2.5
34.059 , 60.29 , 57.76 , 2.530003
34.06 , 60.29 , 57.76 , 2.530003
34.062 , 60.29 , 57.75 , 2.540001
34.063 , 60.33 , 57.75 , 2.580002
34.065 , 60.33 , 57.75 , 2.580002
34.067 , 60.29 , 57.74 , 2.549999
34.068 , 60.33 , 57.74 , 2.59
34.07 , 60.29 , 57.73 , 2.560001
34.071 , 60.33 , 57.73 , 2.600002
34.073 , 60.33 , 57.72 , 2.610001
34.074 , 60.36 , 57.72 , 2.639999
34.076 , 60.36 , 57.71 , 2.650002
34.077 , 60.36 , 57.71 , 2.650002
34.079 , 60.38 , 57.7 , 2.68
34.08 , 60.43 , 57.7 , 2.73
34.082 , 60.43 , 57.69 , 2.740002
34.083 , 60.43 , 57.69 , 2.740002
34.085 , 60.43 , 57.69 , 2.740002
34.087 , 60.45 , 57.68 , 2.77
34.088 , 60.45 , 57.68 , 2.77
34.09 , 60.45 , 57.67 , 2.780003
34.091 , 60.49 , 57.67 , 2.820004
34.093 , 60.49 , 57.66 , 2.830002
34.094 , 60.52 , 57.66 , 2.860001
34.096 , 60.52 , 57.65 , 2.869999
34.097 , 60.56 , 57.65 , 2.91
34.099 , 60.59 , 57.64 , 2.950001
34.101 , 60.56 , 57.64 , 2.920002
34.102 , 60.61 , 57.64 , 2.970001
34.104 , 60.59 , 57.63 , 2.959999
34.105 , 60.59 , 57.63 , 2.959999
34.107 , 60.59 , 57.62 , 2.970001
34.108 , 60.61 , 57.62 , 2.990002
34.11 , 60.61 , 57.61 , 3.0
34.111 , 60.61 , 57.61 , 3.0
34.113 , 60.61 , 57.6 , 3.010002
34.114 , 60.61 , 57.6 , 3.010002
34.116 , 60.68 , 57.59 , 3.09
34.117 , 60.65 , 57.59 , 3.060001
34.119 , 60.65 , 57.58 , 3.07
34.12 , 60.65 , 57.58 , 3.07
34.122 , 60.65 , 57.58 , 3.07
34.124 , 60.68 , 57.57 , 3.110001
34.125 , 60.68 , 57.57 , 3.110001
34.127 , 60.68 , 57.56 , 3.119999
34.128 , 60.68 , 57.56 , 3.119999
34.13 , 60.68 , 57.55 , 3.130001
34.131 , 60.72 , 57.55 , 3.170002
34.133 , 60.68 , 57.54 , 3.139999
34.134 , 60.68 , 57.54 , 3.139999
34.136 , 60.72 , 57.53 , 3.190002
34.137 , 60.68 , 57.53 , 3.150002
34.139 , 60.68 , 57.52 , 3.16
34.141 , 60.72 , 57.52 , 3.200001
34.142 , 60.72 , 57.52 , 3.200001
34.144 , 60.72 , 57.51 , 3.210003
34.145 , 60.68 , 57.51 , 3.170002
34.147 , 60.72 , 57.5 , 3.220001
34.148 , 60.72 , 57.5 , 3.220001
34.15 , 60.65 , 57.49 , 3.16
34.151 , 60.68 , 57.49 , 3.189999
34.153 , 60.68 , 57.48 , 3.200001
34.154 , 60.72 , 57.48 , 3.240002
34.156 , 60.68 , 57.47 , 3.209999
34.157 , 60.68 , 57.47 , 3.209999
34.159 , 60.68 , 57.46 , 3.220001
34.161 , 60.65 , 57.46 , 3.190002
34.162 , 60.68 , 57.46 , 3.220001
34.164 , 60.68 , 57.45 , 3.23
34.165 , 60.65 , 57.45 , 3.200001
34.167 , 60.59 , 57.44 , 3.150002
34.168 , 60.59 , 57.44 , 3.150002
34.17 , 60.61 , 57.43 , 3.18
34.171 , 60.61 , 57.43 , 3.18
34.173 , 60.61 , 57.42 , 3.190002
34.174 , 60.59 , 57.42 , 3.170002
34.176 , 60.59 , 57.41 , 3.18
34.178 , 60.56 , 57.41 , 3.150002
34.179 , 60.59 , 57.4 , 3.189999
34.181 , 60.59 , 57.4 , 3.189999
34.182 , 60.52 , 57.4 , 3.119999
34.184 , 60.56 , 57.39 , 3.170002
34.185 , 60.59 , 57.39 , 3.200001
34.187 , 60.56 , 57.38 , 3.18
34.188 , 60.52 , 57.38 , 3.139999
34.19 , 60.49 , 57.37 , 3.120003
34.192 , 60.52 , 57.37 , 3.150002
34.193 , 60.52 , 57.36 , 3.16
34.195 , 60.52 , 57.36 , 3.16
34.196 , 60.49 , 57.35 , 3.140003
34.198 , 60.49 , 57.35 , 3.140003
34.199 , 60.45 , 57.34 , 3.110001
34.201 , 60.49 , 57.34 , 3.150002
34.202 , 60.45 , 57.34 , 3.110001
34.204 , 60.43 , 57.33 , 3.099998
34.205 , 60.43 , 57.33 , 3.099998
34.207 , 60.43 , 57.32 , 3.110001
34.208 , 60.38 , 57.32 , 3.060001
34.21 , 60.38 , 57.31 , 3.07
34.211 , 60.36 , 57.31 , 3.049999
34.213 , 60.36 , 57.3 , 3.060001
34.214 , 60.36 , 57.3 , 3.060001
34.216 , 60.38 , 57.29 , 3.09
34.218 , 60.33 , 57.29 , 3.040001
34.219 , 60.36 , 57.29 , 3.07
34.221 , 60.33 , 57.28 , 3.050003
34.222 , 60.29 , 57.28 , 3.010002
34.224 , 60.29 , 57.27 , 3.02
34.225 , 60.33 , 57.27 , 3.060001
34.227 , 60.27 , 57.26 , 3.010002
34.228 , 60.27 , 57.26 , 3.010002
34.23 , 60.27 , 57.25 , 3.02
34.231 , 60.22 , 57.25 , 2.970001
34.233 , 60.22 , 57.24 , 2.98
34.234 , 60.22 , 57.24 , 2.98
34.236 , 60.22 , 57.23 , 2.990002
34.237 , 60.2 , 57.23 , 2.970001
34.239 , 60.2 , 57.23 , 2.970001
34.24 , 60.2 , 57.22 , 2.98
34.242 , 60.2 , 57.22 , 2.98
34.243 , 60.17 , 57.21 , 2.959999
34.245 , 60.17 , 57.21 , 2.959999
34.247 , 60.17 , 57.2 , 2.969997
34.248 , 60.17 , 57.2 , 2.969997
34.25 , 60.13 , 57.19 , 2.940002
34.251 , 60.13 , 57.19 , 2.940002
34.253 , 60.13 , 57.18 , 2.950001
34.254 , 60.13 , 57.18 , 2.950001
34.256 , 60.13 , 57.17 , 2.960003
34.258 , 60.06 , 57.17 , 2.890003
34.259 , 60.11 , 57.17 , 2.940002
34.261 , 60.06 , 57.16 , 2.900002
34.262 , 60.04 , 57.16 , 2.880001
34.264 , 60.06 , 57.15 , 2.91
34.265 , 60.04 , 57.15 , 2.889999
34.267 , 60.06 , 57.14 , 2.920002
34.268 , 60.04 , 57.14 , 2.900002
34.27 , 60.06 , 57.13 , 2.93
34.271 , 60.11 , 57.13 , 2.98
34.273 , 60.04 , 57.12 , 2.920002
34.275 , 60.06 , 57.12 , 2.940002
34.276 , 60.04 , 57.11 , 2.93
34.278 , 60.04 , 57.11 , 2.93
34.279 , 60.06 , 57.11 , 2.950001
34.281 , 59.99 , 57.1 , 2.890003
34.282 , 60.04 , 57.1 , 2.940002
34.284 , 60.04 , 57.09 , 2.950001
34.285 , 59.97 , 57.09 , 2.880001
34.287 , 59.97 , 57.08 , 2.889999
34.288 , 59.95 , 57.08 , 2.869999
34.29 , 59.9 , 57.07 , 2.830002
34.291 , 59.95 , 57.07 , 2.880001
34.293 , 59.9 , 57.06 , 2.84
34.294 , 59.88 , 57.06 , 2.82
34.296 , 59.9 , 57.05 , 2.850002
34.298 , 59.88 , 57.05 , 2.830002
34.299 , 59.88 , 57.05 , 2.830002
34.301 , 59.88 , 57.04 , 2.84
34.302 , 59.83 , 57.04 , 2.790001
34.304 , 59.88 , 57.03 , 2.850002
34.305 , 59.83 , 57.03 , 2.800003
34.307 , 59.83 , 57.02 , 2.810001
34.308 , 59.81 , 57.02 , 2.790001
34.31 , 59.83 , 57.01 , 2.820004
34.312 , 59.81 , 57.01 , 2.800003
34.313 , 59.81 , 57.0 , 2.810001
34.315 , 59.78 , 57.0 , 2.779999
34.316 , 59.74 , 57.0 , 2.740002
34.318 , 59.78 , 56.99 , 2.789997
34.319 , 59.78 , 56.99 , 2.789997
34.321 , 59.74 , 56.98 , 2.760002
34.323 , 59.74 , 56.97 , 2.77
34.324 , 59.72 , 56.97 , 2.75
34.326 , 59.74 , 56.97 , 2.77
34.327 , 59.72 , 56.96 , 2.760002
34.329 , 59.72 , 56.96 , 2.760002
34.33 , 59.74 , 56.95 , 2.790001
34.332 , 59.72 , 56.95 , 2.77
34.333 , 59.72 , 56.94 , 2.780003
34.335 , 59.67 , 56.94 , 2.73
34.336 , 59.72 , 56.94 , 2.780003
34.338 , 59.72 , 56.93 , 2.790001
34.34 , 59.65 , 56.92 , 2.730003
34.341 , 59.67 , 56.92 , 2.75
34.343 , 59.65 , 56.91 , 2.740002
34.344 , 59.65 , 56.91 , 2.740002
34.346 , 59.65 , 56.91 , 2.740002
34.347 , 59.62 , 56.9 , 2.719997
34.349 , 59.65 , 56.9 , 2.75
34.351 , 59.62 , 56.89 , 2.73
34.352 , 59.65 , 56.89 , 2.760002
34.354 , 59.65 , 56.88 , 2.77
34.355 , 59.62 , 56.88 , 2.739998
34.357 , 59.58 , 56.87 , 2.710003
34.359 , 59.58 , 56.87 , 2.710003
34.36 , 59.58 , 56.86 , 2.720001
34.362 , 59.62 , 56.86 , 2.759998
34.363 , 59.62 , 56.85 , 2.77
34.365 , 59.56 , 56.85 , 2.710003
34.367 , 59.58 , 56.84 , 2.740002
34.368 , 59.56 , 56.84 , 2.720001
34.37 , 59.56 , 56.83 , 2.73
34.371 , 59.56 , 56.83 , 2.73
34.373 , 59.51 , 56.82 , 2.689999
34.374 , 59.56 , 56.82 , 2.740002
34.376 , 59.51 , 56.82 , 2.689999
34.378 , 59.56 , 56.81 , 2.75
34.379 , 59.51 , 56.81 , 2.699997
34.381 , 59.58 , 56.8 , 2.780003
34.382 , 59.56 , 56.8 , 2.760002
34.384 , 59.51 , 56.79 , 2.719997
34.386 , 59.56 , 56.79 , 2.77
34.387 , 59.49 , 56.78 , 2.710003
34.389 , 59.51 , 56.78 , 2.73
34.39 , 59.44 , 56.77 , 2.669998
34.392 , 59.51 , 56.77 , 2.739998
34.394 , 59.51 , 56.76 , 2.75
34.395 , 59.49 , 56.76 , 2.730003
34.397 , 59.51 , 56.75 , 2.759998
34.399 , 59.49 , 56.75 , 2.740002
34.4 , 59.49 , 56.74 , 2.75
34.402 , 59.51 , 56.74 , 2.769997
34.403 , 59.49 , 56.74 , 2.75
34.405 , 59.49 , 56.73 , 2.760002
34.406 , 59.44 , 56.73 , 2.709999
34.408 , 59.44 , 56.72 , 2.719997
34.41 , 59.44 , 56.71 , 2.73
34.411 , 59.42 , 56.71 , 2.709999
34.413 , 59.44 , 56.71 , 2.73
34.415 , 59.44 , 56.7 , 2.739998
34.416 , 59.42 , 56.7 , 2.719997
34.418 , 59.44 , 56.69 , 2.75
34.419 , 59.42 , 56.69 , 2.73
34.421 , 59.42 , 56.68 , 2.739998
34.423 , 59.42 , 56.68 , 2.739998
34.424 , 59.4 , 56.67 , 2.730003
34.426 , 59.42 , 56.67 , 2.75
34.427 , 59.42 , 56.66 , 2.759998
34.429 , 59.4 , 56.66 , 2.740002
34.431 , 59.4 , 56.65 , 2.75
34.432 , 59.4 , 56.65 , 2.75
34.434 , 59.4 , 56.64 , 2.760002
34.435 , 59.42 , 56.64 , 2.779999
34.437 , 59.42 , 56.63 , 2.789997
34.439 , 59.4 , 56.63 , 2.77
34.44 , 59.35 , 56.62 , 2.73
34.442 , 59.35 , 56.62 , 2.73
34.443 , 59.35 , 56.62 , 2.73
34.445 , 59.33 , 56.61 , 2.720001
34.447 , 59.28 , 56.6 , 2.68
34.448 , 59.33 , 56.6 , 2.730003
34.45 , 59.33 , 56.59 , 2.740002
34.451 , 59.28 , 56.59 , 2.689999
34.453 , 59.33 , 56.59 , 2.740002
34.454 , 59.28 , 56.58 , 2.699997
34.456 , 59.28 , 56.58 , 2.699997
34.458 , 59.28 , 56.57 , 2.709999
34.459 , 59.26 , 56.57 , 2.689999
34.461 , 59.28 , 56.56 , 2.719997
34.463 , 59.28 , 56.56 , 2.719997
34.464 , 59.26 , 56.55 , 2.709999
34.466 , 59.28 , 56.55 , 2.73
34.468 , 59.26 , 56.54 , 2.719997
34.469 , 59.24 , 56.54 , 2.700001
34.471 , 59.24 , 56.53 , 2.710003
34.472 , 59.26 , 56.53 , 2.73
34.474 , 59.24 , 56.52 , 2.720001
34.475 , 59.19 , 56.52 , 2.669998
34.477 , 59.17 , 56.51 , 2.66
34.479 , 59.24 , 56.51 , 2.730003
34.48 , 59.17 , 56.5 , 2.669998
34.482 , 59.17 , 56.5 , 2.669998
34.483 , 59.17 , 56.5 , 2.669998
34.485 , 59.12 , 56.49 , 2.629997
34.487 , 59.17 , 56.48 , 2.689999
34.488 , 59.12 , 56.48 , 2.639999
34.49 , 59.17 , 56.47 , 2.699997
34.492 , 59.12 , 56.47 , 2.649998
34.493 , 59.12 , 56.47 , 2.649998
34.495 , 59.17 , 56.46 , 2.709999
34.496 , 59.12 , 56.46 , 2.66
34.498 , 59.12 , 56.45 , 2.669998
34.5 , 59.1 , 56.44 , 2.66
34.501 , 59.12 , 56.44 , 2.68
34.503 , 59.1 , 56.44 , 2.66
34.505 , 59.1 , 56.43 , 2.669998
34.506 , 59.1 , 56.43 , 2.669998
34.508 , 59.05 , 56.42 , 2.630001
34.509 , 59.05 , 56.42 , 2.630001
34.519 , 59.03 , 56.39 , 2.639999
34.521 , 59.01 , 56.38 , 2.629997
34.523 , 58.96 , 56.38 , 2.579998
34.524 , 59.01 , 56.37 , 2.639999
34.526 , 59.01 , 56.37 , 2.639999
34.528 , 58.96 , 56.36 , 2.599998
34.529 , 58.96 , 56.36 , 2.599998
34.531 , 58.96 , 56.35 , 2.610001
34.533 , 58.94 , 56.35 , 2.59
34.534 , 58.96 , 56.34 , 2.619999
34.536 , 58.96 , 56.34 , 2.619999
34.537 , 58.96 , 56.33 , 2.629997
34.539 , 58.96 , 56.33 , 2.629997
34.541 , 58.96 , 56.32 , 2.639999
34.542 , 58.94 , 56.32 , 2.619999
34.544 , 58.94 , 56.31 , 2.629997
34.546 , 58.94 , 56.31 , 2.629997
34.547 , 58.87 , 56.3 , 2.57
34.549 , 58.94 , 56.3 , 2.639999
34.55 , 58.89 , 56.3 , 2.59
34.552 , 58.87 , 56.29 , 2.579998
34.554 , 58.87 , 56.28 , 2.59
34.555 , 58.87 , 56.28 , 2.59
34.557 , 58.87 , 56.27 , 2.599998
34.559 , 58.87 , 56.27 , 2.599998
34.56 , 58.87 , 56.27 , 2.599998
34.562 , 58.85 , 56.26 , 2.59
34.564 , 58.85 , 56.25 , 2.599998
34.565 , 58.85 , 56.25 , 2.599998
34.567 , 58.8 , 56.24 , 2.559998
34.568 , 58.8 , 56.24 , 2.559998
34.57 , 58.8 , 56.24 , 2.559998
34.572 , 58.8 , 56.23 , 2.57
34.573 , 58.8 , 56.23 , 2.57
34.575 , 58.8 , 56.22 , 2.579998
34.577 , 58.78 , 56.21 , 2.57
34.578 , 58.78 , 56.21 , 2.57
34.58 , 58.73 , 56.21 , 2.52
34.582 , 58.73 , 56.2 , 2.529999
34.583 , 58.78 , 56.2 , 2.579998
34.585 , 58.73 , 56.19 , 2.540001
34.586 , 58.73 , 56.19 , 2.540001
34.588 , 58.73 , 56.18 , 2.549999
34.59 , 58.73 , 56.18 , 2.549999
34.591 , 58.73 , 56.17 , 2.560001
34.593 , 58.73 , 56.17 , 2.560001
34.595 , 58.69 , 56.16 , 2.529999
34.596 , 58.71 , 56.16 , 2.549999
34.598 , 58.71 , 56.15 , 2.559998
34.599 , 58.71 , 56.15 , 2.559998
34.601 , 58.69 , 56.14 , 2.549999
34.603 , 58.69 , 56.14 , 2.549999
34.604 , 58.64 , 56.13 , 2.509998
34.606 , 58.69 , 56.13 , 2.559998
34.608 , 58.69 , 56.12 , 2.57
34.609 , 58.62 , 56.12 , 2.5
34.611 , 58.64 , 56.11 , 2.529999
34.612 , 58.62 , 56.11 , 2.509998
34.614 , 58.64 , 56.1 , 2.540001
34.616 , 58.64 , 56.1 , 2.540001
34.617 , 58.64 , 56.1 , 2.540001
34.619 , 58.64 , 56.09 , 2.549999
34.621 , 58.62 , 56.08 , 2.539997
34.622 , 58.62 , 56.08 , 2.539997
34.624 , 58.62 , 56.07 , 2.549999
34.625 , 58.62 , 56.07 , 2.549999
34.627 , 58.64 , 56.07 , 2.57
34.629 , 58.57 , 56.06 , 2.509998
34.63 , 58.62 , 56.06 , 2.559998
34.632 , 58.55 , 56.05 , 2.5
34.634 , 58.57 , 56.04 , 2.529999
34.635 , 58.55 , 56.04 , 2.509998
34.637 , 58.62 , 56.04 , 2.579998
34.638 , 58.57 , 56.03 , 2.540001
34.64 , 58.55 , 56.03 , 2.52
34.642 , 58.55 , 56.02 , 2.529999
34.643 , 58.55 , 56.02 , 2.529999
34.645 , 58.5 , 56.01 , 2.490002
34.646 , 58.55 , 56.01 , 2.540001
34.648 , 58.5 , 56.0 , 2.5
34.649 , 58.5 , 56.0 , 2.5
34.651 , 58.5 , 55.99 , 2.509998
34.652 , 58.46 , 55.99 , 2.469997
34.654 , 58.5 , 55.98 , 2.52
34.656 , 58.5 , 55.98 , 2.52
34.657 , 58.5 , 55.98 , 2.52
34.659 , 58.48 , 55.97 , 2.509998
34.66 , 58.48 , 55.97 , 2.509998
34.662 , 58.48 , 55.96 , 2.52
34.664 , 58.48 , 55.95 , 2.529999
34.665 , 58.46 , 55.95 , 2.509998
34.667 , 58.48 , 55.95 , 2.529999
34.669 , 58.46 , 55.94 , 2.52
34.67 , 58.48 , 55.94 , 2.540001
34.672 , 58.46 , 55.93 , 2.529999
34.674 , 58.46 , 55.92 , 2.540001
34.675 , 58.48 , 55.92 , 2.560001
34.677 , 58.41 , 55.92 , 2.490002
34.678 , 58.46 , 55.91 , 2.549999
34.68 , 58.46 , 55.91 , 2.549999
34.682 , 58.41 , 55.9 , 2.509998
34.683 , 58.41 , 55.9 , 2.509998
34.685 , 58.39 , 55.89 , 2.5
34.687 , 58.39 , 55.89 , 2.5
34.688 , 58.39 , 55.88 , 2.509998
34.69 , 58.39 , 55.88 , 2.509998
34.692 , 58.39 , 55.87 , 2.52
34.693 , 58.39 , 55.87 , 2.52
34.695 , 58.39 , 55.86 , 2.529999
34.696 , 58.39 , 55.86 , 2.529999
34.698 , 58.39 , 55.85 , 2.540001
34.7 , 58.39 , 55.85 , 2.540001
34.701 , 58.34 , 55.84 , 2.5
34.703 , 58.39 , 55.84 , 2.549999
34.704 , 58.32 , 55.84 , 2.48
34.706 , 58.32 , 55.83 , 2.489998
34.708 , 58.32 , 55.82 , 2.5
34.709 , 58.34 , 55.82 , 2.52
34.711 , 58.34 , 55.81 , 2.529999
34.712 , 58.32 , 55.81 , 2.509998
34.714 , 58.32 , 55.81 , 2.509998
34.716 , 58.32 , 55.8 , 2.52
34.717 , 58.34 , 55.8 , 2.540001
34.719 , 58.32 , 55.79 , 2.529999
34.72 , 58.32 , 55.79 , 2.529999
34.722 , 58.32 , 55.78 , 2.540001
34.724 , 58.32 , 55.78 , 2.540001
34.725 , 58.32 , 55.77 , 2.549999
34.727 , 58.3 , 55.77 , 2.529999
34.728 , 58.3 , 55.76 , 2.540001
34.73 , 58.25 , 55.76 , 2.490002
34.732 , 58.3 , 55.75 , 2.549999
34.733 , 58.3 , 55.75 , 2.549999
34.735 , 58.3 , 55.74 , 2.559998
34.736 , 58.3 , 55.74 , 2.559998
34.738 , 58.25 , 55.73 , 2.52
34.74 , 58.25 , 55.73 , 2.52
34.741 , 58.25 , 55.72 , 2.529999
34.743 , 58.25 , 55.72 , 2.529999
34.744 , 58.25 , 55.72 , 2.529999
34.746 , 58.25 , 55.71 , 2.540001
34.747 , 58.23 , 55.71 , 2.52
34.749 , 58.25 , 55.7 , 2.549999
34.751 , 58.23 , 55.69 , 2.540001
34.752 , 58.25 , 55.69 , 2.560001
34.754 , 58.23 , 55.69 , 2.540001
34.755 , 58.18 , 55.68 , 2.5
34.757 , 58.23 , 55.68 , 2.549999
34.758 , 58.18 , 55.67 , 2.510002
34.76 , 58.18 , 55.67 , 2.510002
34.762 , 58.18 , 55.66 , 2.52
34.763 , 58.18 , 55.66 , 2.52
34.765 , 58.18 , 55.65 , 2.529999
34.766 , 58.18 , 55.65 , 2.529999
34.768 , 58.18 , 55.64 , 2.540001
34.769 , 58.18 , 55.64 , 2.540001
34.771 , 58.16 , 55.63 , 2.529999
34.773 , 58.16 , 55.63 , 2.529999
34.774 , 58.16 , 55.63 , 2.529999
34.776 , 58.16 , 55.62 , 2.540001
34.778 , 58.16 , 55.61 , 2.549999
34.779 , 58.16 , 55.61 , 2.549999
34.781 , 58.14 , 55.6 , 2.540001
34.782 , 58.16 , 55.6 , 2.560001
34.784 , 58.14 , 55.6 , 2.540001
34.786 , 58.14 , 55.59 , 2.549999
34.787 , 58.14 , 55.59 , 2.549999
34.789 , 58.14 , 55.58 , 2.559998
34.79 , 58.16 , 55.58 , 2.579998
34.792 , 58.14 , 55.57 , 2.57
34.794 , 58.09 , 55.57 , 2.52
34.795 , 58.14 , 55.56 , 2.579998
34.797 , 58.14 , 55.56 , 2.579998
34.799 , 58.09 , 55.55 , 2.540001
34.8 , 58.09 , 55.55 , 2.540001
34.802 , 58.09 , 55.54 , 2.549999
34.803 , 58.09 , 55.54 , 2.549999
34.805 , 58.07 , 55.53 , 2.540001
34.807 , 58.07 , 55.53 , 2.540001
34.808 , 58.09 , 55.52 , 2.57
34.81 , 58.07 , 55.52 , 2.549999
34.811 , 58.07 , 55.52 , 2.549999
34.813 , 58.02 , 55.51 , 2.510002
34.814 , 58.07 , 55.51 , 2.560001
34.816 , 58.02 , 55.5 , 2.52
34.817 , 58.07 , 55.5 , 2.57
34.819 , 58.02 , 55.49 , 2.529999
34.821 , 58.02 , 55.49 , 2.529999
34.822 , 58.02 , 55.48 , 2.540001
34.824 , 58.07 , 55.48 , 2.59
34.825 , 58.0 , 55.47 , 2.529999
34.827 , 57.95 , 55.47 , 2.48
34.829 , 58.0 , 55.46 , 2.540001
34.83 , 58.0 , 55.46 , 2.540001
34.832 , 58.02 , 55.45 , 2.57
34.833 , 58.0 , 55.45 , 2.549999
34.835 , 57.95 , 55.44 , 2.510002
34.836 , 57.95 , 55.44 , 2.510002
34.838 , 57.95 , 55.43 , 2.52
34.839 , 57.93 , 55.43 , 2.5
34.841 , 57.95 , 55.43 , 2.52
34.842 , 57.93 , 55.42 , 2.510002
34.844 , 57.95 , 55.42 , 2.530003
34.846 , 57.95 , 55.41 , 2.540001
34.847 , 57.93 , 55.41 , 2.52
34.849 , 57.93 , 55.4 , 2.529999
34.85 , 57.93 , 55.4 , 2.529999
34.852 , 57.93 , 55.39 , 2.540001
34.853 , 57.93 , 55.39 , 2.540001
34.855 , 57.91 , 55.38 , 2.529999
34.857 , 57.93 , 55.38 , 2.549999
34.858 , 57.93 , 55.37 , 2.560001
34.86 , 57.91 , 55.37 , 2.540001
34.861 , 57.91 , 55.37 , 2.540001
34.863 , 57.91 , 55.36 , 2.549999
34.865 , 57.91 , 55.35 , 2.560001
34.866 , 57.86 , 55.35 , 2.510002
34.868 , 57.86 , 55.34 , 2.52
34.869 , 57.86 , 55.34 , 2.52
34.871 , 57.84 , 55.34 , 2.5
34.872 , 57.79 , 55.33 , 2.459999
34.874 , 57.84 , 55.33 , 2.509998
34.875 , 57.84 , 55.32 , 2.52
34.877 , 57.79 , 55.32 , 2.470001
34.879 , 57.86 , 55.31 , 2.549999
34.88 , 57.84 , 55.31 , 2.529999
34.882 , 57.79 , 55.3 , 2.490002
34.883 , 57.84 , 55.3 , 2.540001
34.885 , 57.84 , 55.29 , 2.549999
34.886 , 57.79 , 55.29 , 2.5
34.888 , 57.84 , 55.28 , 2.560001
34.889 , 57.79 , 55.28 , 2.510002
34.891 , 57.79 , 55.28 , 2.510002
34.893 , 57.77 , 55.27 , 2.5
34.894 , 57.77 , 55.27 , 2.5
34.896 , 57.79 , 55.26 , 2.530003
34.897 , 57.77 , 55.26 , 2.510002
34.899 , 57.79 , 55.25 , 2.540001
34.9 , 57.77 , 55.25 , 2.52
34.902 , 57.79 , 55.24 , 2.549999
34.903 , 57.77 , 55.24 , 2.529999
34.905 , 57.77 , 55.23 , 2.540001
34.907 , 57.75 , 55.23 , 2.52
34.908 , 57.79 , 55.23 , 2.560001
34.91 , 57.79 , 55.22 , 2.57
34.911 , 57.84 , 55.22 , 2.619999
34.913 , 57.77 , 55.21 , 2.560001
34.914 , 57.79 , 55.21 , 2.580002
34.916 , 57.79 , 55.2 , 2.59
34.918 , 57.84 , 55.2 , 2.639999
34.919 , 57.84 , 55.19 , 2.650002
34.921 , 57.84 , 55.19 , 2.650002
34.922 , 57.91 , 55.18 , 2.73
34.924 , 57.86 , 55.18 , 2.68
34.925 , 57.91 , 55.17 , 2.740002
34.927 , 57.91 , 55.17 , 2.740002
34.929 , 57.93 , 55.16 , 2.77
34.93 , 57.93 , 55.16 , 2.77
34.932 , 57.93 , 55.15 , 2.779999
34.933 , 57.95 , 55.15 , 2.799999
34.935 , 57.95 , 55.14 , 2.810001
34.937 , 57.95 , 55.14 , 2.810001
34.938 , 58.02 , 55.14 , 2.880001
34.94 , 58.0 , 55.13 , 2.869999
34.941 , 58.02 , 55.13 , 2.889999
34.943 , 58.07 , 55.12 , 2.950001
34.944 , 58.02 , 55.12 , 2.900002
34.946 , 58.02 , 55.11 , 2.91
34.948 , 58.02 , 55.11 , 2.91
34.949 , 58.07 , 55.1 , 2.970001
34.951 , 58.02 , 55.1 , 2.920002
34.952 , 58.09 , 55.09 , 3.0
34.954 , 58.14 , 55.09 , 3.049999
34.955 , 58.09 , 55.08 , 3.009998
34.957 , 58.09 , 55.08 , 3.009998
34.958 , 58.14 , 55.08 , 3.059998
34.96 , 58.14 , 55.07 , 3.07
34.962 , 58.09 , 55.06 , 3.029999
34.963 , 58.14 , 55.06 , 3.079998
34.965 , 58.09 , 55.05 , 3.040001
34.966 , 58.16 , 55.05 , 3.110001
34.968 , 58.14 , 55.05 , 3.09
34.97 , 58.14 , 55.04 , 3.099998
34.971 , 58.16 , 55.04 , 3.119999
34.973 , 58.16 , 55.03 , 3.130001
34.974 , 58.14 , 55.03 , 3.110001
34.976 , 58.14 , 55.02 , 3.119999
34.978 , 58.14 , 55.02 , 3.119999
34.979 , 58.18 , 55.01 , 3.170002
34.981 , 58.14 , 55.01 , 3.130001
34.982 , 58.16 , 55.0 , 3.16
34.984 , 58.16 , 55.0 , 3.16
34.986 , 58.16 , 54.99 , 3.169998
34.987 , 58.16 , 54.99 , 3.169998
34.989 , 58.16 , 54.98 , 3.18
34.991 , 58.14 , 54.98 , 3.16
34.992 , 58.09 , 54.97 , 3.119999
34.994 , 58.09 , 54.97 , 3.119999
34.995 , 58.09 , 54.96 , 3.130001
34.997 , 58.09 , 54.96 , 3.130001
34.999 , 58.14 , 54.95 , 3.189999
35.0 , 58.09 , 54.95 , 3.139999
35.002 , 58.09 , 54.94 , 3.150002
35.003 , 58.07 , 54.94 , 3.130001
35.005 , 58.07 , 54.94 , 3.130001
35.006 , 58.07 , 54.93 , 3.139999
35.008 , 58.02 , 54.93 , 3.09
35.009 , 58.02 , 54.92 , 3.100002
35.011 , 58.02 , 54.92 , 3.100002
35.013 , 58.0 , 54.91 , 3.09
35.014 , 58.02 , 54.91 , 3.110001
35.016 , 58.02 , 54.9 , 3.119999
35.017 , 58.0 , 54.9 , 3.099998
35.019 , 58.0 , 54.89 , 3.110001
35.02 , 57.95 , 54.89 , 3.060001
35.022 , 57.95 , 54.88 , 3.07
35.023 , 57.93 , 54.88 , 3.049999
35.025 , 57.93 , 54.88 , 3.049999
35.027 , 57.95 , 54.87 , 3.080002
35.028 , 57.91 , 54.87 , 3.040001
35.03 , 57.86 , 54.86 , 3.0
35.031 , 57.86 , 54.86 , 3.0
35.033 , 57.84 , 54.85 , 2.990002
35.034 , 57.79 , 54.85 , 2.940002
35.036 , 57.77 , 54.84 , 2.93
35.037 , 57.79 , 54.84 , 2.950001
35.039 , 57.77 , 54.83 , 2.939999
35.041 , 57.7 , 54.83 , 2.869999
35.042 , 57.7 , 54.82 , 2.880001
35.044 , 57.61 , 54.82 , 2.790001
35.045 , 57.63 , 54.82 , 2.810001
35.047 , 57.61 , 54.81 , 2.799999
35.048 , 57.63 , 54.81 , 2.82
35.05 , 57.61 , 54.8 , 2.810001
35.051 , 57.61 , 54.8 , 2.810001
35.053 , 57.61 , 54.79 , 2.82
35.055 , 57.54 , 54.79 , 2.75
35.056 , 57.54 , 54.78 , 2.760002
35.058 , 57.54 , 54.78 , 2.760002
35.059 , 57.61 , 54.77 , 2.84
35.061 , 57.56 , 54.77 , 2.790001
35.062 , 57.63 , 54.76 , 2.870003
35.064 , 57.63 , 54.76 , 2.870003
35.065 , 57.63 , 54.76 , 2.870003
35.067 , 57.56 , 54.75 , 2.810001
35.069 , 57.56 , 54.74 , 2.82
35.07 , 57.52 , 54.74 , 2.779999
35.072 , 57.45 , 54.73 , 2.720001
35.073 , 57.47 , 54.73 , 2.740002
35.075 , 57.52 , 54.73 , 2.790001
35.076 , 57.47 , 54.72 , 2.75
35.078 , 57.52 , 54.72 , 2.799999
35.079 , 57.52 , 54.71 , 2.810001
35.081 , 57.47 , 54.71 , 2.760002
35.082 , 57.45 , 54.7 , 2.75
35.084 , 57.47 , 54.7 , 2.77
35.085 , 57.47 , 54.7 , 2.77
35.087 , 57.45 , 54.69 , 2.760002
35.089 , 57.47 , 54.68 , 2.790001
35.09 , 57.45 , 54.68 , 2.77
35.092 , 57.4 , 54.67 , 2.730003
35.093 , 57.4 , 54.67 , 2.730003
35.095 , 57.45 , 54.67 , 2.780003
35.096 , 57.47 , 54.66 , 2.810001
35.098 , 57.47 , 54.66 , 2.810001
35.099 , 57.47 , 54.65 , 2.82
35.101 , 57.45 , 54.65 , 2.799999
35.103 , 57.45 , 54.64 , 2.810001
35.104 , 57.4 , 54.64 , 2.760002
35.106 , 57.4 , 54.63 , 2.77
35.107 , 57.4 , 54.63 , 2.77
35.109 , 57.4 , 54.62 , 2.780003
35.11 , 57.4 , 54.62 , 2.780003
35.112 , 57.38 , 54.62 , 2.760002
35.113 , 57.4 , 54.61 , 2.790001
35.115 , 57.38 , 54.61 , 2.77
35.116 , 57.36 , 54.6 , 2.760002
35.118 , 57.38 , 54.6 , 2.780003
35.119 , 57.38 , 54.59 , 2.790001
35.121 , 57.31 , 54.59 , 2.720001
35.122 , 57.36 , 54.59 , 2.77
35.124 , 57.31 , 54.58 , 2.73
35.125 , 57.31 , 54.58 , 2.73
35.127 , 57.31 , 54.57 , 2.740002
35.129 , 57.29 , 54.56 , 2.73
35.13 , 57.29 , 54.56 , 2.73
35.132 , 57.31 , 54.56 , 2.75
35.133 , 57.29 , 54.55 , 2.740002
35.135 , 57.29 , 54.55 , 2.740002
35.136 , 57.24 , 54.54 , 2.700001
35.138 , 57.24 , 54.54 , 2.700001
35.139 , 57.22 , 54.53 , 2.690002
35.141 , 57.24 , 54.53 , 2.710003
35.142 , 57.24 , 54.53 , 2.710003
35.144 , 57.22 , 54.52 , 2.700001
35.145 , 57.22 , 54.52 , 2.700001
35.147 , 57.22 , 54.51 , 2.710003
35.149 , 57.2 , 54.5 , 2.700001
35.15 , 57.22 , 54.5 , 2.720001
35.151 , 57.2 , 54.5 , 2.700001
35.153 , 57.2 , 54.49 , 2.709999
35.155 , 57.15 , 54.49 , 2.66
35.156 , 57.13 , 54.48 , 2.650002
35.158 , 57.2 , 54.48 , 2.720001
35.159 , 57.15 , 54.47 , 2.68
35.161 , 57.13 , 54.47 , 2.66
35.162 , 57.13 , 54.47 , 2.66
35.164 , 57.08 , 54.46 , 2.620003
35.165 , 57.13 , 54.46 , 2.670002
35.167 , 57.13 , 54.45 , 2.68
35.169 , 57.08 , 54.44 , 2.640003
35.17 , 57.13 , 54.44 , 2.690002
35.172 , 57.08 , 54.44 , 2.640003
35.173 , 57.08 , 54.43 , 2.650002
35.175 , 57.13 , 54.43 , 2.700001
35.176 , 57.08 , 54.42 , 2.660004
35.178 , 57.08 , 54.42 , 2.660004
35.179 , 57.02 , 54.41 , 2.610001
35.181 , 57.08 , 54.41 , 2.670002
35.182 , 57.06 , 54.41 , 2.650002
35.184 , 57.06 , 54.4 , 2.66
35.186 , 57.02 , 54.39 , 2.630001
35.187 , 57.02 , 54.39 , 2.630001
35.189 , 57.02 , 54.38 , 2.639999
35.19 , 57.02 , 54.38 , 2.639999
35.192 , 57.02 , 54.38 , 2.639999
35.193 , 57.02 , 54.37 , 2.650002
35.195 , 57.02 , 54.37 , 2.650002
35.197 , 56.99 , 54.36 , 2.630001
35.198 , 56.97 , 54.36 , 2.610001
35.208 , 56.9 , 54.33 , 2.57
35.209 , 56.92 , 54.33 , 2.589996
35.211 , 56.9 , 54.32 , 2.580002
35.213 , 56.9 , 54.31 , 2.59
35.214 , 56.92 , 54.31 , 2.609997
35.216 , 56.92 , 54.3 , 2.619999
35.217 , 56.9 , 54.3 , 2.600002
35.219 , 56.92 , 54.3 , 2.619999
35.221 , 56.9 , 54.29 , 2.610001
35.222 , 56.92 , 54.29 , 2.629997
35.224 , 56.9 , 54.28 , 2.620003
35.225 , 56.9 , 54.28 , 2.620003
35.227 , 56.86 , 54.27 , 2.59
35.228 , 56.86 , 54.27 , 2.59
35.23 , 56.9 , 54.26 , 2.640003
35.231 , 56.86 , 54.26 , 2.600002
35.233 , 56.9 , 54.25 , 2.650002
35.234 , 56.9 , 54.25 , 2.650002
35.236 , 56.9 , 54.24 , 2.66
35.237 , 56.86 , 54.24 , 2.619999
35.239 , 56.86 , 54.24 , 2.619999
35.241 , 56.83 , 54.23 , 2.600002
35.242 , 56.86 , 54.23 , 2.630001
35.244 , 56.86 , 54.22 , 2.639999
35.245 , 56.86 , 54.22 , 2.639999
35.247 , 56.86 , 54.21 , 2.650002
35.248 , 56.86 , 54.21 , 2.650002
35.25 , 56.86 , 54.2 , 2.66
35.251 , 56.83 , 54.2 , 2.630001
35.253 , 56.83 , 54.19 , 2.640003
35.255 , 56.83 , 54.19 , 2.640003
35.256 , 56.83 , 54.18 , 2.650002
35.258 , 56.83 , 54.18 , 2.650002
35.259 , 56.81 , 54.18 , 2.630001
35.261 , 56.83 , 54.17 , 2.660004
35.262 , 56.81 , 54.17 , 2.640003
35.264 , 56.74 , 54.16 , 2.580002
35.265 , 56.81 , 54.16 , 2.650002
35.267 , 56.76 , 54.15 , 2.609997
35.269 , 56.81 , 54.15 , 2.66
35.27 , 56.81 , 54.14 , 2.670002
35.272 , 56.81 , 54.14 , 2.670002
35.273 , 56.76 , 54.13 , 2.629997
35.275 , 56.76 , 54.13 , 2.629997
35.276 , 56.76 , 54.12 , 2.639999
35.278 , 56.83 , 54.12 , 2.710003
35.28 , 56.76 , 54.11 , 2.649998
35.281 , 56.76 , 54.11 , 2.649998
35.283 , 56.74 , 54.1 , 2.640003
35.284 , 56.74 , 54.1 , 2.640003
35.286 , 56.74 , 54.09 , 2.650002
35.288 , 56.67 , 54.09 , 2.579998
35.289 , 56.74 , 54.09 , 2.650002
35.291 , 56.74 , 54.08 , 2.66
35.292 , 56.67 , 54.08 , 2.589996
35.294 , 56.69 , 54.07 , 2.619999
35.296 , 56.67 , 54.06 , 2.609997
35.297 , 56.67 , 54.06 , 2.609997
35.299 , 56.69 , 54.06 , 2.629997
35.3 , 56.65 , 54.05 , 2.600002
35.302 , 56.69 , 54.05 , 2.639999
35.304 , 56.67 , 54.04 , 2.629997
35.305 , 56.69 , 54.04 , 2.649998
35.307 , 56.67 , 54.03 , 2.639999
35.308 , 56.67 , 54.03 , 2.639999
35.31 , 56.67 , 54.02 , 2.649998
35.312 , 56.67 , 54.02 , 2.649998
35.313 , 56.67 , 54.01 , 2.66
35.315 , 56.67 , 54.01 , 2.66
35.317 , 56.65 , 54.0 , 2.650002
35.318 , 56.65 , 54.0 , 2.650002
35.32 , 56.65 , 53.99 , 2.66
35.321 , 56.65 , 53.99 , 2.66
35.323 , 56.6 , 53.98 , 2.619999
35.324 , 56.6 , 53.98 , 2.619999
35.326 , 56.6 , 53.98 , 2.619999
35.328 , 56.58 , 53.97 , 2.610001
35.329 , 56.6 , 53.97 , 2.629997
35.331 , 56.58 , 53.96 , 2.620003
35.332 , 56.6 , 53.96 , 2.639999
35.334 , 56.58 , 53.95 , 2.630001
35.336 , 56.58 , 53.95 , 2.630001
35.337 , 56.58 , 53.94 , 2.640003
35.339 , 56.58 , 53.94 , 2.640003
35.34 , 56.58 , 53.93 , 2.650002
35.342 , 56.58 , 53.93 , 2.650002
35.343 , 56.58 , 53.92 , 2.660004
35.345 , 56.53 , 53.92 , 2.610001
35.346 , 56.53 , 53.92 , 2.610001
35.348 , 56.58 , 53.91 , 2.670002
35.35 , 56.53 , 53.9 , 2.629997
35.351 , 56.53 , 53.9 , 2.629997
35.353 , 56.51 , 53.89 , 2.619999
35.354 , 56.53 , 53.89 , 2.639999
35.356 , 56.51 , 53.89 , 2.619999
35.358 , 56.51 , 53.88 , 2.629997
35.359 , 56.51 , 53.88 , 2.629997
35.361 , 56.51 , 53.87 , 2.639999
35.363 , 56.47 , 53.86 , 2.610001
35.364 , 56.44 , 53.86 , 2.579998
35.366 , 56.51 , 53.86 , 2.649998
35.367 , 56.47 , 53.85 , 2.620003
35.369 , 56.47 , 53.85 , 2.620003
35.371 , 56.44 , 53.84 , 2.599998
35.372 , 56.44 , 53.84 , 2.599998
35.374 , 56.44 , 53.83 , 2.609997
35.375 , 56.44 , 53.83 , 2.609997
35.377 , 56.47 , 53.82 , 2.650002
35.379 , 56.42 , 53.82 , 2.599998
35.38 , 56.42 , 53.81 , 2.609997
35.382 , 56.44 , 53.81 , 2.629997
35.383 , 56.44 , 53.8 , 2.639999
35.385 , 56.35 , 53.8 , 2.549999
35.387 , 56.35 , 53.79 , 2.559998
35.388 , 56.35 , 53.79 , 2.559998
35.39 , 56.35 , 53.78 , 2.57
35.392 , 56.35 , 53.78 , 2.57
35.393 , 56.35 , 53.77 , 2.579998
35.395 , 56.35 , 53.77 , 2.579998
35.397 , 56.33 , 53.76 , 2.570004
35.398 , 56.33 , 53.76 , 2.570004
35.4 , 56.33 , 53.75 , 2.580002
35.401 , 56.33 , 53.75 , 2.580002
35.403 , 56.28 , 53.75 , 2.529999
35.404 , 56.33 , 53.74 , 2.59
35.406 , 56.28 , 53.74 , 2.539997
35.407 , 56.28 , 53.73 , 2.549999
35.409 , 56.28 , 53.73 , 2.549999
35.411 , 56.28 , 53.72 , 2.559998
35.412 , 56.26 , 53.72 , 2.539997
35.414 , 56.28 , 53.71 , 2.57
35.416 , 56.24 , 53.71 , 2.530003
35.417 , 56.26 , 53.7 , 2.559998
35.419 , 56.24 , 53.7 , 2.540001
35.42 , 56.24 , 53.69 , 2.550003
35.422 , 56.24 , 53.69 , 2.550003
35.423 , 56.26 , 53.69 , 2.57
35.425 , 56.24 , 53.68 , 2.560001
35.427 , 56.24 , 53.67 , 2.570004
35.428 , 56.26 , 53.67 , 2.59
35.43 , 56.24 , 53.66 , 2.580002
35.431 , 56.19 , 53.66 , 2.529999
35.433 , 56.24 , 53.66 , 2.580002
35.435 , 56.24 , 53.65 , 2.59
35.436 , 56.26 , 53.65 , 2.609997
35.438 , 56.19 , 53.64 , 2.549999
35.439 , 56.19 , 53.64 , 2.549999
35.441 , 56.17 , 53.63 , 2.539997
35.442 , 56.19 , 53.63 , 2.559998
35.444 , 56.12 , 53.62 , 2.5
35.446 , 56.17 , 53.62 , 2.549999
35.447 , 56.19 , 53.61 , 2.579998
35.449 , 56.17 , 53.61 , 2.559998
35.451 , 56.12 , 53.6 , 2.52
35.452 , 56.17 , 53.6 , 2.57
35.454 , 56.12 , 53.59 , 2.529999
35.455 , 56.12 , 53.59 , 2.529999
35.457 , 56.12 , 53.58 , 2.539997
35.459 , 56.1 , 53.58 , 2.519997
35.46 , 56.12 , 53.57 , 2.549999
35.462 , 56.05 , 53.57 , 2.48
35.464 , 56.1 , 53.56 , 2.539997
35.465 , 56.1 , 53.56 , 2.539997
35.467 , 56.05 , 53.55 , 2.5
35.468 , 56.05 , 53.55 , 2.5
35.47 , 56.05 , 53.54 , 2.509998
35.472 , 56.05 , 53.54 , 2.509998
35.473 , 56.05 , 53.54 , 2.509998
35.475 , 56.05 , 53.53 , 2.52
35.476 , 56.05 , 53.53 , 2.52
35.478 , 56.05 , 53.52 , 2.529999
35.48 , 56.05 , 53.51 , 2.540001
35.481 , 56.05 , 53.51 , 2.540001
35.483 , 56.05 , 53.51 , 2.540001
35.484 , 56.01 , 53.5 , 2.509998
35.486 , 56.03 , 53.5 , 2.529999
35.487 , 56.03 , 53.49 , 2.539997
35.489 , 56.03 , 53.49 , 2.539997
35.491 , 56.01 , 53.48 , 2.529999
35.492 , 56.03 , 53.48 , 2.549999
35.494 , 56.01 , 53.47 , 2.539997
35.496 , 56.01 , 53.47 , 2.539997
35.497 , 55.96 , 53.46 , 2.5
35.499 , 56.01 , 53.46 , 2.549999
35.5 , 55.96 , 53.45 , 2.509998
35.502 , 55.96 , 53.45 , 2.509998
35.504 , 55.96 , 53.44 , 2.52
35.505 , 56.01 , 53.44 , 2.57
35.507 , 55.94 , 53.43 , 2.509998
35.508 , 55.94 , 53.43 , 2.509998
35.51 , 55.94 , 53.43 , 2.509998
35.512 , 55.94 , 53.42 , 2.52
35.513 , 55.94 , 53.42 , 2.52
35.515 , 55.96 , 53.41 , 2.549999
35.516 , 55.94 , 53.41 , 2.529999
35.518 , 55.94 , 53.4 , 2.539997
35.52 , 55.94 , 53.4 , 2.539997
35.521 , 55.89 , 53.39 , 2.5
35.523 , 55.89 , 53.39 , 2.5
35.525 , 55.87 , 53.38 , 2.489998
35.526 , 55.94 , 53.38 , 2.559998
35.528 , 55.87 , 53.37 , 2.5
35.529 , 55.87 , 53.37 , 2.5
35.531 , 55.94 , 53.36 , 2.579998
35.533 , 55.87 , 53.36 , 2.509998
35.534 , 55.87 , 53.35 , 2.52
35.536 , 55.89 , 53.35 , 2.540001
35.537 , 55.87 , 53.34 , 2.529999
35.539 , 55.85 , 53.34 , 2.509998
35.541 , 55.89 , 53.33 , 2.559998
35.542 , 55.87 , 53.33 , 2.539997
35.544 , 55.85 , 53.32 , 2.529999
35.546 , 55.85 , 53.32 , 2.529999
35.547 , 55.8 , 53.31 , 2.489998
35.549 , 55.85 , 53.31 , 2.539997
35.55 , 55.8 , 53.31 , 2.489998
35.552 , 55.85 , 53.3 , 2.549999
35.554 , 55.8 , 53.29 , 2.509998
35.555 , 55.8 , 53.29 , 2.509998
35.557 , 55.8 , 53.28 , 2.52
35.559 , 55.85 , 53.28 , 2.57
35.56 , 55.8 , 53.28 , 2.52
35.562 , 55.8 , 53.27 , 2.529999
35.563 , 55.8 , 53.27 , 2.529999
35.565 , 55.78 , 53.26 , 2.52
35.567 , 55.85 , 53.25 , 2.599998
35.568 , 55.78 , 53.25 , 2.529999
35.57 , 55.78 , 53.25 , 2.529999
35.572 , 55.73 , 53.24 , 2.489998
35.573 , 55.78 , 53.24 , 2.539997
35.575 , 55.73 , 53.23 , 2.5
35.576 , 55.73 , 53.23 , 2.5
35.578 , 55.73 , 53.22 , 2.509998
35.58 , 55.73 , 53.22 , 2.509998
35.581 , 55.73 , 53.21 , 2.52
35.583 , 55.73 , 53.21 , 2.52
35.584 , 55.73 , 53.2 , 2.529999
35.586 , 55.73 , 53.2 , 2.529999
35.588 , 55.73 , 53.19 , 2.540001
35.589 , 55.71 , 53.19 , 2.52
35.591 , 55.71 , 53.18 , 2.529999
35.592 , 55.71 , 53.18 , 2.529999
35.594 , 55.71 , 53.17 , 2.540001
35.596 , 55.73 , 53.17 , 2.560001
35.597 , 55.69 , 53.16 , 2.529999
35.599 , 55.69 , 53.16 , 2.529999
35.601 , 55.64 , 53.15 , 2.489998
35.602 , 55.69 , 53.15 , 2.539997
35.604 , 55.69 , 53.14 , 2.549999
35.605 , 55.64 , 53.14 , 2.5
35.607 , 55.62 , 53.14 , 2.48
35.609 , 55.64 , 53.13 , 2.509998
35.61 , 55.71 , 53.13 , 2.579998
35.612 , 55.64 , 53.12 , 2.52
35.613 , 55.64 , 53.12 , 2.52
35.615 , 55.64 , 53.11 , 2.529999
35.617 , 55.64 , 53.11 , 2.529999
35.618 , 55.69 , 53.1 , 2.59
35.62 , 55.64 , 53.1 , 2.540001
35.621 , 55.62 , 53.09 , 2.529999
35.623 , 55.62 , 53.09 , 2.529999
35.625 , 55.64 , 53.08 , 2.559998
35.626 , 55.62 , 53.08 , 2.539997
35.628 , 55.62 , 53.07 , 2.549999
35.629 , 55.62 , 53.07 , 2.549999
35.631 , 55.62 , 53.06 , 2.559998
35.633 , 55.57 , 53.06 , 2.509998
35.634 , 55.62 , 53.05 , 2.57
35.636 , 55.57 , 53.05 , 2.52
35.637 , 55.57 , 53.05 , 2.52
35.639 , 55.57 , 53.04 , 2.529999
35.641 , 55.57 , 53.03 , 2.540001
35.642 , 55.55 , 53.03 , 2.52
35.644 , 55.57 , 53.02 , 2.549999
35.645 , 55.55 , 53.02 , 2.529999
35.647 , 55.55 , 53.02 , 2.529999
35.649 , 55.55 , 53.01 , 2.540001
35.65 , 55.5 , 53.01 , 2.490002
35.652 , 55.5 , 53.0 , 2.5
35.653 , 55.5 , 53.0 , 2.5
35.655 , 55.5 , 52.99 , 2.509998
35.656 , 55.55 , 52.99 , 2.559998
35.658 , 55.5 , 52.98 , 2.52
35.66 , 55.5 , 52.98 , 2.52
35.661 , 55.48 , 52.97 , 2.509998
35.663 , 55.48 , 52.97 , 2.509998
35.664 , 55.5 , 52.96 , 2.540001
35.666 , 55.46 , 52.96 , 2.5
35.667 , 55.46 , 52.96 , 2.5
35.669 , 55.48 , 52.95 , 2.529999
35.671 , 55.46 , 52.94 , 2.52
35.672 , 55.46 , 52.94 , 2.52
35.674 , 55.41 , 52.93 , 2.48
35.676 , 55.46 , 52.93 , 2.529999
35.677 , 55.46 , 52.93 , 2.529999
35.679 , 55.41 , 52.92 , 2.490002
35.68 , 55.41 , 52.92 , 2.490002
35.682 , 55.46 , 52.91 , 2.549999
35.684 , 55.46 , 52.9 , 2.559998
35.685 , 55.41 , 52.9 , 2.509998
35.687 , 55.41 , 52.9 , 2.509998
35.688 , 55.41 , 52.89 , 2.52
35.69 , 55.39 , 52.89 , 2.5
35.692 , 55.39 , 52.88 , 2.509998
35.693 , 55.39 , 52.88 , 2.509998
35.695 , 55.39 , 52.87 , 2.52
35.697 , 55.34 , 52.87 , 2.470001
35.698 , 55.39 , 52.86 , 2.529999
35.7 , 55.34 , 52.86 , 2.48
35.701 , 55.39 , 52.85 , 2.540001
35.703 , 55.34 , 52.85 , 2.490002
35.705 , 55.34 , 52.84 , 2.5
35.706 , 55.34 , 52.84 , 2.5
35.707 , 55.32 , 52.84 , 2.48
35.709 , 55.34 , 52.83 , 2.509998
35.711 , 55.32 , 52.82 , 2.5
35.712 , 55.32 , 52.82 , 2.5
35.714 , 55.3 , 52.82 , 2.48
35.715 , 55.32 , 52.81 , 2.509998
35.717 , 55.3 , 52.81 , 2.489998
35.719 , 55.3 , 52.8 , 2.5
35.72 , 55.3 , 52.8 , 2.5
35.722 , 55.25 , 52.79 , 2.459999
35.723 , 55.3 , 52.79 , 2.509998
35.725 , 55.25 , 52.78 , 2.470001
35.727 , 55.25 , 52.78 , 2.470001
35.728 , 55.25 , 52.77 , 2.48
35.73 , 55.25 , 52.77 , 2.48
35.731 , 55.25 , 52.76 , 2.490002
35.733 , 55.25 , 52.76 , 2.490002
35.734 , 55.25 , 52.76 , 2.490002
35.736 , 55.25 , 52.75 , 2.5
35.737 , 55.23 , 52.75 , 2.48
35.739 , 55.23 , 52.74 , 2.489998
35.741 , 55.23 , 52.73 , 2.5
35.742 , 55.23 , 52.73 , 2.5
35.744 , 55.23 , 52.73 , 2.5
35.745 , 55.18 , 52.72 , 2.459999
35.747 , 55.23 , 52.72 , 2.509998
35.749 , 55.23 , 52.71 , 2.52
35.75 , 55.23 , 52.71 , 2.52
35.752 , 55.25 , 52.7 , 2.549999
35.753 , 55.23 , 52.7 , 2.529999
35.755 , 55.23 , 52.69 , 2.540001
35.756 , 55.23 , 52.69 , 2.540001
35.758 , 55.25 , 52.68 , 2.57
35.76 , 55.23 , 52.68 , 2.549999
35.761 , 55.25 , 52.67 , 2.580002
35.763 , 55.3 , 52.67 , 2.630001
35.764 , 55.3 , 52.67 , 2.630001
35.766 , 55.3 , 52.66 , 2.639999
35.768 , 55.3 , 52.65 , 2.649998
35.769 , 55.32 , 52.65 , 2.669998
35.771 , 55.34 , 52.64 , 2.700001
35.773 , 55.32 , 52.64 , 2.68
35.774 , 55.34 , 52.64 , 2.700001
35.776 , 55.34 , 52.63 , 2.709999
35.777 , 55.41 , 52.63 , 2.779999
35.779 , 55.39 , 52.62 , 2.77
35.781 , 55.39 , 52.61 , 2.779999
35.782 , 55.39 , 52.61 , 2.779999
35.784 , 55.41 , 52.61 , 2.799999
35.785 , 55.39 , 52.6 , 2.790001
35.787 , 55.41 , 52.6 , 2.810001
35.789 , 55.41 , 52.59 , 2.82
35.79 , 55.46 , 52.59 , 2.869999
35.792 , 55.41 , 52.58 , 2.829998
35.793 , 55.46 , 52.58 , 2.879997
35.795 , 55.48 , 52.57 , 2.91
35.797 , 55.46 , 52.57 , 2.889999
35.799 , 55.48 , 52.56 , 2.919998
35.8 , 55.48 , 52.56 , 2.919998
35.802 , 55.5 , 52.55 , 2.950001
35.803 , 55.48 , 52.55 , 2.93
35.805 , 55.46 , 52.54 , 2.919998
35.807 , 55.48 , 52.54 , 2.939999
35.808 , 55.48 , 52.53 , 2.950001
35.81 , 55.48 , 52.53 , 2.950001
35.811 , 55.48 , 52.53 , 2.950001
35.813 , 55.48 , 52.52 , 2.959999
35.815 , 55.48 , 52.51 , 2.970001
35.816 , 55.5 , 52.51 , 2.990002
35.818 , 55.5 , 52.5 , 3.0
35.819 , 55.5 , 52.5 , 3.0
35.821 , 55.5 , 52.5 , 3.0
35.822 , 55.5 , 52.49 , 3.009998
35.824 , 55.5 , 52.49 , 3.009998
35.825 , 55.5 , 52.48 , 3.02
35.827 , 55.48 , 52.48 , 3.0
35.828 , 55.48 , 52.47 , 3.009998
35.83 , 55.48 , 52.47 , 3.009998
35.832 , 55.48 , 52.46 , 3.02
35.833 , 55.48 , 52.46 , 3.02
35.835 , 55.5 , 52.45 , 3.049999
35.836 , 55.48 , 52.45 , 3.029999
35.838 , 55.48 , 52.44 , 3.040001
35.84 , 55.48 , 52.44 , 3.040001
35.841 , 55.46 , 52.44 , 3.02
35.843 , 55.46 , 52.43 , 3.029999
35.844 , 55.46 , 52.43 , 3.029999
35.846 , 55.46 , 52.42 , 3.040001
35.848 , 55.41 , 52.41 , 3.0
35.849 , 55.39 , 52.41 , 2.98
35.851 , 55.39 , 52.41 , 2.98
35.853 , 55.34 , 52.4 , 2.939999
35.854 , 55.3 , 52.4 , 2.899998
35.856 , 55.3 , 52.39 , 2.91
35.857 , 55.23 , 52.39 , 2.84
35.859 , 55.23 , 52.38 , 2.849998
35.861 , 55.18 , 52.38 , 2.799999
35.862 , 55.09 , 52.37 , 2.720001
35.864 , 55.07 , 52.37 , 2.700001
35.865 , 54.93 , 52.36 , 2.57
35.867 , 55.07 , 52.36 , 2.709999
35.869 , 55.12 , 52.35 , 2.77
35.87 , 55.23 , 52.35 , 2.880001
35.872 , 55.16 , 52.34 , 2.82
35.873 , 55.12 , 52.34 , 2.779999
35.875 , 55.02 , 52.33 , 2.689999
35.877 , 55.0 , 52.33 , 2.669998
35.878 , 55.09 , 52.32 , 2.77
35.88 , 55.09 , 52.32 , 2.77
35.881 , 55.16 , 52.32 , 2.84
35.883 , 55.12 , 52.31 , 2.809998
35.884 , 55.07 , 52.31 , 2.759998
35.886 , 55.0 , 52.3 , 2.700001
35.888 , 54.93 , 52.29 , 2.639999
35.889 , 54.91 , 52.29 , 2.619999
35.891 , 55.0 , 52.29 , 2.709999
35.892 , 55.02 , 52.28 , 2.740002
35.894 , 55.02 , 52.28 , 2.740002
35.904 , 54.91 , 52.25 , 2.66
35.905 , 54.91 , 52.24 , 2.669998
35.907 , 54.84 , 52.24 , 2.599998
35.909 , 54.84 , 52.23 , 2.610001
35.91 , 54.86 , 52.23 , 2.630001
35.912 , 54.91 , 52.22 , 2.689999
35.913 , 54.91 , 52.22 , 2.689999
35.915 , 54.86 , 52.21 , 2.650002
35.917 , 54.86 , 52.21 , 2.650002
35.918 , 54.84 , 52.21 , 2.630001
35.92 , 54.91 , 52.2 , 2.709999
35.921 , 54.86 , 52.2 , 2.66
35.923 , 54.91 , 52.19 , 2.720001
35.924 , 54.91 , 52.19 , 2.720001
35.926 , 54.91 , 52.18 , 2.73
35.928 , 54.84 , 52.18 , 2.66
35.929 , 54.84 , 52.17 , 2.670002
35.931 , 54.84 , 52.17 , 2.670002
35.932 , 54.84 , 52.16 , 2.68
35.934 , 54.84 , 52.16 , 2.68
35.936 , 54.84 , 52.15 , 2.689999
35.937 , 54.84 , 52.15 , 2.689999
35.939 , 54.8 , 52.14 , 2.66
35.94 , 54.8 , 52.14 , 2.66
35.942 , 54.8 , 52.13 , 2.669998
35.944 , 54.77 , 52.13 , 2.639999
35.945 , 54.77 , 52.12 , 2.650002
35.947 , 54.8 , 52.12 , 2.68
35.948 , 54.77 , 52.12 , 2.650002
35.95 , 54.77 , 52.11 , 2.66
35.951 , 54.77 , 52.11 , 2.66
35.953 , 54.77 , 52.1 , 2.670002
35.955 , 54.77 , 52.09 , 2.68
35.956 , 54.77 , 52.09 , 2.68
35.958 , 54.77 , 52.09 , 2.68
35.959 , 54.75 , 52.08 , 2.669998
35.961 , 54.75 , 52.08 , 2.669998
35.962 , 54.75 , 52.07 , 2.68
35.964 , 54.7 , 52.07 , 2.630001
35.965 , 54.7 , 52.06 , 2.639999
35.967 , 54.7 , 52.06 , 2.639999
35.968 , 54.63 , 52.06 , 2.57
35.97 , 54.7 , 52.05 , 2.650002
35.971 , 54.7 , 52.05 , 2.650002
35.973 , 54.75 , 52.04 , 2.709999
35.975 , 54.7 , 52.03 , 2.670002
35.976 , 54.7 , 52.03 , 2.670002
35.978 , 54.68 , 52.03 , 2.650002
35.979 , 54.63 , 52.02 , 2.610001
35.981 , 54.63 , 52.02 , 2.610001
35.982 , 54.63 , 52.01 , 2.620003
35.984 , 54.63 , 52.01 , 2.620003
35.985 , 54.61 , 52.0 , 2.610001
35.987 , 54.61 , 52.0 , 2.610001
35.988 , 54.61 , 52.0 , 2.610001
35.99 , 54.61 , 51.99 , 2.619999
35.991 , 54.61 , 51.99 , 2.619999
35.993 , 54.57 , 51.98 , 2.59
35.995 , 54.57 , 51.97 , 2.599998
35.996 , 54.57 , 51.97 , 2.599998
35.998 , 54.57 , 51.97 , 2.599998
36.0 , 54.54 , 51.96 , 2.580002
36.001 , 54.57 , 51.96 , 2.610001
36.003 , 54.54 , 51.95 , 2.59
36.004 , 54.52 , 51.95 , 2.57
36.006 , 54.54 , 51.94 , 2.600002
36.007 , 54.52 , 51.94 , 2.580002
36.009 , 54.52 , 51.93 , 2.59
36.01 , 54.54 , 51.93 , 2.610001
36.012 , 54.52 , 51.92 , 2.600002
36.013 , 54.47 , 51.92 , 2.550003
36.015 , 54.47 , 51.92 , 2.550003
36.017 , 54.47 , 51.91 , 2.560001
36.018 , 54.47 , 51.91 , 2.560001
36.02 , 54.47 , 51.9 , 2.57
36.021 , 54.47 , 51.9 , 2.57
36.023 , 54.45 , 51.89 , 2.560001
36.024 , 54.41 , 51.89 , 2.52
36.026 , 54.45 , 51.88 , 2.57
36.027 , 54.41 , 51.88 , 2.529999
36.029 , 54.41 , 51.87 , 2.540001
36.031 , 54.41 , 51.87 , 2.540001
36.032 , 54.45 , 51.86 , 2.59
36.034 , 54.38 , 51.86 , 2.52
36.035 , 54.45 , 51.86 , 2.59
36.037 , 54.41 , 51.85 , 2.560001
36.038 , 54.41 , 51.85 , 2.560001
36.04 , 54.41 , 51.84 , 2.57
36.042 , 54.41 , 51.83 , 2.579998
36.043 , 54.38 , 51.83 , 2.549999
36.045 , 54.41 , 51.83 , 2.579998
36.046 , 54.41 , 51.82 , 2.59
36.048 , 54.38 , 51.82 , 2.560001
36.05 , 54.36 , 51.81 , 2.549999
36.051 , 54.38 , 51.81 , 2.57
36.053 , 54.36 , 51.8 , 2.560001
36.054 , 54.38 , 51.8 , 2.580002
36.056 , 54.38 , 51.79 , 2.59
36.057 , 54.38 , 51.79 , 2.59
36.059 , 54.36 , 51.78 , 2.580002
36.06 , 54.36 , 51.78 , 2.580002
36.062 , 54.36 , 51.77 , 2.59
36.063 , 54.31 , 51.77 , 2.540001
36.065 , 54.36 , 51.77 , 2.59
36.066 , 54.38 , 51.76 , 2.620003
36.068 , 54.36 , 51.76 , 2.600002
36.07 , 54.36 , 51.75 , 2.610001
36.071 , 54.36 , 51.75 , 2.610001
36.073 , 54.31 , 51.74 , 2.57
36.074 , 54.31 , 51.74 , 2.57
36.076 , 54.36 , 51.73 , 2.630001
36.077 , 54.31 , 51.73 , 2.580002
36.079 , 54.38 , 51.72 , 2.66
36.08 , 54.31 , 51.72 , 2.59
36.082 , 54.31 , 51.71 , 2.600002
36.083 , 54.31 , 51.71 , 2.600002
36.085 , 54.31 , 51.71 , 2.600002
36.086 , 54.29 , 51.7 , 2.59
36.088 , 54.29 , 51.7 , 2.59
36.089 , 54.29 , 51.69 , 2.600002
36.091 , 54.25 , 51.69 , 2.560001
36.093 , 54.29 , 51.68 , 2.610001
36.094 , 54.29 , 51.68 , 2.610001
36.096 , 54.25 , 51.67 , 2.580002
36.097 , 54.25 , 51.67 , 2.580002
36.099 , 54.29 , 51.66 , 2.630001
36.1 , 54.25 , 51.66 , 2.59
36.102 , 54.25 , 51.66 , 2.59
36.103 , 54.29 , 51.65 , 2.639999
36.105 , 54.25 , 51.65 , 2.599998
36.106 , 54.25 , 51.64 , 2.610001
36.108 , 54.25 , 51.64 , 2.610001
36.109 , 54.22 , 51.63 , 2.59
36.111 , 54.25 , 51.63 , 2.619999
36.112 , 54.22 , 51.63 , 2.59
36.114 , 54.25 , 51.62 , 2.630001
36.116 , 54.25 , 51.61 , 2.639999
36.117 , 54.22 , 51.61 , 2.610001
36.118 , 54.25 , 51.61 , 2.639999
36.12 , 54.22 , 51.6 , 2.620003
36.122 , 54.22 , 51.6 , 2.620003
36.123 , 54.22 , 51.59 , 2.630001
36.125 , 54.22 , 51.59 , 2.630001
36.126 , 54.25 , 51.58 , 2.669998
36.128 , 54.22 , 51.58 , 2.639999
36.129 , 54.15 , 51.57 , 2.580002
36.131 , 54.2 , 51.57 , 2.630001
36.132 , 54.22 , 51.57 , 2.650002
36.134 , 54.22 , 51.56 , 2.66
36.135 , 54.2 , 51.56 , 2.639999
36.137 , 54.2 , 51.55 , 2.650002
36.138 , 54.2 , 51.55 , 2.650002
36.14 , 54.22 , 51.54 , 2.68
36.141 , 54.2 , 51.54 , 2.66
36.143 , 54.2 , 51.53 , 2.670002
36.145 , 54.2 , 51.53 , 2.670002
36.146 , 54.15 , 51.52 , 2.630001
36.148 , 54.15 , 51.52 , 2.630001
36.149 , 54.15 , 51.51 , 2.640003
36.151 , 54.15 , 51.51 , 2.640003
36.152 , 54.13 , 51.51 , 2.620003
36.154 , 54.15 , 51.5 , 2.650002
36.155 , 54.13 , 51.5 , 2.630001
36.157 , 54.15 , 51.49 , 2.66
36.158 , 54.13 , 51.49 , 2.639999
36.16 , 54.09 , 51.48 , 2.610001
36.161 , 54.09 , 51.48 , 2.610001
36.163 , 54.13 , 51.47 , 2.66
36.165 , 54.09 , 51.47 , 2.619999
36.166 , 54.06 , 51.46 , 2.600002
36.168 , 54.06 , 51.46 , 2.600002
36.169 , 54.06 , 51.45 , 2.610001
36.171 , 54.06 , 51.45 , 2.610001
36.172 , 54.06 , 51.45 , 2.610001
36.174 , 54.06 , 51.44 , 2.620003
36.175 , 54.02 , 51.44 , 2.580002
36.177 , 54.02 , 51.43 , 2.59
36.178 , 53.99 , 51.43 , 2.560001
36.18 , 54.02 , 51.42 , 2.600002
36.181 , 53.99 , 51.42 , 2.570004
36.183 , 53.99 , 51.41 , 2.580002
36.184 , 53.99 , 51.41 , 2.580002
36.186 , 53.97 , 51.4 , 2.57
36.188 , 53.97 , 51.4 , 2.57
36.189 , 53.9 , 51.39 , 2.510002
36.191 , 53.97 , 51.39 , 2.580002
36.192 , 53.93 , 51.39 , 2.540001
36.194 , 53.97 , 51.38 , 2.59
36.195 , 53.93 , 51.38 , 2.549999
36.197 , 53.93 , 51.37 , 2.560001
36.199 , 53.93 , 51.36 , 2.57
36.2 , 53.93 , 51.36 , 2.57
36.202 , 53.93 , 51.36 , 2.57
36.203 , 53.9 , 51.35 , 2.550003
36.205 , 53.9 , 51.35 , 2.550003
36.206 , 53.9 , 51.34 , 2.560001
36.208 , 53.9 , 51.34 , 2.560001
36.209 , 53.9 , 51.34 , 2.560001
36.211 , 53.9 , 51.33 , 2.57
36.212 , 53.9 , 51.33 , 2.57
36.214 , 53.86 , 51.32 , 2.540001
36.215 , 53.86 , 51.32 , 2.540001
36.217 , 53.86 , 51.31 , 2.549999
36.218 , 53.83 , 51.31 , 2.52
36.22 , 53.81 , 51.3 , 2.510002
36.221 , 53.83 , 51.3 , 2.530003
36.223 , 53.83 , 51.29 , 2.540001
36.224 , 53.83 , 51.29 , 2.540001
36.226 , 53.83 , 51.28 , 2.550003
36.227 , 53.81 , 51.28 , 2.530003
36.229 , 53.83 , 51.28 , 2.550003
36.231 , 53.81 , 51.27 , 2.540001
36.232 , 53.83 , 51.27 , 2.560001
36.234 , 53.81 , 51.26 , 2.550003
36.235 , 53.77 , 51.26 , 2.510002
36.237 , 53.77 , 51.25 , 2.52
36.238 , 53.77 , 51.25 , 2.52
36.24 , 53.81 , 51.24 , 2.57
36.241 , 53.74 , 51.24 , 2.5
36.243 , 53.74 , 51.23 , 2.510002
36.244 , 53.74 , 51.23 , 2.510002
36.246 , 53.77 , 51.22 , 2.549999
36.247 , 53.77 , 51.22 , 2.549999
36.249 , 53.74 , 51.22 , 2.52
36.25 , 53.7 , 51.21 , 2.490002
36.252 , 53.74 , 51.21 , 2.530003
36.253 , 53.74 , 51.2 , 2.540001
36.255 , 53.74 , 51.2 , 2.540001
36.256 , 53.7 , 51.19 , 2.510002
36.258 , 53.67 , 51.19 , 2.48
36.26 , 53.7 , 51.18 , 2.52
36.261 , 53.7 , 51.18 , 2.52
36.263 , 53.67 , 51.17 , 2.5
36.264 , 53.67 , 51.17 , 2.5
36.266 , 53.63 , 51.16 , 2.470001
36.267 , 53.7 , 51.16 , 2.540001
36.269 , 53.67 , 51.16 , 2.509998
36.271 , 53.67 , 51.15 , 2.519997
36.272 , 53.6 , 51.15 , 2.449997
36.274 , 53.63 , 51.14 , 2.490002
36.275 , 53.63 , 51.14 , 2.490002
36.277 , 53.6 , 51.13 , 2.469997
36.278 , 53.6 , 51.13 , 2.469997
36.28 , 53.58 , 51.12 , 2.460003
36.282 , 53.6 , 51.12 , 2.48
36.283 , 53.54 , 51.11 , 2.43
36.285 , 53.54 , 51.11 , 2.43
36.286 , 53.58 , 51.1 , 2.480003
36.288 , 53.54 , 51.1 , 2.440002
36.29 , 53.58 , 51.09 , 2.490002
36.291 , 53.58 , 51.09 , 2.490002
36.292 , 53.58 , 51.09 , 2.490002
36.294 , 53.54 , 51.08 , 2.459999
36.296 , 53.58 , 51.07 , 2.510002
36.297 , 53.54 , 51.07 , 2.470001
36.299 , 53.58 , 51.07 , 2.510002
36.3 , 53.54 , 51.06 , 2.48
36.302 , 53.51 , 51.06 , 2.449997
36.303 , 53.54 , 51.05 , 2.490002
36.305 , 53.54 , 51.05 , 2.490002
36.306 , 53.51 , 51.05 , 2.459999
36.308 , 53.51 , 51.04 , 2.469997
36.31 , 53.47 , 51.03 , 2.440002
36.311 , 53.51 , 51.03 , 2.48
36.313 , 53.51 , 51.02 , 2.489998
36.314 , 53.51 , 51.02 , 2.489998
36.316 , 53.51 , 51.02 , 2.489998
36.318 , 53.47 , 51.01 , 2.460003
36.319 , 53.51 , 51.01 , 2.5
36.321 , 53.47 , 51.0 , 2.470001
36.322 , 53.44 , 51.0 , 2.439999
36.324 , 53.47 , 50.99 , 2.48
36.325 , 53.47 , 50.99 , 2.48
36.327 , 53.47 , 50.98 , 2.490002
36.329 , 53.44 , 50.98 , 2.459999
36.33 , 53.44 , 50.97 , 2.469997
36.332 , 53.44 , 50.97 , 2.469997
36.333 , 53.47 , 50.96 , 2.510002
36.335 , 53.44 , 50.96 , 2.48
36.337 , 53.44 , 50.95 , 2.489998
36.338 , 53.47 , 50.95 , 2.52
36.34 , 53.44 , 50.94 , 2.5
36.341 , 53.44 , 50.94 , 2.5
36.343 , 53.42 , 50.93 , 2.489998
36.344 , 53.44 , 50.93 , 2.509998
36.346 , 53.44 , 50.93 , 2.509998
36.348 , 53.38 , 50.92 , 2.460003
36.349 , 53.42 , 50.92 , 2.5
36.351 , 53.38 , 50.91 , 2.470001
36.352 , 53.42 , 50.91 , 2.509998
36.354 , 53.38 , 50.9 , 2.48
36.355 , 53.42 , 50.9 , 2.519997
36.357 , 53.38 , 50.89 , 2.490002
36.359 , 53.38 , 50.89 , 2.490002
36.36 , 53.38 , 50.88 , 2.5
36.362 , 53.38 , 50.88 , 2.5
36.363 , 53.35 , 50.87 , 2.48
36.365 , 53.42 , 50.87 , 2.549999
36.367 , 53.38 , 50.86 , 2.52
36.368 , 53.38 , 50.86 , 2.52
36.369 , 53.35 , 50.86 , 2.489998
36.371 , 53.38 , 50.85 , 2.530003
36.373 , 53.35 , 50.84 , 2.509998
36.374 , 53.35 , 50.84 , 2.509998
36.376 , 53.31 , 50.84 , 2.470001
36.377 , 53.35 , 50.83 , 2.519997
36.379 , 53.35 , 50.83 , 2.519997
36.381 , 53.35 , 50.82 , 2.529999
36.382 , 53.31 , 50.82 , 2.490002
36.384 , 53.28 , 50.81 , 2.469997
36.385 , 53.28 , 50.81 , 2.469997
36.387 , 53.31 , 50.8 , 2.510002
36.389 , 53.28 , 50.8 , 2.48
36.39 , 53.28 , 50.79 , 2.489998
36.392 , 53.26 , 50.79 , 2.469997
36.394 , 53.26 , 50.78 , 2.48
36.395 , 53.28 , 50.78 , 2.5
36.397 , 53.31 , 50.77 , 2.540001
36.398 , 53.28 , 50.77 , 2.509998
36.4 , 53.28 , 50.76 , 2.52
36.402 , 53.26 , 50.76 , 2.5
36.403 , 53.26 , 50.76 , 2.5
36.405 , 53.26 , 50.75 , 2.509998
36.406 , 53.22 , 50.75 , 2.470001
36.408 , 53.26 , 50.74 , 2.519997
36.409 , 53.26 , 50.74 , 2.519997
36.411 , 53.22 , 50.73 , 2.490002
36.412 , 53.19 , 50.73 , 2.459999
36.414 , 53.22 , 50.72 , 2.5
36.416 , 53.22 , 50.72 , 2.5
36.417 , 53.22 , 50.71 , 2.510002
36.419 , 53.22 , 50.71 , 2.510002
36.42 , 53.19 , 50.7 , 2.489998
36.422 , 53.22 , 50.7 , 2.52
36.423 , 53.19 , 50.7 , 2.489998
36.425 , 53.19 , 50.69 , 2.5
36.426 , 53.15 , 50.69 , 2.460003
36.428 , 53.19 , 50.68 , 2.509998
36.43 , 53.12 , 50.67 , 2.450001
36.431 , 53.19 , 50.67 , 2.52
36.433 , 53.15 , 50.67 , 2.480003
36.434 , 53.15 , 50.66 , 2.490002
36.436 , 53.15 , 50.66 , 2.490002
36.437 , 53.15 , 50.65 , 2.5
36.439 , 53.19 , 50.65 , 2.539997
36.441 , 53.15 , 50.64 , 2.510002
36.442 , 53.15 , 50.64 , 2.510002
36.444 , 53.15 , 50.63 , 2.52
36.445 , 53.12 , 50.63 , 2.489998
36.447 , 53.15 , 50.62 , 2.530003
36.448 , 53.15 , 50.62 , 2.530003
36.45 , 53.12 , 50.61 , 2.509998
36.451 , 53.15 , 50.61 , 2.540001
36.453 , 53.08 , 50.61 , 2.470001
36.454 , 53.12 , 50.6 , 2.52
36.456 , 53.08 , 50.6 , 2.480003
36.458 , 53.08 , 50.59 , 2.490002
36.459 , 53.12 , 50.59 , 2.529999
36.461 , 53.08 , 50.58 , 2.5
36.462 , 53.08 , 50.58 , 2.5
36.464 , 53.08 , 50.57 , 2.510002
36.465 , 53.06 , 50.57 , 2.490002
36.467 , 53.06 , 50.56 , 2.5
36.468 , 53.03 , 50.56 , 2.469997
36.47 , 53.06 , 50.55 , 2.510002
36.471 , 53.06 , 50.55 , 2.510002
36.473 , 53.06 , 50.55 , 2.510002
36.474 , 53.06 , 50.54 , 2.52
36.476 , 53.08 , 50.54 , 2.540001
36.477 , 53.03 , 50.53 , 2.5
36.479 , 53.03 , 50.53 , 2.5
36.48 , 53.06 , 50.52 , 2.540001
36.482 , 53.03 , 50.52 , 2.509998
36.484 , 53.03 , 50.51 , 2.52
36.485 , 53.03 , 50.51 , 2.52
36.487 , 53.03 , 50.5 , 2.529999
36.488 , 52.99 , 50.5 , 2.490002
36.49 , 52.99 , 50.49 , 2.5
36.491 , 52.99 , 50.49 , 2.5
36.493 , 52.96 , 50.49 , 2.469997
36.494 , 52.96 , 50.48 , 2.48
36.496 , 52.96 , 50.48 , 2.48
36.498 , 52.96 , 50.47 , 2.489998
36.499 , 52.92 , 50.47 , 2.449997
36.501 , 52.96 , 50.46 , 2.5
36.503 , 52.9 , 50.46 , 2.440002
36.504 , 52.92 , 50.45 , 2.469997
36.506 , 52.92 , 50.45 , 2.469997
36.507 , 52.9 , 50.44 , 2.460003
36.509 , 52.9 , 50.44 , 2.460003
36.51 , 52.92 , 50.44 , 2.48
36.512 , 52.9 , 50.43 , 2.470001
36.514 , 52.9 , 50.42 , 2.480003
36.515 , 52.9 , 50.42 , 2.480003
36.517 , 52.87 , 50.41 , 2.459999
36.518 , 52.87 , 50.41 , 2.459999
36.52 , 52.9 , 50.41 , 2.490002
36.522 , 52.9 , 50.4 , 2.5
36.523 , 52.83 , 50.4 , 2.43
36.525 , 52.87 , 50.39 , 2.48
36.526 , 52.87 , 50.39 , 2.48
36.528 , 52.83 , 50.38 , 2.450001
36.529 , 52.83 , 50.38 , 2.450001
36.531 , 52.83 , 50.37 , 2.460003
36.533 , 52.83 , 50.37 , 2.460003
36.534 , 52.83 , 50.36 , 2.470001
36.536 , 52.8 , 50.36 , 2.439999
36.537 , 52.83 , 50.35 , 2.480003
36.539 , 52.8 , 50.35 , 2.450001
36.54 , 52.8 , 50.35 , 2.450001
36.542 , 52.8 , 50.34 , 2.459999
36.544 , 52.8 , 50.33 , 2.469997
36.545 , 52.76 , 50.33 , 2.429996
36.547 , 52.8 , 50.32 , 2.48
36.548 , 52.76 , 50.32 , 2.439999
36.55 , 52.8 , 50.32 , 2.48
36.552 , 52.76 , 50.31 , 2.449997
36.553 , 52.76 , 50.31 , 2.449997
36.555 , 52.76 , 50.3 , 2.459999
36.557 , 52.76 , 50.29 , 2.469997
36.558 , 52.74 , 50.29 , 2.450001
36.56 , 52.74 , 50.29 , 2.450001
36.561 , 52.74 , 50.28 , 2.460003
36.563 , 52.76 , 50.28 , 2.48
36.564 , 52.74 , 50.27 , 2.470001
36.566 , 52.74 , 50.27 , 2.470001
36.567 , 52.74 , 50.26 , 2.480003
36.569 , 52.74 , 50.26 , 2.480003
36.571 , 52.74 , 50.25 , 2.490002
36.572 , 52.74 , 50.25 , 2.490002
36.582 , 52.71 , 50.22 , 2.489998
36.583 , 52.71 , 50.22 , 2.489998
36.585 , 52.71 , 50.21 , 2.5
36.587 , 52.67 , 50.2 , 2.469997
36.588 , 52.71 , 50.2 , 2.509998
36.59 , 52.71 , 50.2 , 2.509998
36.591 , 52.74 , 50.19 , 2.550003
36.593 , 52.74 , 50.19 , 2.550003
36.594 , 52.71 , 50.18 , 2.529999
36.596 , 52.74 , 50.18 , 2.560001
36.598 , 52.74 , 50.17 , 2.570004
36.599 , 52.74 , 50.17 , 2.570004
36.601 , 52.76 , 50.16 , 2.599998
36.602 , 52.74 , 50.16 , 2.580002
36.604 , 52.76 , 50.15 , 2.609997
36.605 , 52.76 , 50.15 , 2.609997
36.607 , 52.8 , 50.15 , 2.649998
36.609 , 52.8 , 50.14 , 2.66
36.61 , 52.8 , 50.14 , 2.66
36.612 , 52.8 , 50.13 , 2.669998
36.614 , 52.83 , 50.12 , 2.710003
36.615 , 52.83 , 50.12 , 2.710003
36.617 , 52.87 , 50.12 , 2.75
36.618 , 52.87 , 50.11 , 2.759998
36.62 , 52.87 , 50.11 , 2.759998
36.621 , 52.87 , 50.1 , 2.77
36.623 , 52.87 , 50.1 , 2.77
36.625 , 52.9 , 50.09 , 2.810001
36.626 , 52.87 , 50.09 , 2.779999
36.628 , 52.9 , 50.08 , 2.82
36.629 , 52.9 , 50.08 , 2.82
36.631 , 52.87 , 50.07 , 2.799999
36.633 , 52.9 , 50.07 , 2.830002
36.634 , 52.92 , 50.06 , 2.859997
36.636 , 52.9 , 50.06 , 2.84
36.637 , 52.92 , 50.06 , 2.859997
36.639 , 52.96 , 50.05 , 2.91
36.64 , 52.92 , 50.05 , 2.869999
36.642 , 52.9 , 50.04 , 2.860001
36.644 , 52.92 , 50.03 , 2.889999
36.645 , 52.92 , 50.03 , 2.889999
36.647 , 52.92 , 50.03 , 2.889999
36.649 , 52.92 , 50.02 , 2.899998
36.65 , 52.92 , 50.02 , 2.899998
36.652 , 52.96 , 50.01 , 2.950001
36.653 , 52.92 , 50.01 , 2.91
36.655 , 52.96 , 50.0 , 2.959999
36.657 , 52.92 , 50.0 , 2.919998
36.658 , 52.92 , 49.99 , 2.929996
36.66 , 52.92 , 49.99 , 2.929996
36.662 , 52.9 , 49.98 , 2.920002
36.663 , 52.9 , 49.98 , 2.920002
36.665 , 52.87 , 49.97 , 2.899998
36.666 , 52.8 , 49.97 , 2.829998
36.668 , 52.76 , 49.96 , 2.799999
36.67 , 52.74 , 49.96 , 2.780003
36.671 , 52.67 , 49.95 , 2.719997
36.673 , 52.67 , 49.95 , 2.719997
36.675 , 52.53 , 49.94 , 2.59
36.676 , 52.48 , 49.94 , 2.540001
36.678 , 52.44 , 49.93 , 2.509998
36.679 , 52.57 , 49.93 , 2.639999
36.681 , 52.74 , 49.92 , 2.820004
36.683 , 52.74 , 49.92 , 2.820004
36.684 , 52.67 , 49.91 , 2.759998
36.686 , 52.57 , 49.91 , 2.66
36.688 , 52.48 , 49.9 , 2.579998
36.689 , 52.48 , 49.9 , 2.579998
36.691 , 52.51 , 49.89 , 2.619999
36.692 , 52.6 , 49.89 , 2.709999
36.694 , 52.53 , 49.88 , 2.649998
36.696 , 52.51 , 49.88 , 2.629997
36.697 , 52.48 , 49.88 , 2.599998
36.699 , 52.44 , 49.87 , 2.57
36.701 , 52.48 , 49.86 , 2.619999
36.702 , 52.48 , 49.86 , 2.619999
36.704 , 52.48 , 49.86 , 2.619999
36.706 , 52.37 , 49.85 , 2.52
36.707 , 52.37 , 49.85 , 2.52
36.709 , 52.37 , 49.84 , 2.529999
36.71 , 52.37 , 49.84 , 2.529999
36.712 , 52.37 , 49.83 , 2.539997
36.714 , 52.41 , 49.83 , 2.579998
36.715 , 52.37 , 49.82 , 2.549999
36.717 , 52.35 , 49.82 , 2.529999
36.719 , 52.35 , 49.81 , 2.539997
36.72 , 52.37 , 49.81 , 2.559998
36.722 , 52.35 , 49.8 , 2.549999
36.723 , 52.37 , 49.8 , 2.57
36.725 , 52.37 , 49.79 , 2.579998
36.727 , 52.37 , 49.79 , 2.579998
36.728 , 52.37 , 49.78 , 2.59
36.73 , 52.37 , 49.78 , 2.59
36.732 , 52.32 , 49.77 , 2.549999
36.733 , 52.32 , 49.77 , 2.549999
36.735 , 52.32 , 49.76 , 2.560001
36.736 , 52.32 , 49.76 , 2.560001
36.738 , 52.35 , 49.75 , 2.599998
36.74 , 52.32 , 49.75 , 2.57
36.741 , 52.35 , 49.74 , 2.609997
36.743 , 52.32 , 49.74 , 2.579998
36.744 , 52.32 , 49.74 , 2.579998
36.746 , 52.32 , 49.73 , 2.59
36.748 , 52.35 , 49.72 , 2.629997
36.749 , 52.32 , 49.72 , 2.599998
36.751 , 52.35 , 49.71 , 2.639999
36.753 , 52.28 , 49.71 , 2.57
36.754 , 52.28 , 49.71 , 2.57
36.756 , 52.32 , 49.7 , 2.619999
36.757 , 52.28 , 49.7 , 2.579998
36.759 , 52.28 , 49.69 , 2.59
36.761 , 52.32 , 49.68 , 2.639999
36.762 , 52.28 , 49.68 , 2.599998
36.764 , 52.28 , 49.68 , 2.599998
36.766 , 52.28 , 49.67 , 2.610001
36.767 , 52.21 , 49.67 , 2.540001
36.769 , 52.28 , 49.66 , 2.619999
36.77 , 52.25 , 49.66 , 2.59
36.772 , 52.25 , 49.65 , 2.599998
36.774 , 52.25 , 49.65 , 2.599998
36.775 , 52.28 , 49.64 , 2.639999
36.777 , 52.21 , 49.64 , 2.57
36.779 , 52.21 , 49.63 , 2.579998
36.78 , 52.25 , 49.63 , 2.619999
36.782 , 52.21 , 49.62 , 2.59
36.783 , 52.21 , 49.62 , 2.59
36.785 , 52.21 , 49.61 , 2.599998
36.787 , 52.19 , 49.61 , 2.579998
36.788 , 52.21 , 49.6 , 2.610001
36.79 , 52.19 , 49.6 , 2.59
36.791 , 52.14 , 49.59 , 2.549999
36.793 , 52.14 , 49.59 , 2.549999
36.795 , 52.14 , 49.58 , 2.559998
36.796 , 52.14 , 49.58 , 2.559998
36.798 , 52.12 , 49.57 , 2.549999
36.8 , 52.14 , 49.57 , 2.57
36.801 , 52.12 , 49.57 , 2.549999
36.803 , 52.14 , 49.56 , 2.579998
36.804 , 52.12 , 49.56 , 2.559998
36.806 , 52.12 , 49.55 , 2.57
36.808 , 52.14 , 49.54 , 2.599998
36.809 , 52.09 , 49.54 , 2.549999
36.811 , 52.09 , 49.54 , 2.549999
36.812 , 52.09 , 49.53 , 2.560001
36.814 , 52.05 , 49.53 , 2.52
36.816 , 52.05 , 49.52 , 2.529999
36.817 , 52.03 , 49.52 , 2.509998
36.819 , 52.03 , 49.51 , 2.52
36.82 , 52.03 , 49.51 , 2.52
36.822 , 52.03 , 49.5 , 2.529999
36.824 , 52.03 , 49.5 , 2.529999
36.825 , 51.98 , 49.49 , 2.489998
36.827 , 52.03 , 49.49 , 2.539997
36.828 , 51.98 , 49.48 , 2.5
36.83 , 51.96 , 49.48 , 2.48
36.832 , 51.98 , 49.47 , 2.509998
36.833 , 51.96 , 49.47 , 2.489998
36.835 , 51.98 , 49.46 , 2.52
36.837 , 51.98 , 49.46 , 2.52
36.838 , 51.96 , 49.45 , 2.509998
36.84 , 51.93 , 49.45 , 2.48
36.841 , 51.93 , 49.45 , 2.48
36.843 , 51.93 , 49.44 , 2.490002
36.844 , 51.93 , 49.44 , 2.490002
36.846 , 51.93 , 49.43 , 2.5
36.848 , 51.87 , 49.42 , 2.450001
36.849 , 51.87 , 49.42 , 2.450001
36.851 , 51.87 , 49.42 , 2.450001
36.852 , 51.87 , 49.41 , 2.459999
36.854 , 51.89 , 49.41 , 2.48
36.856 , 51.87 , 49.4 , 2.469997
36.857 , 51.87 , 49.4 , 2.469997
36.859 , 51.87 , 49.39 , 2.48
36.861 , 51.87 , 49.39 , 2.48
36.862 , 51.87 , 49.38 , 2.489998
36.864 , 51.82 , 49.38 , 2.439999
36.866 , 51.8 , 49.37 , 2.43
36.867 , 51.82 , 49.37 , 2.450001
36.869 , 51.87 , 49.36 , 2.509998
36.87 , 51.8 , 49.36 , 2.439999
36.872 , 51.82 , 49.35 , 2.470001
36.874 , 51.8 , 49.35 , 2.450001
36.875 , 51.82 , 49.34 , 2.48
36.877 , 51.82 , 49.34 , 2.48
36.879 , 51.82 , 49.33 , 2.489998
36.88 , 51.87 , 49.33 , 2.539997
36.882 , 51.8 , 49.32 , 2.48
36.883 , 51.82 , 49.32 , 2.5
36.885 , 51.8 , 49.31 , 2.489998
36.887 , 51.8 , 49.31 , 2.489998
36.888 , 51.8 , 49.3 , 2.5
36.89 , 51.8 , 49.3 , 2.5
36.892 , 51.8 , 49.29 , 2.509998
36.893 , 51.77 , 49.29 , 2.48
36.895 , 51.8 , 49.28 , 2.52
36.896 , 51.77 , 49.28 , 2.490002
36.898 , 51.77 , 49.27 , 2.5
36.9 , 51.77 , 49.27 , 2.5
36.901 , 51.8 , 49.27 , 2.529999
36.903 , 51.8 , 49.26 , 2.540001
36.904 , 51.77 , 49.26 , 2.510002
36.906 , 51.77 , 49.25 , 2.52
36.907 , 51.77 , 49.25 , 2.52
36.909 , 51.73 , 49.24 , 2.489998
36.91 , 51.73 , 49.24 , 2.489998
36.912 , 51.77 , 49.23 , 2.540001
36.914 , 51.73 , 49.23 , 2.5
36.915 , 51.77 , 49.22 , 2.549999
36.917 , 51.73 , 49.22 , 2.509998
36.918 , 51.73 , 49.22 , 2.509998
36.92 , 51.73 , 49.21 , 2.52
36.922 , 51.71 , 49.2 , 2.509998
36.923 , 51.71 , 49.2 , 2.509998
36.925 , 51.73 , 49.19 , 2.540001
36.926 , 51.73 , 49.19 , 2.540001
36.928 , 51.73 , 49.19 , 2.540001
36.93 , 51.71 , 49.18 , 2.529999
36.931 , 51.73 , 49.18 , 2.549999
36.933 , 51.71 , 49.17 , 2.540001
36.935 , 51.73 , 49.16 , 2.57
36.936 , 51.66 , 49.16 , 2.5
36.938 , 51.71 , 49.16 , 2.549999
36.939 , 51.66 , 49.15 , 2.509998
36.941 , 51.71 , 49.15 , 2.559998
36.943 , 51.66 , 49.14 , 2.52
36.944 , 51.71 , 49.14 , 2.57
36.946 , 51.66 , 49.13 , 2.529999
36.948 , 51.64 , 49.13 , 2.509998
36.949 , 51.59 , 49.12 , 2.470001
36.951 , 51.66 , 49.12 , 2.540001
36.952 , 51.64 , 49.11 , 2.529999
36.954 , 51.64 , 49.11 , 2.529999
36.956 , 51.64 , 49.1 , 2.540001
36.957 , 51.64 , 49.1 , 2.540001
36.959 , 51.59 , 49.09 , 2.5
36.96 , 51.64 , 49.09 , 2.549999
36.962 , 51.57 , 49.08 , 2.489998
36.963 , 51.64 , 49.08 , 2.559998
36.965 , 51.59 , 49.07 , 2.52
36.967 , 51.57 , 49.07 , 2.5
36.968 , 51.57 , 49.07 , 2.5
36.97 , 51.57 , 49.06 , 2.509998
36.972 , 51.54 , 49.05 , 2.490002
36.973 , 51.57 , 49.05 , 2.52
36.975 , 51.57 , 49.04 , 2.529999
36.976 , 51.57 , 49.04 , 2.529999
36.978 , 51.57 , 49.04 , 2.529999
36.98 , 51.54 , 49.03 , 2.510002
36.981 , 51.48 , 49.03 , 2.450001
36.983 , 51.57 , 49.02 , 2.549999
36.984 , 51.54 , 49.02 , 2.52
36.986 , 51.5 , 49.01 , 2.490002
36.987 , 51.54 , 49.01 , 2.530003
36.989 , 51.54 , 49.0 , 2.540001
36.99 , 51.54 , 49.0 , 2.540001
36.992 , 51.43 , 48.99 , 2.439999
36.994 , 51.48 , 48.99 , 2.489998
36.995 , 51.48 , 48.98 , 2.5
36.997 , 51.48 , 48.98 , 2.5
36.998 , 51.5 , 48.98 , 2.52
37.0 , 51.48 , 48.97 , 2.509998
37.002 , 51.43 , 48.96 , 2.470001
37.003 , 51.43 , 48.96 , 2.470001
37.005 , 51.41 , 48.96 , 2.450001
37.006 , 51.43 , 48.95 , 2.48
37.008 , 51.41 , 48.95 , 2.459999
37.009 , 51.43 , 48.94 , 2.490002
37.011 , 51.41 , 48.94 , 2.470001
37.013 , 51.41 , 48.93 , 2.48
37.014 , 51.41 , 48.93 , 2.48
37.016 , 51.38 , 48.92 , 2.460003
37.017 , 51.41 , 48.92 , 2.490002
37.019 , 51.38 , 48.91 , 2.470001
37.021 , 51.38 , 48.91 , 2.470001
37.022 , 51.38 , 48.9 , 2.48
37.024 , 51.34 , 48.9 , 2.439999
37.025 , 51.38 , 48.9 , 2.48
37.027 , 51.34 , 48.89 , 2.450001
37.028 , 51.34 , 48.89 , 2.450001
37.03 , 51.34 , 48.88 , 2.459999
37.032 , 51.27 , 48.87 , 2.400002
37.033 , 51.25 , 48.87 , 2.380001
37.035 , 51.27 , 48.87 , 2.400002
37.036 , 51.27 , 48.86 , 2.41
37.038 , 51.25 , 48.86 , 2.389999
37.039 , 51.25 , 48.85 , 2.400002
37.041 , 51.2 , 48.85 , 2.350002
37.042 , 51.2 , 48.84 , 2.360001
37.044 , 51.25 , 48.84 , 2.41
37.045 , 51.18 , 48.84 , 2.34
37.047 , 51.2 , 48.83 , 2.369999
37.048 , 51.2 , 48.83 , 2.369999
37.05 , 51.18 , 48.82 , 2.360001
37.052 , 51.2 , 48.81 , 2.389999
37.053 , 51.18 , 48.81 , 2.369999
37.055 , 51.16 , 48.81 , 2.349998
37.056 , 51.16 , 48.8 , 2.360001
37.058 , 51.16 , 48.8 , 2.360001
37.059 , 51.16 , 48.79 , 2.369999
37.061 , 51.11 , 48.79 , 2.32
37.063 , 51.11 , 48.78 , 2.330002
37.064 , 51.11 , 48.78 , 2.330002
37.066 , 51.09 , 48.77 , 2.32
37.067 , 51.16 , 48.77 , 2.389999
37.069 , 51.09 , 48.76 , 2.330002
37.07 , 51.09 , 48.76 , 2.330002
37.072 , 51.09 , 48.75 , 2.34
37.074 , 51.11 , 48.75 , 2.360001
37.075 , 51.04 , 48.75 , 2.290001
37.077 , 51.09 , 48.74 , 2.349998
37.078 , 51.04 , 48.74 , 2.299999
37.08 , 51.04 , 48.73 , 2.310001
37.081 , 51.04 , 48.73 , 2.310001
37.083 , 51.04 , 48.72 , 2.32
37.084 , 51.02 , 48.72 , 2.299999
37.086 , 51.02 , 48.71 , 2.310001
37.087 , 51.02 , 48.71 , 2.310001
37.089 , 51.04 , 48.7 , 2.34
37.09 , 51.02 , 48.7 , 2.32
37.092 , 51.04 , 48.69 , 2.350002
37.093 , 51.02 , 48.69 , 2.330002
37.095 , 51.0 , 48.69 , 2.310001
37.097 , 51.0 , 48.68 , 2.32
37.098 , 51.0 , 48.68 , 2.32
37.1 , 51.0 , 48.67 , 2.330002
37.101 , 51.02 , 48.67 , 2.350002
37.103 , 51.0 , 48.66 , 2.34
37.104 , 50.95 , 48.66 , 2.290001
37.106 , 51.02 , 48.65 , 2.369999
37.107 , 51.0 , 48.65 , 2.349998
37.109 , 51.0 , 48.64 , 2.360001
37.11 , 50.95 , 48.64 , 2.310001
37.112 , 51.0 , 48.64 , 2.360001
37.114 , 51.02 , 48.63 , 2.389999
37.115 , 51.0 , 48.63 , 2.369999
37.117 , 50.95 , 48.62 , 2.330002
37.118 , 50.95 , 48.62 , 2.330002
37.12 , 50.95 , 48.61 , 2.34
37.121 , 50.95 , 48.61 , 2.34
37.123 , 50.93 , 48.6 , 2.330002
37.124 , 50.95 , 48.6 , 2.350002
37.126 , 50.88 , 48.59 , 2.290001
37.127 , 50.88 , 48.59 , 2.290001
37.129 , 50.93 , 48.58 , 2.349998
37.13 , 50.88 , 48.58 , 2.299999
37.132 , 50.86 , 48.58 , 2.279999
37.134 , 50.86 , 48.57 , 2.290001
37.135 , 50.93 , 48.57 , 2.360001
37.137 , 50.86 , 48.56 , 2.299999
37.138 , 50.86 , 48.56 , 2.299999
37.14 , 50.88 , 48.55 , 2.330002
37.141 , 50.88 , 48.55 , 2.330002
37.143 , 50.86 , 48.54 , 2.32
37.145 , 50.86 , 48.54 , 2.32
37.146 , 50.84 , 48.53 , 2.310001
37.148 , 50.84 , 48.53 , 2.310001
37.149 , 50.84 , 48.52 , 2.32
37.151 , 50.86 , 48.52 , 2.34
37.152 , 50.84 , 48.52 , 2.32
37.154 , 50.84 , 48.51 , 2.330002
37.155 , 50.79 , 48.51 , 2.280003
37.157 , 50.88 , 48.5 , 2.380001
37.158 , 50.86 , 48.5 , 2.360001
37.16 , 50.88 , 48.49 , 2.389999
37.162 , 50.84 , 48.49 , 2.349998
37.163 , 50.86 , 48.48 , 2.380001
37.165 , 50.86 , 48.48 , 2.380001
37.166 , 50.84 , 48.47 , 2.369999
37.168 , 50.84 , 48.47 , 2.369999
37.169 , 50.86 , 48.46 , 2.400002
37.171 , 50.84 , 48.46 , 2.380001
37.172 , 50.84 , 48.46 , 2.380001
37.174 , 50.79 , 48.45 , 2.34
37.176 , 50.79 , 48.44 , 2.350002
37.177 , 50.84 , 48.44 , 2.400002
37.179 , 50.79 , 48.43 , 2.360001
37.18 , 50.77 , 48.43 , 2.34
37.182 , 50.79 , 48.43 , 2.360001
37.183 , 50.79 , 48.42 , 2.370003
37.185 , 50.77 , 48.42 , 2.350002
37.186 , 50.79 , 48.41 , 2.380001
37.188 , 50.79 , 48.41 , 2.380001
37.19 , 50.77 , 48.4 , 2.369999
37.191 , 50.72 , 48.4 , 2.32
37.193 , 50.77 , 48.39 , 2.380001
37.194 , 50.77 , 48.39 , 2.380001
37.196 , 50.77 , 48.38 , 2.389999
37.197 , 50.77 , 48.38 , 2.389999
37.199 , 50.7 , 48.37 , 2.330002
37.2 , 50.77 , 48.37 , 2.400002
37.202 , 50.72 , 48.37 , 2.350002
37.203 , 50.77 , 48.36 , 2.41
37.205 , 50.7 , 48.36 , 2.34
37.207 , 50.7 , 48.35 , 2.350002
37.208 , 50.65 , 48.35 , 2.300003
37.21 , 50.63 , 48.34 , 2.290001
37.211 , 50.65 , 48.34 , 2.310001
37.213 , 50.65 , 48.33 , 2.32
37.214 , 50.65 , 48.33 , 2.32
37.216 , 50.63 , 48.32 , 2.310001
37.217 , 50.63 , 48.32 , 2.310001
37.219 , 50.63 , 48.32 , 2.310001
37.22 , 50.63 , 48.31 , 2.32
37.222 , 50.61 , 48.31 , 2.299999
37.223 , 50.63 , 48.3 , 2.330002
37.225 , 50.63 , 48.3 , 2.330002
37.226 , 50.61 , 48.29 , 2.32
37.228 , 50.63 , 48.29 , 2.34
37.229 , 50.63 , 48.29 , 2.34
37.231 , 50.63 , 48.28 , 2.350002
37.232 , 50.61 , 48.28 , 2.330002
37.234 , 50.61 , 48.27 , 2.34
37.236 , 50.61 , 48.26 , 2.350002
37.237 , 50.63 , 48.26 , 2.370003
37.239 , 50.63 , 48.26 , 2.370003
37.24 , 50.56 , 48.25 , 2.310001
37.242 , 50.56 , 48.25 , 2.310001
37.243 , 50.56 , 48.24 , 2.32
37.245 , 50.56 , 48.24 , 2.32
37.246 , 50.56 , 48.23 , 2.330002
37.248 , 50.56 , 48.23 , 2.330002
37.249 , 50.56 , 48.23 , 2.330002
37.251 , 50.54 , 48.22 , 2.32
37.252 , 50.54 , 48.22 , 2.32
37.254 , 50.49 , 48.21 , 2.280003
37.255 , 50.54 , 48.21 , 2.330002
37.257 , 50.54 , 48.2 , 2.34
37.259 , 50.54 , 48.2 , 2.34
37.26 , 50.54 , 48.19 , 2.350002
37.262 , 50.49 , 48.19 , 2.300003
37.263 , 50.49 , 48.18 , 2.310001
37.273 , 50.47 , 48.15 , 2.32
37.274 , 50.45 , 48.15 , 2.299999
37.276 , 50.47 , 48.14 , 2.330002
37.278 , 50.4 , 48.14 , 2.260002
37.279 , 50.45 , 48.14 , 2.310001
37.281 , 50.4 , 48.13 , 2.27
37.282 , 50.4 , 48.13 , 2.27
37.284 , 50.45 , 48.12 , 2.330002
37.285 , 50.4 , 48.12 , 2.280003
37.287 , 50.38 , 48.11 , 2.27
37.288 , 50.45 , 48.11 , 2.34
37.29 , 50.45 , 48.1 , 2.350002
37.291 , 50.38 , 48.1 , 2.280003
37.293 , 50.4 , 48.09 , 2.310001
37.294 , 50.38 , 48.09 , 2.290001
37.296 , 50.38 , 48.08 , 2.299999
37.298 , 50.38 , 48.08 , 2.299999
37.299 , 50.33 , 48.08 , 2.25
37.301 , 50.38 , 48.07 , 2.310001
37.302 , 50.38 , 48.07 , 2.310001
37.304 , 50.38 , 48.06 , 2.32
37.305 , 50.33 , 48.06 , 2.27
37.307 , 50.33 , 48.05 , 2.280003
37.308 , 50.33 , 48.05 , 2.280003
37.31 , 50.31 , 48.04 , 2.27
37.311 , 50.31 , 48.04 , 2.27
37.313 , 50.31 , 48.03 , 2.280003
37.314 , 50.33 , 48.03 , 2.300003
37.316 , 50.29 , 48.03 , 2.260002
37.317 , 50.33 , 48.02 , 2.310001
37.319 , 50.29 , 48.02 , 2.27
37.32 , 50.29 , 48.01 , 2.280003
37.322 , 50.29 , 48.01 , 2.280003
37.324 , 50.29 , 48.0 , 2.290001
37.325 , 50.31 , 48.0 , 2.310001
37.326 , 50.24 , 48.0 , 2.240002
37.328 , 50.29 , 47.99 , 2.299999
37.33 , 50.24 , 47.98 , 2.260002
37.331 , 50.29 , 47.98 , 2.310001
37.333 , 50.24 , 47.97 , 2.27
37.334 , 50.29 , 47.97 , 2.32
37.336 , 50.24 , 47.97 , 2.27
37.337 , 50.22 , 47.96 , 2.260002
37.339 , 50.22 , 47.96 , 2.260002
37.34 , 50.24 , 47.95 , 2.290001
37.342 , 50.22 , 47.95 , 2.27
37.343 , 50.22 , 47.94 , 2.280003
37.345 , 50.22 , 47.94 , 2.280003
37.346 , 50.17 , 47.94 , 2.23
37.348 , 50.17 , 47.93 , 2.239998
37.35 , 50.22 , 47.92 , 2.300003
37.351 , 50.22 , 47.92 , 2.300003
37.353 , 50.17 , 47.91 , 2.259998
37.354 , 50.17 , 47.91 , 2.259998
37.356 , 50.15 , 47.91 , 2.240002
37.358 , 50.15 , 47.9 , 2.25
37.359 , 50.15 , 47.9 , 2.25
37.36 , 50.17 , 47.89 , 2.279999
37.362 , 50.1 , 47.89 , 2.209999
37.364 , 50.1 , 47.88 , 2.219997
37.365 , 50.08 , 47.88 , 2.200001
37.367 , 50.08 , 47.87 , 2.210003
37.368 , 50.08 , 47.87 , 2.210003
37.37 , 50.1 , 47.86 , 2.239998
37.372 , 50.08 , 47.86 , 2.220001
37.373 , 50.08 , 47.85 , 2.230003
37.375 , 50.08 , 47.85 , 2.230003
37.376 , 50.08 , 47.85 , 2.230003
37.378 , 50.08 , 47.84 , 2.240002
37.379 , 50.08 , 47.84 , 2.240002
37.381 , 50.06 , 47.83 , 2.23
37.382 , 50.06 , 47.83 , 2.23
37.384 , 50.06 , 47.82 , 2.240002
37.385 , 50.06 , 47.82 , 2.240002
37.387 , 50.06 , 47.81 , 2.25
37.388 , 50.06 , 47.81 , 2.25
37.39 , 50.01 , 47.8 , 2.209999
37.392 , 50.01 , 47.8 , 2.209999
37.393 , 50.08 , 47.79 , 2.290001
37.395 , 50.01 , 47.79 , 2.219997
37.396 , 50.06 , 47.79 , 2.27
37.398 , 50.01 , 47.78 , 2.23
37.399 , 50.01 , 47.78 , 2.23
37.401 , 50.01 , 47.77 , 2.239998
37.403 , 50.01 , 47.77 , 2.239998
37.404 , 50.01 , 47.76 , 2.25
37.406 , 50.01 , 47.76 , 2.25
37.408 , 49.99 , 47.75 , 2.240002
37.409 , 50.01 , 47.75 , 2.259998
37.411 , 49.99 , 47.74 , 2.25
37.412 , 49.99 , 47.74 , 2.25
37.414 , 50.01 , 47.73 , 2.279999
37.415 , 50.01 , 47.73 , 2.279999
37.417 , 50.01 , 47.72 , 2.289997
37.419 , 50.01 , 47.72 , 2.289997
37.42 , 49.99 , 47.71 , 2.280003
37.422 , 50.01 , 47.71 , 2.299999
37.423 , 50.01 , 47.71 , 2.299999
37.425 , 50.01 , 47.7 , 2.309998
37.427 , 50.01 , 47.69 , 2.32
37.428 , 50.01 , 47.69 , 2.32
37.43 , 50.01 , 47.68 , 2.329998
37.432 , 50.01 , 47.68 , 2.329998
37.433 , 50.06 , 47.68 , 2.380001
37.435 , 50.08 , 47.67 , 2.410004
37.436 , 50.1 , 47.67 , 2.43
37.438 , 50.06 , 47.66 , 2.400002
37.439 , 50.08 , 47.66 , 2.420002
37.441 , 50.06 , 47.65 , 2.41
37.443 , 50.08 , 47.65 , 2.43
37.444 , 50.1 , 47.64 , 2.459999
37.446 , 50.1 , 47.64 , 2.459999
37.447 , 50.15 , 47.63 , 2.52
37.449 , 50.1 , 47.63 , 2.469997
37.45 , 50.1 , 47.62 , 2.48
37.452 , 50.15 , 47.62 , 2.530003
37.454 , 50.15 , 47.61 , 2.540001
37.455 , 50.15 , 47.61 , 2.540001
37.457 , 50.15 , 47.6 , 2.550003
37.458 , 50.17 , 47.6 , 2.57
37.46 , 50.22 , 47.59 , 2.630001
37.461 , 50.22 , 47.59 , 2.630001
37.463 , 50.17 , 47.59 , 2.579998
37.464 , 50.17 , 47.58 , 2.589996
37.466 , 50.24 , 47.58 , 2.66
37.468 , 50.22 , 47.57 , 2.650002
37.469 , 50.22 , 47.57 , 2.650002
37.471 , 50.17 , 47.56 , 2.609997
37.472 , 50.22 , 47.56 , 2.66
37.474 , 50.22 , 47.55 , 2.670002
37.475 , 50.22 , 47.55 , 2.670002
37.477 , 50.22 , 47.54 , 2.68
37.479 , 50.29 , 47.54 , 2.75
37.48 , 50.22 , 47.53 , 2.690002
37.482 , 50.22 , 47.53 , 2.690002
37.483 , 50.24 , 47.53 , 2.710003
37.485 , 50.22 , 47.52 , 2.700001
37.486 , 50.22 , 47.52 , 2.700001
37.488 , 50.22 , 47.51 , 2.710003
37.489 , 50.22 , 47.51 , 2.710003
37.491 , 50.24 , 47.5 , 2.740002
37.492 , 50.22 , 47.5 , 2.720001
37.494 , 50.24 , 47.49 , 2.75
37.495 , 50.22 , 47.49 , 2.73
37.497 , 50.22 , 47.48 , 2.740002
37.498 , 50.17 , 47.48 , 2.689999
37.5 , 50.17 , 47.48 , 2.689999
37.502 , 50.17 , 47.47 , 2.699997
37.503 , 50.17 , 47.47 , 2.699997
37.505 , 50.15 , 47.46 , 2.690002
37.507 , 50.15 , 47.45 , 2.700001
37.508 , 50.08 , 47.45 , 2.630001
37.51 , 50.06 , 47.45 , 2.610001
37.511 , 50.06 , 47.44 , 2.620003
37.513 , 50.01 , 47.44 , 2.57
37.514 , 49.99 , 47.43 , 2.560001
37.516 , 49.94 , 47.43 , 2.509998
37.517 , 49.92 , 47.42 , 2.5
37.519 , 49.85 , 47.42 , 2.43
37.521 , 49.83 , 47.41 , 2.420002
37.522 , 49.83 , 47.41 , 2.420002
37.524 , 49.92 , 47.4 , 2.519997
37.525 , 50.01 , 47.4 , 2.609997
37.527 , 49.99 , 47.39 , 2.600002
37.528 , 49.92 , 47.39 , 2.529999
37.53 , 49.85 , 47.39 , 2.459999
37.532 , 49.76 , 47.38 , 2.379997
37.533 , 49.78 , 47.38 , 2.399998
37.535 , 49.83 , 47.37 , 2.460003
37.537 , 49.83 , 47.36 , 2.470001
37.538 , 49.83 , 47.36 , 2.470001
37.54 , 49.76 , 47.36 , 2.399998
37.541 , 49.76 , 47.35 , 2.41
37.543 , 49.76 , 47.35 , 2.41
37.545 , 49.76 , 47.34 , 2.419998
37.546 , 49.78 , 47.34 , 2.439999
37.548 , 49.76 , 47.33 , 2.429996
37.55 , 49.76 , 47.33 , 2.429996
37.551 , 49.71 , 47.32 , 2.389999
37.553 , 49.69 , 47.32 , 2.369999
37.554 , 49.69 , 47.31 , 2.379997
37.556 , 49.71 , 47.31 , 2.399998
37.558 , 49.69 , 47.3 , 2.389999
37.559 , 49.76 , 47.3 , 2.459999
37.561 , 49.71 , 47.29 , 2.419998
37.563 , 49.69 , 47.29 , 2.399998
37.564 , 49.71 , 47.28 , 2.43
37.566 , 49.71 , 47.28 , 2.43
37.568 , 49.69 , 47.27 , 2.419998
37.569 , 49.69 , 47.27 , 2.419998
37.571 , 49.67 , 47.26 , 2.41
37.572 , 49.69 , 47.26 , 2.43
37.574 , 49.69 , 47.25 , 2.439999
37.576 , 49.69 , 47.25 , 2.439999
37.577 , 49.69 , 47.24 , 2.449997
37.579 , 49.67 , 47.24 , 2.429996
37.581 , 49.67 , 47.23 , 2.439999
37.582 , 49.6 , 47.23 , 2.369999
37.584 , 49.67 , 47.22 , 2.449997
37.586 , 49.6 , 47.22 , 2.379997
37.587 , 49.62 , 47.21 , 2.41
37.589 , 49.62 , 47.21 , 2.41
37.59 , 49.6 , 47.21 , 2.389999
37.592 , 49.6 , 47.2 , 2.399998
37.594 , 49.62 , 47.19 , 2.43
37.595 , 49.55 , 47.19 , 2.360001
37.597 , 49.6 , 47.18 , 2.419998
37.599 , 49.6 , 47.18 , 2.419998
37.6 , 49.55 , 47.18 , 2.369999
37.602 , 49.55 , 47.17 , 2.380001
37.603 , 49.55 , 47.17 , 2.380001
37.605 , 49.55 , 47.16 , 2.389999
37.607 , 49.53 , 47.16 , 2.369999
37.608 , 49.53 , 47.15 , 2.379997
37.61 , 49.53 , 47.15 , 2.379997
37.612 , 49.51 , 47.14 , 2.369999
37.613 , 49.51 , 47.14 , 2.369999
37.615 , 49.51 , 47.13 , 2.379997
37.616 , 49.51 , 47.13 , 2.379997
37.618 , 49.53 , 47.12 , 2.41
37.62 , 49.51 , 47.12 , 2.389999
37.621 , 49.51 , 47.11 , 2.399998
37.623 , 49.51 , 47.11 , 2.399998
37.625 , 49.53 , 47.1 , 2.43
37.626 , 49.51 , 47.1 , 2.41
37.628 , 49.51 , 47.09 , 2.419998
37.63 , 49.46 , 47.09 , 2.369999
37.631 , 49.39 , 47.08 , 2.309998
37.633 , 49.46 , 47.08 , 2.379997
37.634 , 49.46 , 47.07 , 2.389999
37.636 , 49.46 , 47.07 , 2.389999
37.638 , 49.46 , 47.06 , 2.399998
37.639 , 49.46 , 47.06 , 2.399998
37.641 , 49.39 , 47.05 , 2.34
37.643 , 49.39 , 47.05 , 2.34
37.644 , 49.39 , 47.04 , 2.349998
37.646 , 49.37 , 47.04 , 2.329998
37.647 , 49.37 , 47.04 , 2.329998
37.649 , 49.37 , 47.03 , 2.34
37.651 , 49.35 , 47.02 , 2.329998
37.652 , 49.35 , 47.02 , 2.329998
37.654 , 49.35 , 47.01 , 2.34
37.655 , 49.37 , 47.01 , 2.360001
37.657 , 49.35 , 47.01 , 2.34
37.659 , 49.3 , 47.0 , 2.299999
37.66 , 49.35 , 47.0 , 2.349998
37.662 , 49.35 , 46.99 , 2.359997
37.663 , 49.3 , 46.99 , 2.309998
37.665 , 49.3 , 46.98 , 2.32
37.667 , 49.3 , 46.98 , 2.32
37.668 , 49.3 , 46.97 , 2.329998
37.67 , 49.3 , 46.97 , 2.329998
37.672 , 49.28 , 46.96 , 2.32
37.673 , 49.28 , 46.96 , 2.32
37.675 , 49.28 , 46.95 , 2.329998
37.677 , 49.23 , 46.95 , 2.279999
37.678 , 49.28 , 46.94 , 2.34
37.68 , 49.23 , 46.94 , 2.290001
37.682 , 49.28 , 46.93 , 2.349998
37.683 , 49.23 , 46.93 , 2.299999
37.685 , 49.23 , 46.92 , 2.310001
37.686 , 49.21 , 46.92 , 2.290001
37.688 , 49.23 , 46.91 , 2.32
37.69 , 49.21 , 46.91 , 2.299999
37.691 , 49.14 , 46.9 , 2.239998
37.693 , 49.23 , 46.9 , 2.329998
37.695 , 49.21 , 46.89 , 2.32
37.696 , 49.21 , 46.89 , 2.32
37.698 , 49.21 , 46.88 , 2.329998
37.7 , 49.21 , 46.88 , 2.329998
37.701 , 49.14 , 46.87 , 2.27
37.703 , 49.14 , 46.87 , 2.27
37.705 , 49.14 , 46.86 , 2.279999
37.706 , 49.12 , 46.86 , 2.259998
37.708 , 49.14 , 46.85 , 2.290001
37.709 , 49.14 , 46.85 , 2.290001
37.711 , 49.12 , 46.84 , 2.279999
37.713 , 49.12 , 46.84 , 2.279999
37.714 , 49.12 , 46.84 , 2.279999
37.716 , 49.12 , 46.83 , 2.289997
37.717 , 49.12 , 46.83 , 2.289997
37.719 , 49.12 , 46.82 , 2.299999
37.721 , 49.12 , 46.81 , 2.309998
37.722 , 49.12 , 46.81 , 2.309998
37.724 , 49.1 , 46.81 , 2.289997
37.725 , 49.12 , 46.8 , 2.32
37.727 , 49.12 , 46.8 , 2.32
37.729 , 49.1 , 46.79 , 2.309998
37.73 , 49.12 , 46.79 , 2.329998
37.732 , 49.1 , 46.78 , 2.32
37.734 , 49.1 , 46.78 , 2.32
37.735 , 49.05 , 46.77 , 2.279999
37.737 , 49.1 , 46.77 , 2.329998
37.738 , 49.1 , 46.76 , 2.34
37.74 , 49.1 , 46.76 , 2.34
37.742 , 49.05 , 46.75 , 2.299999
37.743 , 49.03 , 46.75 , 2.279999
37.745 , 49.05 , 46.74 , 2.309998
37.747 , 49.05 , 46.74 , 2.309998
37.748 , 49.05 , 46.73 , 2.32
37.75 , 49.05 , 46.73 , 2.32
37.751 , 49.1 , 46.72 , 2.379997
37.753 , 49.03 , 46.72 , 2.309998
37.755 , 49.03 , 46.71 , 2.32
37.756 , 48.98 , 46.71 , 2.27
37.758 , 49.03 , 46.7 , 2.329998
37.76 , 49.03 , 46.7 , 2.329998
37.761 , 49.03 , 46.69 , 2.34
37.763 , 49.03 , 46.69 , 2.34
37.764 , 48.98 , 46.69 , 2.290001
37.766 , 49.03 , 46.68 , 2.349998
37.768 , 49.03 , 46.67 , 2.360001
37.769 , 48.96 , 46.67 , 2.290001
37.771 , 48.98 , 46.66 , 2.32
37.773 , 48.98 , 46.66 , 2.32
37.774 , 48.96 , 46.66 , 2.299999
37.776 , 48.96 , 46.65 , 2.309998
37.778 , 48.98 , 46.64 , 2.34
37.779 , 48.96 , 46.64 , 2.32
37.781 , 48.98 , 46.63 , 2.349998
37.783 , 48.96 , 46.63 , 2.329998
37.784 , 48.96 , 46.63 , 2.329998
37.786 , 48.94 , 46.62 , 2.32
37.788 , 48.94 , 46.61 , 2.329998
37.789 , 48.96 , 46.61 , 2.349998
37.791 , 48.94 , 46.6 , 2.34
37.792 , 48.94 , 46.6 , 2.34
37.794 , 48.94 , 46.6 , 2.34
37.796 , 48.94 , 46.59 , 2.349998
37.797 , 48.89 , 46.59 , 2.299999
37.799 , 48.94 , 46.58 , 2.359997
37.801 , 48.89 , 46.58 , 2.309998
37.802 , 48.89 , 46.57 , 2.32
37.804 , 48.87 , 46.57 , 2.299999
37.806 , 48.89 , 46.56 , 2.329998
37.807 , 48.87 , 46.56 , 2.309998
37.809 , 48.82 , 46.55 , 2.27
37.811 , 48.89 , 46.55 , 2.34
37.812 , 48.89 , 46.54 , 2.349998
37.814 , 48.89 , 46.54 , 2.349998
37.815 , 48.82 , 46.53 , 2.290001
37.817 , 48.82 , 46.53 , 2.290001
37.819 , 48.82 , 46.52 , 2.299999
37.82 , 48.82 , 46.52 , 2.299999
37.822 , 48.82 , 46.51 , 2.310001
37.824 , 48.8 , 46.51 , 2.290001
37.825 , 48.8 , 46.5 , 2.299999
37.827 , 48.78 , 46.5 , 2.279999
37.828 , 48.8 , 46.49 , 2.309998
37.83 , 48.8 , 46.49 , 2.309998
37.832 , 48.78 , 46.48 , 2.299999
37.833 , 48.78 , 46.48 , 2.299999
37.835 , 48.78 , 46.47 , 2.309998
37.837 , 48.73 , 46.47 , 2.259998
37.838 , 48.73 , 46.46 , 2.27
37.84 , 48.73 , 46.46 , 2.27
37.841 , 48.78 , 46.46 , 2.32
37.843 , 48.73 , 46.45 , 2.279999
37.845 , 48.73 , 46.44 , 2.290001
37.846 , 48.73 , 46.44 , 2.290001
37.848 , 48.73 , 46.43 , 2.299999
37.85 , 48.71 , 46.43 , 2.279999
37.851 , 48.66 , 46.43 , 2.23
37.853 , 48.71 , 46.42 , 2.290001
37.854 , 48.71 , 46.42 , 2.290001
37.856 , 48.66 , 46.41 , 2.25
37.858 , 48.71 , 46.4 , 2.309998
37.859 , 48.73 , 46.4 , 2.329998
37.861 , 48.64 , 46.4 , 2.239998
37.862 , 48.66 , 46.39 , 2.27
37.864 , 48.66 , 46.39 , 2.27
37.866 , 48.66 , 46.38 , 2.279999
37.867 , 48.64 , 46.38 , 2.259998
37.869 , 48.64 , 46.37 , 2.27
37.871 , 48.64 , 46.37 , 2.27
37.872 , 48.64 , 46.36 , 2.279999
37.874 , 48.59 , 46.36 , 2.23
37.875 , 48.59 , 46.35 , 2.240002
37.877 , 48.59 , 46.35 , 2.240002
37.879 , 48.66 , 46.34 , 2.32
37.88 , 48.64 , 46.34 , 2.299999
37.882 , 48.64 , 46.33 , 2.309998
37.883 , 48.64 , 46.33 , 2.309998
37.885 , 48.59 , 46.32 , 2.27
37.887 , 48.59 , 46.32 , 2.27
37.888 , 48.57 , 46.31 , 2.259998
37.89 , 48.57 , 46.31 , 2.259998
37.891 , 48.59 , 46.31 , 2.279999
37.893 , 48.57 , 46.3 , 2.27
37.895 , 48.57 , 46.29 , 2.279999
37.896 , 48.57 , 46.29 , 2.279999
37.898 , 48.55 , 46.28 , 2.27
37.9 , 48.57 , 46.28 , 2.290001
37.901 , 48.57 , 46.28 , 2.290001
37.903 , 48.55 , 46.27 , 2.279999
37.904 , 48.5 , 46.27 , 2.23
37.906 , 48.55 , 46.26 , 2.290001
37.908 , 48.5 , 46.26 , 2.240002
37.909 , 48.5 , 46.25 , 2.25
37.91 , 48.5 , 46.25 , 2.25
37.912 , 48.5 , 46.24 , 2.259998
37.914 , 48.48 , 46.24 , 2.239998
37.915 , 48.48 , 46.23 , 2.25
37.917 , 48.48 , 46.23 , 2.25
37.918 , 48.48 , 46.23 , 2.25
37.92 , 48.5 , 46.22 , 2.279999
37.922 , 48.5 , 46.21 , 2.290001
37.923 , 48.43 , 46.21 , 2.220001
37.925 , 48.43 , 46.2 , 2.23
37.926 , 48.39 , 46.2 , 2.189999
37.928 , 48.43 , 46.2 , 2.23
37.929 , 48.41 , 46.19 , 2.220001
37.931 , 48.43 , 46.19 , 2.240002
37.933 , 48.43 , 46.18 , 2.25
37.934 , 48.39 , 46.18 , 2.209999
37.936 , 48.41 , 46.17 , 2.240002
37.937 , 48.39 , 46.17 , 2.220001
37.939 , 48.34 , 46.16 , 2.18
37.94 , 48.41 , 46.16 , 2.25
37.942 , 48.34 , 46.15 , 2.189999
37.944 , 48.34 , 46.15 , 2.189999
37.945 , 48.34 , 46.14 , 2.200001
37.947 , 48.39 , 46.14 , 2.25
37.948 , 48.34 , 46.14 , 2.200001
37.95 , 48.32 , 46.13 , 2.189999
37.951 , 48.34 , 46.13 , 2.209999
37.953 , 48.34 , 46.12 , 2.220001
37.955 , 48.32 , 46.11 , 2.209999
37.956 , 48.27 , 46.11 , 2.16
37.958 , 48.32 , 46.11 , 2.209999
37.967 , 48.25 , 46.08 , 2.169998
37.969 , 48.27 , 46.07 , 2.200001
37.971 , 48.25 , 46.07 , 2.18
37.972 , 48.25 , 46.06 , 2.189999
37.974 , 48.25 , 46.06 , 2.189999
37.975 , 48.25 , 46.05 , 2.200001
37.977 , 48.25 , 46.05 , 2.200001
37.978 , 48.2 , 46.05 , 2.150002
37.98 , 48.25 , 46.04 , 2.209999
37.982 , 48.16 , 46.03 , 2.130001
37.983 , 48.16 , 46.03 , 2.130001
37.985 , 48.16 , 46.02 , 2.139999
37.986 , 48.18 , 46.02 , 2.16
37.988 , 48.11 , 46.02 , 2.09
37.989 , 48.16 , 46.01 , 2.150002
37.991 , 48.16 , 46.01 , 2.150002
37.993 , 48.11 , 46.0 , 2.110001
37.994 , 48.16 , 46.0 , 2.16
37.996 , 48.11 , 45.99 , 2.119999
37.997 , 48.11 , 45.99 , 2.119999
37.999 , 48.16 , 45.98 , 2.18
38.001 , 48.11 , 45.98 , 2.130001
38.002 , 48.11 , 45.97 , 2.139999
38.004 , 48.09 , 45.97 , 2.119999
38.005 , 48.11 , 45.97 , 2.139999
38.007 , 48.09 , 45.96 , 2.130001
38.008 , 48.11 , 45.96 , 2.150002
38.01 , 48.09 , 45.95 , 2.139999
38.011 , 48.09 , 45.95 , 2.139999
38.013 , 48.09 , 45.94 , 2.150002
38.014 , 48.09 , 45.94 , 2.150002
38.016 , 48.09 , 45.93 , 2.16
38.018 , 48.04 , 45.93 , 2.110001
38.019 , 48.09 , 45.92 , 2.170002
38.021 , 48.11 , 45.92 , 2.190002
38.022 , 48.04 , 45.91 , 2.130001
38.024 , 48.02 , 45.91 , 2.110001
38.025 , 48.09 , 45.91 , 2.18
38.027 , 48.04 , 45.9 , 2.139999
38.028 , 48.02 , 45.9 , 2.119999
38.03 , 48.09 , 45.89 , 2.200001
38.032 , 48.04 , 45.88 , 2.16
38.033 , 48.04 , 45.88 , 2.16
38.035 , 48.02 , 45.88 , 2.139999
38.036 , 48.09 , 45.87 , 2.220001
38.038 , 48.04 , 45.87 , 2.170002
38.039 , 48.02 , 45.86 , 2.16
38.041 , 48.02 , 45.86 , 2.16
38.042 , 48.04 , 45.85 , 2.190002
38.044 , 48.02 , 45.85 , 2.170002
38.045 , 48.02 , 45.85 , 2.170002
38.047 , 48.0 , 45.84 , 2.16
38.049 , 48.0 , 45.83 , 2.169998
38.05 , 48.02 , 45.83 , 2.189999
38.052 , 48.0 , 45.82 , 2.18
38.053 , 48.02 , 45.82 , 2.200001
38.055 , 48.02 , 45.82 , 2.200001
38.056 , 48.0 , 45.81 , 2.189999
38.058 , 48.0 , 45.81 , 2.189999
38.059 , 48.0 , 45.8 , 2.200001
38.061 , 48.0 , 45.8 , 2.200001
38.063 , 48.0 , 45.79 , 2.209999
38.064 , 47.95 , 45.79 , 2.16
38.066 , 47.93 , 45.78 , 2.150002
38.067 , 48.0 , 45.78 , 2.220001
38.069 , 47.95 , 45.77 , 2.18
38.07 , 47.95 , 45.77 , 2.18
38.072 , 47.93 , 45.76 , 2.170002
38.074 , 47.95 , 45.76 , 2.190002
38.075 , 47.95 , 45.76 , 2.190002
38.077 , 47.95 , 45.75 , 2.200001
38.078 , 47.93 , 45.75 , 2.18
38.08 , 47.95 , 45.74 , 2.209999
38.081 , 47.93 , 45.74 , 2.189999
38.083 , 47.93 , 45.73 , 2.200001
38.084 , 47.95 , 45.73 , 2.220001
38.086 , 47.93 , 45.72 , 2.209999
38.087 , 47.95 , 45.72 , 2.23
38.089 , 47.93 , 45.71 , 2.220001
38.091 , 47.93 , 45.71 , 2.220001
38.092 , 47.93 , 45.7 , 2.23
38.094 , 47.93 , 45.7 , 2.23
38.095 , 47.93 , 45.7 , 2.23
38.097 , 47.95 , 45.69 , 2.260002
38.098 , 47.88 , 45.69 , 2.190002
38.1 , 47.88 , 45.68 , 2.200001
38.102 , 47.88 , 45.68 , 2.200001
38.103 , 47.93 , 45.67 , 2.260002
38.105 , 47.88 , 45.67 , 2.210003
38.106 , 47.88 , 45.66 , 2.220001
38.108 , 47.88 , 45.66 , 2.220001
38.109 , 47.86 , 45.65 , 2.209999
38.111 , 47.86 , 45.65 , 2.209999
38.112 , 47.88 , 45.65 , 2.23
38.114 , 47.86 , 45.64 , 2.220001
38.115 , 47.88 , 45.64 , 2.240002
38.117 , 47.86 , 45.63 , 2.23
38.119 , 47.88 , 45.62 , 2.260002
38.12 , 47.86 , 45.62 , 2.240002
38.122 , 47.86 , 45.62 , 2.240002
38.123 , 47.86 , 45.61 , 2.25
38.125 , 47.86 , 45.61 , 2.25
38.126 , 47.86 , 45.6 , 2.260002
38.128 , 47.84 , 45.6 , 2.240002
38.129 , 47.84 , 45.59 , 2.25
38.131 , 47.79 , 45.59 , 2.200001
38.132 , 47.84 , 45.59 , 2.25
38.134 , 47.79 , 45.58 , 2.209999
38.135 , 47.79 , 45.58 , 2.209999
38.137 , 47.84 , 45.57 , 2.27
38.139 , 47.79 , 45.56 , 2.23
38.14 , 47.84 , 45.56 , 2.279999
38.142 , 47.79 , 45.56 , 2.23
38.143 , 47.77 , 45.55 , 2.220001
38.145 , 47.77 , 45.55 , 2.220001
38.146 , 47.79 , 45.54 , 2.25
38.148 , 47.77 , 45.54 , 2.23
38.15 , 47.77 , 45.53 , 2.240002
38.151 , 47.77 , 45.53 , 2.240002
38.153 , 47.77 , 45.52 , 2.25
38.154 , 47.7 , 45.52 , 2.18
38.156 , 47.77 , 45.51 , 2.260002
38.157 , 47.72 , 45.51 , 2.210003
38.159 , 47.77 , 45.5 , 2.27
38.16 , 47.72 , 45.5 , 2.220001
38.162 , 47.7 , 45.5 , 2.200001
38.163 , 47.7 , 45.49 , 2.209999
38.165 , 47.7 , 45.49 , 2.209999
38.166 , 47.7 , 45.48 , 2.220001
38.168 , 47.7 , 45.48 , 2.220001
38.169 , 47.65 , 45.47 , 2.18
38.171 , 47.65 , 45.47 , 2.18
38.173 , 47.7 , 45.46 , 2.240002
38.174 , 47.7 , 45.46 , 2.240002
38.176 , 47.65 , 45.45 , 2.200001
38.177 , 47.63 , 45.45 , 2.18
38.179 , 47.65 , 45.44 , 2.210003
38.18 , 47.65 , 45.44 , 2.210003
38.182 , 47.63 , 45.44 , 2.190002
38.183 , 47.63 , 45.43 , 2.200001
38.185 , 47.61 , 45.43 , 2.18
38.186 , 47.61 , 45.42 , 2.190002
38.188 , 47.63 , 45.42 , 2.210003
38.19 , 47.63 , 45.41 , 2.220001
38.191 , 47.65 , 45.41 , 2.240002
38.193 , 47.61 , 45.4 , 2.209999
38.194 , 47.61 , 45.4 , 2.209999
38.196 , 47.61 , 45.39 , 2.220001
38.197 , 47.61 , 45.39 , 2.220001
38.199 , 47.61 , 45.38 , 2.23
38.2 , 47.61 , 45.38 , 2.23
38.202 , 47.61 , 45.38 , 2.23
38.203 , 47.56 , 45.37 , 2.190002
38.205 , 47.61 , 45.37 , 2.240002
38.207 , 47.61 , 45.36 , 2.25
38.208 , 47.56 , 45.36 , 2.200001
38.21 , 47.56 , 45.35 , 2.210003
38.211 , 47.61 , 45.35 , 2.260002
38.213 , 47.56 , 45.34 , 2.220001
38.214 , 47.56 , 45.34 , 2.220001
38.216 , 47.56 , 45.33 , 2.23
38.217 , 47.54 , 45.33 , 2.209999
38.219 , 47.54 , 45.33 , 2.209999
38.22 , 47.54 , 45.32 , 2.220001
38.222 , 47.54 , 45.32 , 2.220001
38.223 , 47.54 , 45.31 , 2.23
38.225 , 47.54 , 45.31 , 2.23
38.226 , 47.54 , 45.3 , 2.240002
38.228 , 47.54 , 45.3 , 2.240002
38.23 , 47.54 , 45.29 , 2.25
38.231 , 47.49 , 45.29 , 2.200001
38.233 , 47.49 , 45.28 , 2.210003
38.234 , 47.47 , 45.28 , 2.190002
38.236 , 47.49 , 45.27 , 2.220001
38.237 , 47.49 , 45.27 , 2.220001
38.239 , 47.4 , 45.27 , 2.130001
38.24 , 47.45 , 45.26 , 2.190002
38.242 , 47.47 , 45.26 , 2.210003
38.243 , 47.45 , 45.25 , 2.200001
38.245 , 47.45 , 45.25 , 2.200001
38.246 , 47.45 , 45.24 , 2.209999
38.248 , 47.4 , 45.24 , 2.16
38.249 , 47.45 , 45.24 , 2.209999
38.251 , 47.47 , 45.23 , 2.240002
38.252 , 47.45 , 45.23 , 2.220001
38.254 , 47.47 , 45.22 , 2.25
38.255 , 47.47 , 45.22 , 2.25
38.257 , 47.47 , 45.21 , 2.260002
38.259 , 47.47 , 45.21 , 2.260002
38.26 , 47.49 , 45.2 , 2.290001
38.262 , 47.47 , 45.2 , 2.27
38.263 , 47.47 , 45.19 , 2.280003
38.265 , 47.49 , 45.19 , 2.300003
38.266 , 47.49 , 45.18 , 2.310001
38.268 , 47.47 , 45.18 , 2.290001
38.269 , 47.47 , 45.18 , 2.290001
38.271 , 47.49 , 45.17 , 2.320004
38.272 , 47.49 , 45.17 , 2.320004
38.274 , 47.54 , 45.16 , 2.380001
38.276 , 47.56 , 45.15 , 2.41
38.277 , 47.56 , 45.15 , 2.41
38.279 , 47.54 , 45.15 , 2.389999
38.28 , 47.56 , 45.14 , 2.420002
38.282 , 47.56 , 45.14 , 2.420002
38.283 , 47.56 , 45.13 , 2.43
38.285 , 47.56 , 45.13 , 2.43
38.286 , 47.54 , 45.12 , 2.420002
38.288 , 47.56 , 45.12 , 2.440002
38.29 , 47.63 , 45.11 , 2.52
38.291 , 47.56 , 45.11 , 2.450001
38.293 , 47.56 , 45.1 , 2.460003
38.294 , 47.56 , 45.1 , 2.460003
38.296 , 47.56 , 45.09 , 2.470001
38.297 , 47.56 , 45.09 , 2.470001
38.299 , 47.56 , 45.09 , 2.470001
38.3 , 47.54 , 45.08 , 2.459999
38.302 , 47.56 , 45.08 , 2.48
38.303 , 47.63 , 45.07 , 2.560001
38.305 , 47.56 , 45.07 , 2.490002
38.306 , 47.56 , 45.07 , 2.490002
38.308 , 47.56 , 45.06 , 2.5
38.31 , 47.63 , 45.05 , 2.580002
38.311 , 47.56 , 45.05 , 2.510002
38.313 , 47.63 , 45.04 , 2.59
38.314 , 47.56 , 45.04 , 2.52
38.316 , 47.56 , 45.04 , 2.52
38.317 , 47.63 , 45.03 , 2.600002
38.319 , 47.54 , 45.03 , 2.510002
38.32 , 47.49 , 45.02 , 2.470001
38.322 , 47.54 , 45.02 , 2.52
38.323 , 47.49 , 45.01 , 2.480003
38.325 , 47.49 , 45.01 , 2.480003
38.326 , 47.47 , 45.01 , 2.460003
38.328 , 47.47 , 45.0 , 2.470001
38.329 , 47.47 , 45.0 , 2.470001
38.331 , 47.47 , 44.99 , 2.48
38.332 , 47.45 , 44.99 , 2.459999
38.334 , 47.38 , 44.98 , 2.400002
38.336 , 47.38 , 44.98 , 2.400002
38.337 , 47.31 , 44.97 , 2.34
38.339 , 47.31 , 44.97 , 2.34
38.34 , 47.24 , 44.96 , 2.280003
38.342 , 47.31 , 44.96 , 2.350002
38.343 , 47.33 , 44.95 , 2.380001
38.345 , 47.33 , 44.95 , 2.380001
38.346 , 47.33 , 44.95 , 2.380001
38.348 , 47.33 , 44.94 , 2.390003
38.349 , 47.26 , 44.94 , 2.32
38.351 , 47.24 , 44.93 , 2.310001
38.353 , 47.26 , 44.92 , 2.34
38.354 , 47.24 , 44.92 , 2.320004
38.356 , 47.24 , 44.92 , 2.320004
38.357 , 47.22 , 44.91 , 2.310001
38.359 , 47.22 , 44.91 , 2.310001
38.36 , 47.17 , 44.9 , 2.269997
38.362 , 47.17 , 44.9 , 2.269997
38.364 , 47.15 , 44.89 , 2.260002
38.365 , 47.15 , 44.89 , 2.260002
38.367 , 47.15 , 44.88 , 2.27
38.368 , 47.15 , 44.88 , 2.27
38.37 , 47.1 , 44.87 , 2.23
38.371 , 47.1 , 44.87 , 2.23
38.373 , 47.15 , 44.86 , 2.290001
38.375 , 47.15 , 44.86 , 2.290001
38.376 , 47.15 , 44.86 , 2.290001
38.378 , 47.15 , 44.85 , 2.300003
38.379 , 47.1 , 44.85 , 2.25
38.381 , 47.1 , 44.84 , 2.259998
38.382 , 47.06 , 44.84 , 2.220001
38.384 , 47.01 , 44.83 , 2.179996
38.386 , 47.06 , 44.83 , 2.23
38.387 , 47.08 , 44.82 , 2.260002
38.389 , 47.08 , 44.82 , 2.260002
38.39 , 47.1 , 44.81 , 2.289997
38.392 , 47.08 , 44.81 , 2.27
38.393 , 47.15 , 44.8 , 2.350002
38.395 , 47.08 , 44.8 , 2.280003
38.396 , 47.08 , 44.8 , 2.280003
38.398 , 47.08 , 44.79 , 2.290001
38.4 , 47.06 , 44.78 , 2.280003
38.401 , 47.01 , 44.78 , 2.23
38.403 , 47.01 , 44.78 , 2.23
38.404 , 47.06 , 44.77 , 2.290001
38.406 , 47.06 , 44.77 , 2.290001
38.408 , 47.06 , 44.76 , 2.300003
38.409 , 47.06 , 44.76 , 2.300003
38.411 , 47.01 , 44.75 , 2.259998
38.412 , 47.01 , 44.75 , 2.259998
38.414 , 47.06 , 44.74 , 2.32
38.415 , 47.01 , 44.74 , 2.269997
38.417 , 46.99 , 44.73 , 2.260002
38.418 , 46.99 , 44.73 , 2.260002
38.42 , 46.99 , 44.72 , 2.27
38.422 , 46.99 , 44.72 , 2.27
38.423 , 46.99 , 44.72 , 2.27
38.425 , 46.99 , 44.71 , 2.280003
38.426 , 46.94 , 44.71 , 2.23
38.428 , 46.99 , 44.7 , 2.290001
38.429 , 46.94 , 44.7 , 2.239998
38.431 , 46.94 , 44.69 , 2.25
38.433 , 46.94 , 44.69 , 2.25
38.434 , 46.94 , 44.68 , 2.259998
38.436 , 46.92 , 44.68 , 2.239998
38.437 , 46.94 , 44.67 , 2.27
38.439 , 46.94 , 44.67 , 2.27
38.441 , 46.92 , 44.66 , 2.259998
38.442 , 46.92 , 44.66 , 2.259998
38.444 , 46.92 , 44.65 , 2.269997
38.445 , 46.9 , 44.65 , 2.25
38.447 , 46.85 , 44.64 , 2.209999
38.449 , 46.9 , 44.64 , 2.260002
38.45 , 46.9 , 44.63 , 2.27
38.452 , 46.85 , 44.63 , 2.219997
38.453 , 46.85 , 44.63 , 2.219997
38.455 , 46.85 , 44.62 , 2.23
38.457 , 46.85 , 44.61 , 2.239998
38.458 , 46.83 , 44.61 , 2.220001
38.46 , 46.83 , 44.6 , 2.230003
38.461 , 46.83 , 44.6 , 2.230003
38.463 , 46.83 , 44.6 , 2.230003
38.464 , 46.78 , 44.59 , 2.189999
38.466 , 46.78 , 44.59 , 2.189999
38.468 , 46.83 , 44.58 , 2.25
38.469 , 46.78 , 44.58 , 2.199997
38.471 , 46.78 , 44.57 , 2.209999
38.472 , 46.76 , 44.57 , 2.189999
38.474 , 46.76 , 44.56 , 2.199997
38.476 , 46.78 , 44.56 , 2.219997
38.477 , 46.76 , 44.55 , 2.209999
38.479 , 46.76 , 44.55 , 2.209999
38.481 , 46.72 , 44.54 , 2.18
38.482 , 46.72 , 44.54 , 2.18
38.484 , 46.72 , 44.53 , 2.190002
38.485 , 46.69 , 44.53 , 2.16
38.487 , 46.69 , 44.52 , 2.169998
38.488 , 46.69 , 44.52 , 2.169998
38.49 , 46.69 , 44.51 , 2.18
38.492 , 46.72 , 44.51 , 2.210003
38.493 , 46.72 , 44.51 , 2.210003
38.495 , 46.67 , 44.5 , 2.169998
38.496 , 46.67 , 44.5 , 2.169998
38.498 , 46.67 , 44.49 , 2.179996
38.5 , 46.67 , 44.48 , 2.189999
38.501 , 46.67 , 44.48 , 2.189999
38.503 , 46.62 , 44.48 , 2.139999
38.505 , 46.62 , 44.47 , 2.149998
38.506 , 46.62 , 44.47 , 2.149998
38.508 , 46.62 , 44.46 , 2.16
38.509 , 46.6 , 44.46 , 2.139999
38.511 , 46.6 , 44.45 , 2.149998
38.513 , 46.62 , 44.45 , 2.169998
38.514 , 46.62 , 44.44 , 2.18
38.516 , 46.6 , 44.44 , 2.16
38.518 , 46.6 , 44.43 , 2.169998
38.519 , 46.6 , 44.43 , 2.169998
38.521 , 46.6 , 44.42 , 2.18
38.522 , 46.56 , 44.42 , 2.140003
38.524 , 46.56 , 44.41 , 2.150002
38.526 , 46.56 , 44.41 , 2.150002
38.527 , 46.56 , 44.4 , 2.16
38.529 , 46.53 , 44.4 , 2.129997
38.53 , 46.56 , 44.4 , 2.16
38.532 , 46.53 , 44.39 , 2.139999
38.533 , 46.53 , 44.39 , 2.139999
38.535 , 46.56 , 44.38 , 2.18
38.537 , 46.6 , 44.37 , 2.23
38.538 , 46.56 , 44.37 , 2.190002
38.54 , 46.53 , 44.37 , 2.16
38.541 , 46.56 , 44.36 , 2.200001
38.543 , 46.51 , 44.36 , 2.149998
38.545 , 46.53 , 44.35 , 2.18
38.546 , 46.53 , 44.35 , 2.18
38.548 , 46.51 , 44.34 , 2.169998
38.549 , 46.53 , 44.34 , 2.189999
38.551 , 46.53 , 44.33 , 2.199997
38.553 , 46.53 , 44.33 , 2.199997
38.554 , 46.53 , 44.32 , 2.209999
38.556 , 46.53 , 44.32 , 2.209999
38.558 , 46.53 , 44.31 , 2.219997
38.559 , 46.53 , 44.31 , 2.219997
38.561 , 46.53 , 44.3 , 2.23
38.562 , 46.53 , 44.3 , 2.23
38.564 , 46.51 , 44.29 , 2.219997
38.566 , 46.46 , 44.29 , 2.169998
38.567 , 46.51 , 44.28 , 2.23
38.569 , 46.51 , 44.28 , 2.23
38.571 , 46.51 , 44.27 , 2.239998
38.572 , 46.46 , 44.27 , 2.189999
38.574 , 46.51 , 44.26 , 2.25
38.575 , 46.46 , 44.26 , 2.200001
38.577 , 46.46 , 44.25 , 2.209999
38.579 , 46.46 , 44.25 , 2.209999
38.58 , 46.46 , 44.25 , 2.209999
38.582 , 46.44 , 44.24 , 2.199997
38.583 , 46.46 , 44.24 , 2.219997
38.585 , 46.44 , 44.23 , 2.209999
38.587 , 46.46 , 44.22 , 2.239998
38.588 , 46.4 , 44.22 , 2.18
38.59 , 46.46 , 44.22 , 2.239998
38.591 , 46.44 , 44.21 , 2.23
38.593 , 46.44 , 44.21 , 2.23
38.595 , 46.44 , 44.2 , 2.239998
38.596 , 46.44 , 44.2 , 2.239998
38.598 , 46.46 , 44.19 , 2.27
38.599 , 46.44 , 44.19 , 2.25
38.601 , 46.44 , 44.18 , 2.259998
38.603 , 46.37 , 44.18 , 2.189999
38.604 , 46.44 , 44.17 , 2.27
38.606 , 46.37 , 44.17 , 2.200001
38.607 , 46.4 , 44.17 , 2.230003
38.609 , 46.37 , 44.16 , 2.209999
38.611 , 46.37 , 44.15 , 2.219997
38.612 , 46.37 , 44.15 , 2.219997
38.614 , 46.35 , 44.14 , 2.209999
38.615 , 46.37 , 44.14 , 2.23
38.617 , 46.37 , 44.14 , 2.23
38.619 , 46.37 , 44.13 , 2.239998
38.62 , 46.35 , 44.13 , 2.219997
38.622 , 46.35 , 44.12 , 2.23
38.624 , 46.35 , 44.11 , 2.239998
38.625 , 46.35 , 44.11 , 2.239998
38.627 , 46.35 , 44.11 , 2.239998
38.628 , 46.35 , 44.1 , 2.25
38.63 , 46.28 , 44.1 , 2.18
38.631 , 46.35 , 44.09 , 2.259998
38.633 , 46.28 , 44.09 , 2.189999
38.635 , 46.3 , 44.08 , 2.219997
38.636 , 46.28 , 44.08 , 2.199997
38.638 , 46.28 , 44.07 , 2.209999
38.64 , 46.28 , 44.07 , 2.209999
38.641 , 46.28 , 44.06 , 2.219997
38.651 , 46.17 , 44.03 , 2.139999
38.653 , 46.21 , 44.03 , 2.18
38.654 , 46.21 , 44.02 , 2.189999
38.656 , 46.17 , 44.02 , 2.149998
38.658 , 46.17 , 44.01 , 2.16
38.659 , 46.17 , 44.01 , 2.16
38.661 , 46.14 , 44.0 , 2.139999
38.663 , 46.17 , 44.0 , 2.169998
38.664 , 46.14 , 43.99 , 2.149998
38.666 , 46.14 , 43.99 , 2.149998
38.667 , 46.14 , 43.99 , 2.149998
38.669 , 46.14 , 43.98 , 2.16
38.671 , 46.12 , 43.97 , 2.149998
38.672 , 46.14 , 43.97 , 2.169998
38.674 , 46.14 , 43.96 , 2.18
38.675 , 46.14 , 43.96 , 2.18
38.677 , 46.07 , 43.96 , 2.110001
38.679 , 46.12 , 43.95 , 2.169998
38.68 , 46.12 , 43.95 , 2.169998
38.682 , 46.12 , 43.94 , 2.18
38.684 , 46.07 , 43.93 , 2.139999
38.685 , 46.07 , 43.93 , 2.139999
38.687 , 46.07 , 43.93 , 2.139999
38.688 , 46.07 , 43.92 , 2.150002
38.69 , 46.05 , 43.92 , 2.130001
38.692 , 46.07 , 43.91 , 2.16
38.693 , 46.07 , 43.91 , 2.16
38.695 , 46.01 , 43.9 , 2.109997
38.697 , 46.05 , 43.9 , 2.149998
38.698 , 46.01 , 43.89 , 2.119999
38.7 , 46.01 , 43.89 , 2.119999
38.701 , 46.01 , 43.88 , 2.129997
38.703 , 45.96 , 43.88 , 2.079998
38.705 , 45.96 , 43.87 , 2.09
38.706 , 45.96 , 43.87 , 2.09
38.708 , 45.96 , 43.86 , 2.099998
38.71 , 45.96 , 43.86 , 2.099998
38.711 , 45.91 , 43.85 , 2.060001
38.713 , 45.91 , 43.85 , 2.060001
38.714 , 45.96 , 43.85 , 2.110001
38.716 , 45.91 , 43.84 , 2.07
38.718 , 45.89 , 43.83 , 2.059998
38.719 , 45.91 , 43.83 , 2.079998
38.721 , 45.91 , 43.82 , 2.09
38.722 , 45.91 , 43.82 , 2.09
38.724 , 45.89 , 43.82 , 2.07
38.726 , 45.85 , 43.81 , 2.039997
38.727 , 45.89 , 43.81 , 2.079998
38.729 , 45.85 , 43.8 , 2.049999
38.73 , 45.85 , 43.8 , 2.049999
38.732 , 45.85 , 43.79 , 2.059998
38.734 , 45.85 , 43.79 , 2.059998
38.735 , 45.85 , 43.78 , 2.07
38.737 , 45.82 , 43.78 , 2.040001
38.739 , 45.82 , 43.77 , 2.049999
38.74 , 45.85 , 43.77 , 2.079998
38.742 , 45.82 , 43.76 , 2.060001
38.743 , 45.78 , 43.76 , 2.02
38.745 , 45.82 , 43.75 , 2.07
38.747 , 45.82 , 43.75 , 2.07
38.748 , 45.78 , 43.74 , 2.039997
38.75 , 45.78 , 43.74 , 2.039997
38.752 , 45.82 , 43.73 , 2.09
38.753 , 45.78 , 43.73 , 2.049999
38.755 , 45.78 , 43.72 , 2.059998
38.756 , 45.75 , 43.72 , 2.029999
38.758 , 45.75 , 43.71 , 2.040001
38.76 , 45.75 , 43.71 , 2.040001
38.761 , 45.78 , 43.7 , 2.079998
38.763 , 45.75 , 43.7 , 2.049999
38.764 , 45.75 , 43.7 , 2.049999
38.766 , 45.75 , 43.69 , 2.060001
38.767 , 45.73 , 43.69 , 2.040001
38.769 , 45.73 , 43.68 , 2.049999
38.771 , 45.73 , 43.67 , 2.060001
38.772 , 45.75 , 43.67 , 2.080002
38.774 , 45.73 , 43.67 , 2.060001
38.775 , 45.69 , 43.66 , 2.029999
38.777 , 45.69 , 43.66 , 2.029999
38.779 , 45.69 , 43.65 , 2.039997
38.78 , 45.73 , 43.65 , 2.079998
38.782 , 45.73 , 43.64 , 2.09
38.784 , 45.69 , 43.64 , 2.049999
38.785 , 45.66 , 43.63 , 2.029999
38.787 , 45.66 , 43.63 , 2.029999
38.789 , 45.66 , 43.62 , 2.040001
38.79 , 45.69 , 43.62 , 2.07
38.792 , 45.69 , 43.61 , 2.079998
38.793 , 45.66 , 43.61 , 2.049999
38.795 , 45.69 , 43.6 , 2.09
38.797 , 45.69 , 43.6 , 2.09
38.798 , 45.66 , 43.59 , 2.07
38.8 , 45.66 , 43.59 , 2.07
38.802 , 45.62 , 43.58 , 2.039997
38.803 , 45.66 , 43.58 , 2.079998
38.805 , 45.66 , 43.57 , 2.09
38.806 , 45.66 , 43.57 , 2.09
38.808 , 45.66 , 43.56 , 2.099998
38.81 , 45.66 , 43.56 , 2.099998
38.811 , 45.66 , 43.56 , 2.099998
38.813 , 45.66 , 43.55 , 2.110001
38.814 , 45.66 , 43.55 , 2.110001
38.816 , 45.62 , 43.54 , 2.079998
38.818 , 45.66 , 43.53 , 2.130001
38.819 , 45.62 , 43.53 , 2.09
38.821 , 45.62 , 43.53 , 2.09
38.822 , 45.62 , 43.52 , 2.099998
38.824 , 45.59 , 43.52 , 2.07
38.826 , 45.62 , 43.51 , 2.110001
38.827 , 45.62 , 43.51 , 2.110001
38.829 , 45.62 , 43.5 , 2.119999
38.83 , 45.59 , 43.5 , 2.09
38.832 , 45.59 , 43.49 , 2.099998
38.833 , 45.59 , 43.49 , 2.099998
38.835 , 45.57 , 43.48 , 2.09
38.837 , 45.59 , 43.48 , 2.110001
38.838 , 45.62 , 43.47 , 2.149998
38.84 , 45.59 , 43.47 , 2.119999
38.841 , 45.59 , 43.47 , 2.119999
38.843 , 45.59 , 43.46 , 2.130001
38.844 , 45.57 , 43.46 , 2.110001
38.846 , 45.57 , 43.45 , 2.119999
38.848 , 45.53 , 43.44 , 2.09
38.849 , 45.57 , 43.44 , 2.130001
38.851 , 45.57 , 43.44 , 2.130001
38.852 , 45.57 , 43.43 , 2.139999
38.854 , 45.57 , 43.43 , 2.139999
38.856 , 45.53 , 43.42 , 2.110001
38.857 , 45.53 , 43.42 , 2.110001
38.859 , 45.57 , 43.41 , 2.16
38.86 , 45.53 , 43.41 , 2.119999
38.862 , 45.5 , 43.4 , 2.099998
38.864 , 45.5 , 43.4 , 2.099998
38.865 , 45.5 , 43.39 , 2.110001
38.867 , 45.5 , 43.39 , 2.110001
38.868 , 45.5 , 43.38 , 2.119999
38.87 , 45.5 , 43.38 , 2.119999
38.871 , 45.5 , 43.38 , 2.119999
38.873 , 45.46 , 43.37 , 2.09
38.875 , 45.5 , 43.36 , 2.139999
38.876 , 45.5 , 43.36 , 2.139999
38.878 , 45.43 , 43.35 , 2.080002
38.879 , 45.46 , 43.35 , 2.110001
38.881 , 45.46 , 43.35 , 2.110001
38.882 , 45.46 , 43.34 , 2.119999
38.884 , 45.43 , 43.34 , 2.09
38.886 , 45.43 , 43.33 , 2.099998
38.887 , 45.41 , 43.33 , 2.079998
38.889 , 45.41 , 43.32 , 2.09
38.89 , 45.41 , 43.32 , 2.09
38.892 , 45.43 , 43.31 , 2.119999
38.894 , 45.41 , 43.31 , 2.099998
38.895 , 45.41 , 43.3 , 2.110001
38.897 , 45.41 , 43.3 , 2.110001
38.898 , 45.41 , 43.29 , 2.119999
38.9 , 45.43 , 43.29 , 2.139999
38.902 , 45.37 , 43.28 , 2.09
38.903 , 45.41 , 43.28 , 2.130001
38.905 , 45.41 , 43.27 , 2.139999
38.906 , 45.37 , 43.27 , 2.099998
38.908 , 45.41 , 43.27 , 2.139999
38.91 , 45.34 , 43.26 , 2.080002
38.911 , 45.3 , 43.26 , 2.040001
38.913 , 45.34 , 43.25 , 2.09
38.914 , 45.34 , 43.25 , 2.09
38.916 , 45.3 , 43.24 , 2.059998
38.917 , 45.3 , 43.24 , 2.059998
38.919 , 45.34 , 43.23 , 2.110001
38.921 , 45.3 , 43.23 , 2.07
38.922 , 45.3 , 43.22 , 2.079998
38.924 , 45.27 , 43.22 , 2.049999
38.925 , 45.27 , 43.21 , 2.060001
38.927 , 45.27 , 43.21 , 2.060001
38.928 , 45.27 , 43.21 , 2.060001
38.93 , 45.27 , 43.2 , 2.07
38.932 , 45.27 , 43.19 , 2.080002
38.933 , 45.27 , 43.19 , 2.080002
38.935 , 45.27 , 43.18 , 2.09
38.936 , 45.23 , 43.18 , 2.049999
38.938 , 45.27 , 43.18 , 2.09
38.939 , 45.27 , 43.17 , 2.100002
38.941 , 45.23 , 43.17 , 2.060001
38.942 , 45.18 , 43.16 , 2.02
38.944 , 45.2 , 43.16 , 2.040001
38.945 , 45.27 , 43.15 , 2.119999
38.947 , 45.23 , 43.15 , 2.079998
38.949 , 45.18 , 43.14 , 2.040001
38.95 , 45.23 , 43.14 , 2.09
38.952 , 45.23 , 43.13 , 2.099998
38.953 , 45.23 , 43.13 , 2.099998
38.955 , 45.23 , 43.12 , 2.110001
38.957 , 45.14 , 43.12 , 2.02
38.958 , 45.18 , 43.12 , 2.060001
38.96 , 45.18 , 43.11 , 2.07
38.961 , 45.18 , 43.11 , 2.07
38.963 , 45.14 , 43.1 , 2.040001
38.964 , 45.14 , 43.1 , 2.040001
38.966 , 45.14 , 43.09 , 2.049999
38.968 , 45.14 , 43.09 , 2.049999
38.969 , 45.11 , 43.08 , 2.029999
38.971 , 45.11 , 43.08 , 2.029999
38.972 , 45.14 , 43.07 , 2.07
38.974 , 45.11 , 43.07 , 2.040001
38.976 , 45.14 , 43.06 , 2.079998
38.977 , 45.11 , 43.06 , 2.049999
38.979 , 45.11 , 43.05 , 2.060001
38.98 , 45.11 , 43.05 , 2.060001
38.982 , 45.11 , 43.04 , 2.07
38.983 , 45.07 , 43.04 , 2.029999
38.985 , 45.07 , 43.03 , 2.040001
38.986 , 45.07 , 43.03 , 2.040001
38.988 , 45.07 , 43.03 , 2.040001
38.99 , 45.04 , 43.02 , 2.02
38.991 , 45.04 , 43.02 , 2.02
38.993 , 45.04 , 43.01 , 2.030003
38.994 , 45.02 , 43.01 , 2.010002
38.996 , 45.02 , 43.0 , 2.02
38.997 , 45.02 , 43.0 , 2.02
38.999 , 45.04 , 42.99 , 2.049999
39.0 , 45.02 , 42.99 , 2.029999
39.002 , 44.98 , 42.98 , 2.0
39.003 , 45.02 , 42.98 , 2.040001
39.005 , 44.98 , 42.98 , 2.0
39.007 , 44.98 , 42.97 , 2.009998
39.008 , 44.98 , 42.97 , 2.009998
39.01 , 44.95 , 42.96 , 1.990002
39.011 , 44.95 , 42.96 , 1.990002
39.013 , 45.02 , 42.95 , 2.07
39.014 , 44.98 , 42.95 , 2.029999
39.016 , 45.02 , 42.94 , 2.080002
39.018 , 44.98 , 42.94 , 2.040001
39.019 , 44.98 , 42.93 , 2.049999
39.021 , 45.02 , 42.93 , 2.09
39.022 , 44.95 , 42.92 , 2.030003
39.024 , 44.95 , 42.92 , 2.030003
39.025 , 44.91 , 42.92 , 1.990002
39.027 , 44.95 , 42.91 , 2.040001
39.029 , 44.91 , 42.9 , 2.009998
39.03 , 44.95 , 42.9 , 2.049999
39.032 , 44.91 , 42.89 , 2.02
39.033 , 44.91 , 42.89 , 2.02
39.035 , 44.91 , 42.89 , 2.02
39.037 , 44.91 , 42.88 , 2.029999
39.038 , 44.91 , 42.88 , 2.029999
39.04 , 44.91 , 42.87 , 2.040001
39.041 , 44.88 , 42.87 , 2.010002
39.043 , 44.91 , 42.86 , 2.049999
39.045 , 44.88 , 42.86 , 2.02
39.046 , 44.88 , 42.85 , 2.030003
39.048 , 44.88 , 42.85 , 2.030003
39.049 , 44.88 , 42.84 , 2.040001
39.051 , 44.86 , 42.84 , 2.02
39.052 , 44.88 , 42.83 , 2.049999
39.054 , 44.82 , 42.83 , 1.989998
39.055 , 44.86 , 42.83 , 2.029999
39.057 , 44.86 , 42.82 , 2.040001
39.058 , 44.86 , 42.82 , 2.040001
39.06 , 44.86 , 42.81 , 2.049999
39.062 , 44.86 , 42.8 , 2.060001
39.063 , 44.86 , 42.8 , 2.060001
39.065 , 44.86 , 42.8 , 2.060001
39.066 , 44.82 , 42.79 , 2.029999
39.068 , 44.82 , 42.79 , 2.029999
39.07 , 44.82 , 42.78 , 2.040001
39.071 , 44.82 , 42.78 , 2.040001
39.073 , 44.82 , 42.77 , 2.049999
39.074 , 44.82 , 42.77 , 2.049999
39.076 , 44.82 , 42.76 , 2.060001
39.078 , 44.82 , 42.76 , 2.060001
39.079 , 44.82 , 42.75 , 2.07
39.081 , 44.79 , 42.75 , 2.040001
39.082 , 44.79 , 42.74 , 2.049999
39.084 , 44.79 , 42.74 , 2.049999
39.085 , 44.79 , 42.74 , 2.049999
39.087 , 44.79 , 42.73 , 2.060001
39.089 , 44.79 , 42.72 , 2.07
39.09 , 44.82 , 42.72 , 2.099998
39.092 , 44.82 , 42.71 , 2.110001
39.093 , 44.82 , 42.71 , 2.110001
39.095 , 44.88 , 42.71 , 2.170002
39.096 , 44.86 , 42.7 , 2.16
39.098 , 44.86 , 42.7 , 2.16
39.1 , 44.88 , 42.69 , 2.190002
39.101 , 44.88 , 42.69 , 2.190002
39.103 , 44.88 , 42.68 , 2.200001
39.104 , 44.86 , 42.68 , 2.18
39.106 , 44.88 , 42.67 , 2.210003
39.107 , 44.88 , 42.67 , 2.210003
39.109 , 44.88 , 42.66 , 2.220001
39.11 , 44.88 , 42.66 , 2.220001
39.112 , 44.88 , 42.66 , 2.220001
39.113 , 44.88 , 42.65 , 2.23
39.115 , 44.86 , 42.65 , 2.209999
39.117 , 44.88 , 42.64 , 2.240002
39.118 , 44.88 , 42.64 , 2.240002
39.12 , 44.88 , 42.63 , 2.25
39.121 , 44.88 , 42.63 , 2.25
39.123 , 44.88 , 42.62 , 2.260002
39.124 , 44.88 , 42.62 , 2.260002
39.126 , 44.91 , 42.61 , 2.299999
39.127 , 44.88 , 42.61 , 2.27
39.129 , 44.91 , 42.6 , 2.310001
39.13 , 44.88 , 42.6 , 2.280003
39.132 , 44.88 , 42.6 , 2.280003
39.134 , 44.86 , 42.59 , 2.27
39.135 , 44.88 , 42.59 , 2.290001
39.137 , 44.86 , 42.58 , 2.279999
39.138 , 44.88 , 42.58 , 2.299999
39.14 , 44.88 , 42.57 , 2.310001
39.141 , 44.88 , 42.57 , 2.310001
39.143 , 44.88 , 42.56 , 2.32
39.144 , 44.91 , 42.56 , 2.349998
39.146 , 44.88 , 42.55 , 2.330002
39.148 , 44.88 , 42.55 , 2.330002
39.149 , 44.88 , 42.54 , 2.34
39.151 , 44.86 , 42.54 , 2.32
39.152 , 44.82 , 42.54 , 2.279999
39.154 , 44.86 , 42.53 , 2.330002
39.155 , 44.86 , 42.53 , 2.330002
39.157 , 44.79 , 42.52 , 2.27
39.158 , 44.86 , 42.52 , 2.34
39.16 , 44.82 , 42.51 , 2.310001
39.162 , 44.79 , 42.51 , 2.280003
39.163 , 44.79 , 42.5 , 2.290001
39.165 , 44.68 , 42.5 , 2.18
39.166 , 44.72 , 42.49 , 2.23
39.168 , 44.66 , 42.49 , 2.169998
39.169 , 44.68 , 42.48 , 2.200001
39.171 , 44.66 , 42.48 , 2.18
39.172 , 44.66 , 42.48 , 2.18
39.174 , 44.63 , 42.47 , 2.16
39.176 , 44.63 , 42.46 , 2.170002
39.177 , 44.66 , 42.46 , 2.200001
39.179 , 44.66 , 42.45 , 2.209999
39.18 , 44.66 , 42.45 , 2.209999
39.182 , 44.66 , 42.45 , 2.209999
39.184 , 44.63 , 42.44 , 2.190002
39.185 , 44.59 , 42.44 , 2.150002
39.187 , 44.56 , 42.43 , 2.130001
39.188 , 44.56 , 42.43 , 2.130001
39.19 , 44.56 , 42.42 , 2.140003
39.191 , 44.56 , 42.42 , 2.140003
39.193 , 44.52 , 42.41 , 2.110001
39.194 , 44.56 , 42.41 , 2.150002
39.196 , 44.52 , 42.4 , 2.119999
39.198 , 44.52 , 42.4 , 2.119999
39.199 , 44.5 , 42.39 , 2.110001
39.201 , 44.5 , 42.39 , 2.110001
39.202 , 44.5 , 42.39 , 2.110001
39.204 , 44.43 , 42.38 , 2.049999
39.205 , 44.47 , 42.38 , 2.09
39.207 , 44.47 , 42.37 , 2.100002
39.208 , 44.4 , 42.37 , 2.030003
39.21 , 44.43 , 42.36 , 2.07
39.211 , 44.43 , 42.36 , 2.07
39.213 , 44.4 , 42.35 , 2.050003
39.214 , 44.4 , 42.35 , 2.050003
39.216 , 44.4 , 42.34 , 2.060001
39.217 , 44.4 , 42.34 , 2.060001
39.219 , 44.43 , 42.34 , 2.09
39.22 , 44.43 , 42.33 , 2.099998
39.222 , 44.43 , 42.33 , 2.099998
39.223 , 44.47 , 42.32 , 2.150002
39.225 , 44.47 , 42.32 , 2.150002
39.227 , 44.43 , 42.31 , 2.119999
39.228 , 44.4 , 42.31 , 2.09
39.23 , 44.4 , 42.3 , 2.100002
39.231 , 44.4 , 42.3 , 2.100002
39.233 , 44.36 , 42.29 , 2.07
39.234 , 44.36 , 42.29 , 2.07
39.236 , 44.4 , 42.28 , 2.120003
39.237 , 44.4 , 42.28 , 2.120003
39.239 , 44.4 , 42.28 , 2.120003
39.24 , 44.36 , 42.27 , 2.09
39.242 , 44.34 , 42.27 , 2.07
39.243 , 44.36 , 42.26 , 2.100002
39.245 , 44.34 , 42.26 , 2.080002
39.246 , 44.34 , 42.25 , 2.09
39.248 , 44.29 , 42.25 , 2.040001
39.249 , 44.29 , 42.25 , 2.040001
39.251 , 44.34 , 42.24 , 2.099998
39.253 , 44.29 , 42.23 , 2.060001
39.254 , 44.29 , 42.23 , 2.060001
39.256 , 44.29 , 42.22 , 2.07
39.257 , 44.27 , 42.22 , 2.049999
39.259 , 44.27 , 42.22 , 2.049999
39.26 , 44.24 , 42.21 , 2.030003
39.262 , 44.29 , 42.21 , 2.080002
39.263 , 44.27 , 42.2 , 2.07
39.265 , 44.24 , 42.2 , 2.040001
39.266 , 44.24 , 42.19 , 2.050003
39.268 , 44.24 , 42.19 , 2.050003
39.269 , 44.27 , 42.19 , 2.080002
39.271 , 44.24 , 42.18 , 2.060001
39.273 , 44.2 , 42.17 , 2.030003
39.274 , 44.2 , 42.17 , 2.030003
39.276 , 44.2 , 42.16 , 2.040001
39.277 , 44.24 , 42.16 , 2.080002
39.279 , 44.17 , 42.16 , 2.009998
39.28 , 44.17 , 42.15 , 2.019997
39.282 , 44.17 , 42.15 , 2.019997
39.284 , 44.13 , 42.14 , 1.990002
39.285 , 44.13 , 42.14 , 1.990002
39.287 , 44.17 , 42.13 , 2.039997
39.288 , 44.13 , 42.13 , 2.0
39.29 , 44.13 , 42.12 , 2.010002
39.291 , 44.11 , 42.12 , 1.990002
39.293 , 44.11 , 42.11 , 2.0
39.294 , 44.11 , 42.11 , 2.0
39.296 , 44.11 , 42.1 , 2.010002
39.297 , 44.11 , 42.1 , 2.010002
39.299 , 44.11 , 42.1 , 2.010002
39.3 , 44.11 , 42.09 , 2.02
39.302 , 44.08 , 42.09 , 1.990002
39.303 , 44.08 , 42.08 , 2.0
39.305 , 44.08 , 42.08 , 2.0
39.306 , 44.08 , 42.08 , 2.0
39.308 , 44.08 , 42.07 , 2.010002
39.309 , 44.08 , 42.07 , 2.010002
39.311 , 44.04 , 42.06 , 1.98
39.313 , 44.04 , 42.05 , 1.990002
39.314 , 44.04 , 42.05 , 1.990002
39.316 , 44.01 , 42.05 , 1.959999
39.317 , 44.01 , 42.04 , 1.969997
39.319 , 44.01 , 42.04 , 1.969997
39.32 , 44.01 , 42.03 , 1.98
39.322 , 43.97 , 42.03 , 1.940002
39.324 , 43.97 , 42.02 , 1.950001
39.325 , 43.95 , 42.02 , 1.93
39.327 , 43.92 , 42.01 , 1.91
39.337 , 43.92 , 41.98 , 1.939999
39.338 , 43.92 , 41.98 , 1.939999
39.34 , 43.92 , 41.97 , 1.949997
39.341 , 43.92 , 41.97 , 1.949997
39.343 , 43.88 , 41.96 , 1.920002
39.345 , 43.88 , 41.96 , 1.920002
39.346 , 43.88 , 41.96 , 1.920002
39.348 , 43.85 , 41.95 , 1.899998
39.349 , 43.92 , 41.95 , 1.969997
39.351 , 43.88 , 41.94 , 1.940002
39.353 , 43.88 , 41.93 , 1.950001
39.354 , 43.88 , 41.93 , 1.950001
39.356 , 43.92 , 41.93 , 1.989998
39.357 , 43.85 , 41.92 , 1.93
39.359 , 43.85 , 41.92 , 1.93
39.361 , 43.88 , 41.91 , 1.970001
39.362 , 43.85 , 41.91 , 1.939999
39.364 , 43.85 , 41.9 , 1.949997
39.365 , 43.81 , 41.9 , 1.91
39.367 , 43.85 , 41.89 , 1.959999
39.369 , 43.85 , 41.89 , 1.959999
39.37 , 43.85 , 41.88 , 1.969997
39.372 , 43.85 , 41.88 , 1.969997
39.374 , 43.85 , 41.87 , 1.98
39.375 , 43.85 , 41.87 , 1.98
39.377 , 43.85 , 41.86 , 1.989998
39.379 , 43.85 , 41.86 , 1.989998
39.38 , 43.85 , 41.85 , 2.0
39.382 , 43.85 , 41.85 , 2.0
39.383 , 43.85 , 41.84 , 2.009998
39.385 , 43.81 , 41.84 , 1.970001
39.387 , 43.81 , 41.83 , 1.98
39.388 , 43.85 , 41.83 , 2.019997
39.39 , 43.85 , 41.82 , 2.029999
39.391 , 43.81 , 41.82 , 1.990002
39.393 , 43.81 , 41.81 , 2.0
39.394 , 43.81 , 41.81 , 2.0
39.396 , 43.85 , 41.81 , 2.039997
39.397 , 43.79 , 41.8 , 1.990002
39.399 , 43.81 , 41.8 , 2.010002
39.401 , 43.79 , 41.79 , 2.0
39.402 , 43.81 , 41.79 , 2.02
39.404 , 43.79 , 41.78 , 2.010002
39.405 , 43.79 , 41.78 , 2.010002
39.407 , 43.74 , 41.77 , 1.970001
39.408 , 43.79 , 41.77 , 2.02
39.41 , 43.74 , 41.76 , 1.980003
39.411 , 43.74 , 41.76 , 1.980003
39.413 , 43.74 , 41.76 , 1.980003
39.415 , 43.74 , 41.75 , 1.990002
39.416 , 43.74 , 41.75 , 1.990002
39.418 , 43.72 , 41.74 , 1.98
39.419 , 43.72 , 41.74 , 1.98
39.421 , 43.72 , 41.73 , 1.990002
39.422 , 43.72 , 41.73 , 1.990002
39.424 , 43.69 , 41.72 , 1.969997
39.425 , 43.74 , 41.72 , 2.02
39.427 , 43.72 , 41.71 , 2.010002
39.428 , 43.72 , 41.71 , 2.010002
39.43 , 43.72 , 41.7 , 2.02
39.431 , 43.72 , 41.7 , 2.02
39.433 , 43.72 , 41.7 , 2.02
39.435 , 43.72 , 41.69 , 2.030003
39.436 , 43.69 , 41.69 , 2.0
39.438 , 43.69 , 41.68 , 2.009998
39.439 , 43.69 , 41.68 , 2.009998
39.441 , 43.69 , 41.67 , 2.02
39.442 , 43.65 , 41.67 , 1.980003
39.444 , 43.69 , 41.66 , 2.029999
39.446 , 43.69 , 41.66 , 2.029999
39.447 , 43.65 , 41.65 , 2.0
39.449 , 43.72 , 41.65 , 2.07
39.45 , 43.69 , 41.64 , 2.049999
39.452 , 43.69 , 41.64 , 2.049999
39.454 , 43.72 , 41.63 , 2.09
39.455 , 43.65 , 41.63 , 2.02
39.457 , 43.69 , 41.62 , 2.07
39.458 , 43.69 , 41.62 , 2.07
39.46 , 43.72 , 41.61 , 2.110001
39.462 , 43.69 , 41.61 , 2.079998
39.463 , 43.69 , 41.61 , 2.079998
39.465 , 43.69 , 41.6 , 2.09
39.466 , 43.69 , 41.6 , 2.09
39.468 , 43.72 , 41.59 , 2.130001
39.469 , 43.72 , 41.59 , 2.130001
39.471 , 43.72 , 41.58 , 2.139999
39.472 , 43.72 , 41.58 , 2.139999
39.474 , 43.72 , 41.57 , 2.150002
39.476 , 43.72 , 41.57 , 2.150002
39.477 , 43.72 , 41.56 , 2.16
39.479 , 43.69 , 41.56 , 2.129997
39.48 , 43.69 , 41.55 , 2.139999
39.482 , 43.69 , 41.55 , 2.139999
39.484 , 43.69 , 41.54 , 2.149998
39.485 , 43.69 , 41.54 , 2.149998
39.487 , 43.69 , 41.53 , 2.16
39.488 , 43.72 , 41.53 , 2.190002
39.49 , 43.69 , 41.52 , 2.169998
39.492 , 43.69 , 41.52 , 2.169998
39.493 , 43.65 , 41.52 , 2.130001
39.495 , 43.69 , 41.51 , 2.18
39.496 , 43.65 , 41.51 , 2.140003
39.498 , 43.69 , 41.5 , 2.189999
39.499 , 43.65 , 41.5 , 2.150002
39.501 , 43.65 , 41.49 , 2.16
39.503 , 43.65 , 41.49 , 2.16
39.504 , 43.63 , 41.48 , 2.150002
39.506 , 43.63 , 41.48 , 2.150002
39.507 , 43.65 , 41.47 , 2.18
39.509 , 43.65 , 41.47 , 2.18
39.51 , 43.63 , 41.47 , 2.16
39.512 , 43.58 , 41.46 , 2.120003
39.513 , 43.56 , 41.46 , 2.100002
39.515 , 43.58 , 41.45 , 2.130001
39.516 , 43.63 , 41.45 , 2.18
39.518 , 43.58 , 41.44 , 2.140003
39.519 , 43.58 , 41.44 , 2.140003
39.521 , 43.56 , 41.43 , 2.130001
39.522 , 43.58 , 41.43 , 2.150002
39.524 , 43.53 , 41.42 , 2.110001
39.526 , 43.56 , 41.42 , 2.140003
39.527 , 43.53 , 41.41 , 2.119999
39.529 , 43.56 , 41.41 , 2.150002
39.53 , 43.56 , 41.41 , 2.150002
39.532 , 43.53 , 41.4 , 2.129997
39.533 , 43.53 , 41.4 , 2.129997
39.535 , 43.49 , 41.39 , 2.100002
39.537 , 43.53 , 41.38 , 2.149998
39.538 , 43.49 , 41.38 , 2.110001
39.54 , 43.49 , 41.38 , 2.110001
39.541 , 43.49 , 41.37 , 2.120003
39.543 , 43.47 , 41.37 , 2.100002
39.544 , 43.49 , 41.36 , 2.130001
39.546 , 43.47 , 41.36 , 2.110001
39.547 , 43.49 , 41.35 , 2.140003
39.549 , 43.47 , 41.35 , 2.120003
39.55 , 43.47 , 41.35 , 2.120003
39.552 , 43.42 , 41.34 , 2.079998
39.554 , 43.47 , 41.33 , 2.139999
39.555 , 43.42 , 41.33 , 2.089996
39.557 , 43.42 , 41.32 , 2.099998
39.558 , 43.47 , 41.32 , 2.150002
39.56 , 43.42 , 41.32 , 2.099998
39.561 , 43.42 , 41.31 , 2.109997
39.563 , 43.42 , 41.31 , 2.109997
39.565 , 43.4 , 41.3 , 2.100002
39.566 , 43.42 , 41.3 , 2.119999
39.568 , 43.4 , 41.29 , 2.110001
39.569 , 43.37 , 41.29 , 2.079998
39.571 , 43.42 , 41.28 , 2.139999
39.573 , 43.4 , 41.28 , 2.120003
39.574 , 43.37 , 41.27 , 2.099998
39.576 , 43.33 , 41.27 , 2.060001
39.577 , 43.33 , 41.26 , 2.070004
39.579 , 43.33 , 41.26 , 2.070004
39.58 , 43.33 , 41.26 , 2.070004
39.582 , 43.31 , 41.25 , 2.060001
39.583 , 43.37 , 41.25 , 2.119999
39.585 , 43.33 , 41.24 , 2.09
39.586 , 43.37 , 41.24 , 2.129997
39.588 , 43.33 , 41.23 , 2.100002
39.59 , 43.31 , 41.23 , 2.080002
39.591 , 43.31 , 41.22 , 2.09
39.593 , 43.31 , 41.22 , 2.09
39.594 , 43.33 , 41.21 , 2.120003
39.596 , 43.31 , 41.21 , 2.100002
39.597 , 43.26 , 41.2 , 2.059998
39.599 , 43.31 , 41.2 , 2.110001
39.6 , 43.31 , 41.2 , 2.110001
39.602 , 43.26 , 41.19 , 2.07
39.603 , 43.31 , 41.19 , 2.120003
39.605 , 43.31 , 41.18 , 2.130001
39.606 , 43.26 , 41.18 , 2.079998
39.608 , 43.31 , 41.17 , 2.140003
39.61 , 43.26 , 41.17 , 2.09
39.611 , 43.26 , 41.16 , 2.099998
39.613 , 43.26 , 41.16 , 2.099998
39.614 , 43.31 , 41.15 , 2.16
39.616 , 43.26 , 41.15 , 2.109997
39.618 , 43.31 , 41.14 , 2.170002
39.619 , 43.26 , 41.14 , 2.119999
39.621 , 43.24 , 41.13 , 2.110001
39.622 , 43.24 , 41.13 , 2.110001
39.624 , 43.24 , 41.12 , 2.120003
39.625 , 43.24 , 41.12 , 2.120003
39.627 , 43.26 , 41.12 , 2.139999
39.628 , 43.19 , 41.11 , 2.079998
39.63 , 43.19 , 41.11 , 2.079998
39.632 , 43.19 , 41.1 , 2.09
39.633 , 43.24 , 41.1 , 2.140003
39.635 , 43.24 , 41.09 , 2.150002
39.636 , 43.24 , 41.09 , 2.150002
39.638 , 43.24 , 41.08 , 2.16
39.639 , 43.17 , 41.08 , 2.089996
39.641 , 43.17 , 41.07 , 2.099998
39.643 , 43.19 , 41.07 , 2.119999
39.644 , 43.19 , 41.06 , 2.129997
39.646 , 43.17 , 41.06 , 2.109997
39.647 , 43.14 , 41.06 , 2.079998
39.649 , 43.14 , 41.05 , 2.09
39.651 , 43.1 , 41.04 , 2.059998
39.652 , 43.14 , 41.04 , 2.099998
39.654 , 43.14 , 41.03 , 2.110001
39.655 , 43.1 , 41.03 , 2.07
39.657 , 43.1 , 41.03 , 2.07
39.659 , 43.1 , 41.02 , 2.079998
39.66 , 43.08 , 41.02 , 2.060001
39.662 , 43.08 , 41.01 , 2.070004
39.663 , 43.03 , 41.01 , 2.02
39.665 , 43.03 , 41.0 , 2.029999
39.666 , 43.03 , 41.0 , 2.029999
39.668 , 43.03 , 40.99 , 2.039997
39.67 , 43.01 , 40.99 , 2.019997
39.671 , 42.98 , 40.98 , 2.0
39.673 , 43.03 , 40.98 , 2.049999
39.674 , 43.01 , 40.97 , 2.039997
39.676 , 42.98 , 40.97 , 2.009998
39.678 , 42.98 , 40.96 , 2.02
39.679 , 42.94 , 40.96 , 1.98
39.681 , 42.94 , 40.95 , 1.989998
39.683 , 42.94 , 40.95 , 1.989998
39.684 , 42.98 , 40.94 , 2.040001
39.686 , 42.94 , 40.94 , 2.0
39.687 , 42.94 , 40.94 , 2.0
39.689 , 42.92 , 40.93 , 1.989998
39.691 , 42.92 , 40.92 , 2.0
39.692 , 42.92 , 40.92 , 2.0
39.694 , 42.94 , 40.91 , 2.029999
39.695 , 42.94 , 40.91 , 2.029999
39.697 , 42.92 , 40.91 , 2.009998
39.699 , 42.94 , 40.9 , 2.039997
39.7 , 42.92 , 40.9 , 2.019997
39.702 , 42.92 , 40.89 , 2.029999
39.704 , 42.92 , 40.89 , 2.029999
39.705 , 42.92 , 40.88 , 2.039997
39.707 , 42.94 , 40.88 , 2.059998
39.708 , 42.92 , 40.87 , 2.049999
39.71 , 42.92 , 40.87 , 2.049999
39.712 , 42.92 , 40.86 , 2.059998
39.713 , 42.92 , 40.86 , 2.059998
39.715 , 42.92 , 40.85 , 2.07
39.717 , 42.92 , 40.85 , 2.07
39.718 , 42.92 , 40.84 , 2.079998
39.72 , 42.94 , 40.84 , 2.099998
39.721 , 42.87 , 40.83 , 2.039997
39.723 , 42.92 , 40.83 , 2.089996
39.725 , 42.92 , 40.82 , 2.099998
39.726 , 42.92 , 40.82 , 2.099998
39.728 , 42.92 , 40.81 , 2.109997
39.73 , 42.92 , 40.81 , 2.109997
39.731 , 42.92 , 40.8 , 2.119999
39.733 , 42.92 , 40.8 , 2.119999
39.734 , 42.94 , 40.8 , 2.139999
39.736 , 42.94 , 40.79 , 2.149998
39.738 , 42.92 , 40.78 , 2.139999
39.739 , 42.92 , 40.78 , 2.139999
39.741 , 42.92 , 40.77 , 2.149998
39.743 , 42.92 , 40.77 , 2.149998
39.744 , 42.94 , 40.77 , 2.169998
39.746 , 42.87 , 40.76 , 2.110001
39.748 , 42.92 , 40.75 , 2.169998
39.749 , 42.94 , 40.75 , 2.189999
39.751 , 42.94 , 40.74 , 2.199997
39.752 , 42.92 , 40.74 , 2.179996
39.754 , 42.92 , 40.74 , 2.179996
39.756 , 42.94 , 40.73 , 2.209999
39.757 , 42.92 , 40.73 , 2.189999
39.759 , 42.92 , 40.72 , 2.199997
39.76 , 42.87 , 40.72 , 2.149998
39.762 , 42.87 , 40.71 , 2.16
39.764 , 42.87 , 40.71 , 2.16
39.765 , 42.87 , 40.7 , 2.169998
39.767 , 42.85 , 40.7 , 2.149998
39.769 , 42.8 , 40.69 , 2.110001
39.77 , 42.85 , 40.69 , 2.16
39.772 , 42.85 , 40.68 , 2.169998
39.774 , 42.8 , 40.68 , 2.119999
39.775 , 42.78 , 40.67 , 2.110001
39.777 , 42.78 , 40.67 , 2.110001
39.778 , 42.78 , 40.66 , 2.119999
39.78 , 42.8 , 40.66 , 2.139999
39.782 , 42.8 , 40.65 , 2.149998
39.783 , 42.78 , 40.65 , 2.129997
39.785 , 42.8 , 40.64 , 2.16
39.787 , 42.78 , 40.64 , 2.139999
39.788 , 42.78 , 40.63 , 2.149998
39.79 , 42.78 , 40.63 , 2.149998
39.792 , 42.78 , 40.62 , 2.16
39.793 , 42.76 , 40.62 , 2.139999
39.795 , 42.8 , 40.61 , 2.189999
39.797 , 42.78 , 40.61 , 2.169998
39.798 , 42.78 , 40.6 , 2.18
39.8 , 42.76 , 40.6 , 2.16
39.801 , 42.78 , 40.6 , 2.18
39.803 , 42.78 , 40.59 , 2.189999
39.805 , 42.76 , 40.58 , 2.179996
39.806 , 42.76 , 40.58 , 2.179996
39.808 , 42.78 , 40.57 , 2.209999
39.81 , 42.76 , 40.57 , 2.189999
39.811 , 42.76 , 40.57 , 2.189999
39.813 , 42.78 , 40.56 , 2.219997
39.815 , 42.76 , 40.55 , 2.209999
39.816 , 42.76 , 40.55 , 2.209999
39.818 , 42.76 , 40.54 , 2.219997
39.819 , 42.76 , 40.54 , 2.219997
39.821 , 42.71 , 40.54 , 2.169998
39.823 , 42.76 , 40.53 , 2.23
39.824 , 42.76 , 40.53 , 2.23
39.826 , 42.71 , 40.52 , 2.189999
39.827 , 42.71 , 40.52 , 2.189999
39.829 , 42.71 , 40.51 , 2.200001
39.831 , 42.71 , 40.51 , 2.200001
39.832 , 42.71 , 40.5 , 2.209999
39.834 , 42.69 , 40.5 , 2.189999
39.835 , 42.69 , 40.49 , 2.199997
39.837 , 42.69 , 40.49 , 2.199997
39.839 , 42.69 , 40.48 , 2.209999
39.84 , 42.69 , 40.48 , 2.209999
39.842 , 42.64 , 40.47 , 2.169998
39.844 , 42.64 , 40.47 , 2.169998
39.845 , 42.69 , 40.46 , 2.23
39.847 , 42.69 , 40.46 , 2.23
39.848 , 42.71 , 40.45 , 2.259998
39.85 , 42.69 , 40.45 , 2.239998
39.852 , 42.69 , 40.44 , 2.25
39.853 , 42.69 , 40.44 , 2.25
39.855 , 42.64 , 40.43 , 2.209999
39.856 , 42.64 , 40.43 , 2.209999
39.858 , 42.69 , 40.42 , 2.27
39.86 , 42.69 , 40.42 , 2.27
39.861 , 42.71 , 40.42 , 2.290001
39.863 , 42.69 , 40.41 , 2.279999
39.865 , 42.62 , 40.4 , 2.219997
39.866 , 42.64 , 40.4 , 2.239998
39.868 , 42.69 , 40.39 , 2.299999
39.869 , 42.64 , 40.39 , 2.25
39.871 , 42.69 , 40.39 , 2.299999
39.873 , 42.69 , 40.38 , 2.309998
39.874 , 42.64 , 40.38 , 2.259998
39.876 , 42.69 , 40.37 , 2.32
39.877 , 42.71 , 40.37 , 2.34
39.879 , 42.71 , 40.36 , 2.349998
39.881 , 42.69 , 40.36 , 2.329998
39.882 , 42.71 , 40.35 , 2.360001
39.884 , 42.71 , 40.35 , 2.360001
39.886 , 42.64 , 40.34 , 2.299999
39.887 , 42.64 , 40.34 , 2.299999
39.889 , 42.64 , 40.33 , 2.309998
39.89 , 42.62 , 40.33 , 2.289997
39.892 , 42.69 , 40.32 , 2.369999
39.894 , 42.69 , 40.32 , 2.369999
39.895 , 42.71 , 40.31 , 2.399998
39.897 , 42.71 , 40.31 , 2.399998
39.899 , 42.76 , 40.3 , 2.459999
39.9 , 42.76 , 40.3 , 2.459999
39.902 , 42.69 , 40.29 , 2.399998
39.903 , 42.64 , 40.29 , 2.349998
39.905 , 42.64 , 40.28 , 2.360001
39.907 , 42.64 , 40.28 , 2.360001
39.908 , 42.62 , 40.28 , 2.34
39.91 , 42.6 , 40.27 , 2.329998
39.912 , 42.55 , 40.26 , 2.290001
39.913 , 42.55 , 40.26 , 2.290001
39.915 , 42.53 , 40.25 , 2.279999
39.916 , 42.53 , 40.25 , 2.279999
39.918 , 42.53 , 40.25 , 2.279999
39.92 , 42.53 , 40.24 , 2.289997
39.921 , 42.55 , 40.24 , 2.309998
39.923 , 42.6 , 40.23 , 2.369999
39.924 , 42.55 , 40.23 , 2.32
39.926 , 42.6 , 40.22 , 2.379997
39.928 , 42.6 , 40.22 , 2.379997
39.929 , 42.6 , 40.21 , 2.389999
39.931 , 42.6 , 40.21 , 2.389999
39.933 , 42.55 , 40.2 , 2.349998
39.934 , 42.6 , 40.2 , 2.399998
39.936 , 42.55 , 40.19 , 2.360001
39.937 , 42.6 , 40.19 , 2.41
39.939 , 42.53 , 40.18 , 2.349998
39.941 , 42.6 , 40.18 , 2.419998
39.942 , 42.53 , 40.17 , 2.360001
39.944 , 42.46 , 40.17 , 2.290001
39.945 , 42.53 , 40.16 , 2.369999
39.947 , 42.53 , 40.16 , 2.369999
39.949 , 42.46 , 40.15 , 2.309998
39.95 , 42.39 , 40.15 , 2.239998
39.952 , 42.39 , 40.14 , 2.25
39.954 , 42.39 , 40.14 , 2.25
39.955 , 42.39 , 40.13 , 2.259998
39.957 , 42.37 , 40.13 , 2.239998
39.958 , 42.37 , 40.13 , 2.239998
39.96 , 42.37 , 40.12 , 2.25
39.962 , 42.39 , 40.11 , 2.279999
39.963 , 42.44 , 40.11 , 2.329998
39.965 , 42.39 , 40.1 , 2.290001
39.966 , 42.37 , 40.1 , 2.27
39.968 , 42.3 , 40.1 , 2.200001
39.97 , 42.37 , 40.09 , 2.279999
39.971 , 42.3 , 40.09 , 2.209999
39.973 , 42.32 , 40.08 , 2.239998
39.974 , 42.37 , 40.08 , 2.289997
39.976 , 42.37 , 40.07 , 2.299999
39.978 , 42.32 , 40.07 , 2.25
39.979 , 42.32 , 40.06 , 2.259998
39.981 , 42.3 , 40.06 , 2.239998
39.982 , 42.3 , 40.05 , 2.25
39.984 , 42.25 , 40.05 , 2.200001
39.986 , 42.3 , 40.04 , 2.259998
39.987 , 42.3 , 40.04 , 2.259998
39.989 , 42.3 , 40.03 , 2.27
39.99 , 42.25 , 40.03 , 2.220001
39.992 , 42.3 , 40.02 , 2.279999
39.994 , 42.3 , 40.02 , 2.279999
39.995 , 42.3 , 40.01 , 2.290001
39.997 , 42.3 , 40.01 , 2.290001
39.998 , 42.25 , 40.01 , 2.240002
40.0 , 42.23 , 40.0 , 2.23
40.001 , 42.25 , 40.0 , 2.25
40.003 , 42.21 , 39.99 , 2.219997
40.005 , 42.16 , 39.99 , 2.169998
40.006 , 42.16 , 39.98 , 2.18
40.008 , 42.14 , 39.98 , 2.16
40.009 , 42.07 , 39.97 , 2.099998
40.011 , 42.05 , 39.97 , 2.079998
40.013 , 42.05 , 39.96 , 2.09
40.014 , 42.0 , 39.96 , 2.040001
40.016 , 41.98 , 39.95 , 2.029999
40.017 , 41.98 , 39.95 , 2.029999
40.019 , 41.93 , 39.94 , 1.990002
40.02 , 41.93 , 39.94 , 1.990002
40.022 , 41.93 , 39.93 , 2.0
40.032 , 41.86 , 39.9 , 1.959999
40.033 , 41.93 , 39.9 , 2.029999
40.035 , 41.93 , 39.9 , 2.029999
40.036 , 42.05 , 39.89 , 2.16
40.038 , 42.0 , 39.89 , 2.110001
40.04 , 42.0 , 39.88 , 2.119999
40.041 , 41.91 , 39.88 , 2.029999
40.043 , 41.86 , 39.87 , 1.990002
40.044 , 41.77 , 39.87 , 1.900002
40.046 , 41.77 , 39.86 , 1.91
40.047 , 41.77 , 39.86 , 1.91
40.049 , 41.82 , 39.85 , 1.970001
40.051 , 41.84 , 39.85 , 1.990002
40.052 , 41.91 , 39.84 , 2.07
40.054 , 41.98 , 39.84 , 2.139999
40.055 , 41.98 , 39.84 , 2.139999
40.057 , 42.0 , 39.83 , 2.169998
40.059 , 42.07 , 39.82 , 2.25
40.06 , 42.07 , 39.82 , 2.25
40.062 , 42.07 , 39.81 , 2.259998
40.063 , 42.0 , 39.81 , 2.189999
40.065 , 41.86 , 39.81 , 2.049999
40.066 , 41.84 , 39.8 , 2.040001
40.068 , 41.86 , 39.8 , 2.060001
40.07 , 41.98 , 39.79 , 2.189999
40.071 , 42.0 , 39.79 , 2.209999
40.073 , 41.98 , 39.78 , 2.200001
40.074 , 41.98 , 39.78 , 2.200001
40.076 , 41.93 , 39.77 , 2.16
40.078 , 41.91 , 39.77 , 2.139999
40.079 , 41.93 , 39.76 , 2.170002
40.081 , 41.93 , 39.76 , 2.170002
40.082 , 41.91 , 39.75 , 2.16
40.084 , 41.93 , 39.75 , 2.18
40.085 , 41.93 , 39.75 , 2.18
40.087 , 41.91 , 39.74 , 2.169998
40.089 , 41.86 , 39.73 , 2.130001
40.09 , 41.84 , 39.73 , 2.110001
40.092 , 41.86 , 39.72 , 2.139999
40.093 , 41.84 , 39.72 , 2.119999
40.095 , 41.84 , 39.72 , 2.119999
40.096 , 41.82 , 39.71 , 2.110001
40.098 , 41.75 , 39.71 , 2.040001
40.099 , 41.77 , 39.7 , 2.07
40.101 , 41.75 , 39.7 , 2.049999
40.102 , 41.7 , 39.7 , 2.0
40.104 , 41.75 , 39.69 , 2.060001
40.105 , 41.7 , 39.69 , 2.010002
40.107 , 41.7 , 39.68 , 2.02
40.108 , 41.7 , 39.68 , 2.02
40.11 , 41.7 , 39.67 , 2.030003
40.111 , 41.7 , 39.67 , 2.030003
40.113 , 41.7 , 39.66 , 2.040001
40.115 , 41.68 , 39.66 , 2.02
40.116 , 41.68 , 39.65 , 2.029999
40.118 , 41.66 , 39.65 , 2.009998
40.119 , 41.66 , 39.64 , 2.02
40.121 , 41.66 , 39.64 , 2.02
40.122 , 41.7 , 39.64 , 2.060001
40.124 , 41.61 , 39.63 , 1.98
40.125 , 41.66 , 39.63 , 2.029999
40.127 , 41.66 , 39.62 , 2.040001
40.129 , 41.59 , 39.61 , 1.98
40.13 , 41.61 , 39.61 , 2.0
40.132 , 41.61 , 39.61 , 2.0
40.133 , 41.61 , 39.6 , 2.010002
40.135 , 41.61 , 39.6 , 2.010002
40.136 , 41.66 , 39.59 , 2.07
40.138 , 41.66 , 39.59 , 2.07
40.139 , 41.68 , 39.58 , 2.099998
40.141 , 41.66 , 39.58 , 2.079998
40.143 , 41.61 , 39.57 , 2.040001
40.144 , 41.59 , 39.57 , 2.02
40.146 , 41.61 , 39.56 , 2.049999
40.147 , 41.54 , 39.56 , 1.98
40.149 , 41.59 , 39.55 , 2.040001
40.15 , 41.59 , 39.55 , 2.040001
40.152 , 41.52 , 39.55 , 1.970001
40.153 , 41.52 , 39.54 , 1.98
40.155 , 41.54 , 39.54 , 2.0
40.156 , 41.52 , 39.53 , 1.990002
40.158 , 41.52 , 39.53 , 1.990002
40.16 , 41.52 , 39.52 , 2.0
40.161 , 41.54 , 39.52 , 2.02
40.163 , 41.5 , 39.51 , 1.990002
40.164 , 41.5 , 39.51 , 1.990002
40.166 , 41.45 , 39.5 , 1.950001
40.167 , 41.5 , 39.5 , 2.0
40.169 , 41.45 , 39.49 , 1.959999
40.17 , 41.43 , 39.49 , 1.939999
40.172 , 41.43 , 39.49 , 1.939999
40.173 , 41.45 , 39.48 , 1.970001
40.175 , 41.38 , 39.48 , 1.900002
40.176 , 41.43 , 39.47 , 1.959999
40.178 , 41.43 , 39.47 , 1.959999
40.179 , 41.43 , 39.46 , 1.970001
40.181 , 41.43 , 39.46 , 1.970001
40.183 , 41.38 , 39.45 , 1.93
40.184 , 41.38 , 39.45 , 1.93
40.186 , 41.38 , 39.44 , 1.940002
40.187 , 41.38 , 39.44 , 1.940002
40.189 , 41.36 , 39.43 , 1.93
40.19 , 41.38 , 39.43 , 1.950001
40.192 , 41.38 , 39.43 , 1.950001
40.193 , 41.38 , 39.42 , 1.960003
40.195 , 41.38 , 39.42 , 1.960003
40.196 , 41.36 , 39.41 , 1.950001
40.198 , 41.36 , 39.41 , 1.950001
40.2 , 41.36 , 39.4 , 1.959999
40.201 , 41.38 , 39.4 , 1.98
40.203 , 41.36 , 39.39 , 1.970001
40.204 , 41.36 , 39.39 , 1.970001
40.206 , 41.38 , 39.38 , 2.0
40.207 , 41.36 , 39.38 , 1.98
40.209 , 41.36 , 39.38 , 1.98
40.21 , 41.36 , 39.37 , 1.990002
40.212 , 41.36 , 39.37 , 1.990002
40.213 , 41.36 , 39.36 , 2.0
40.215 , 41.36 , 39.36 , 2.0
40.216 , 41.31 , 39.35 , 1.960003
40.218 , 41.36 , 39.35 , 2.010002
40.219 , 41.31 , 39.35 , 1.960003
40.221 , 41.31 , 39.34 , 1.970001
40.222 , 41.29 , 39.34 , 1.950001
40.224 , 41.31 , 39.33 , 1.98
40.225 , 41.31 , 39.33 , 1.98
40.227 , 41.29 , 39.32 , 1.970001
40.229 , 41.27 , 39.32 , 1.950001
40.23 , 41.29 , 39.31 , 1.98
40.232 , 41.31 , 39.31 , 2.0
40.233 , 41.27 , 39.3 , 1.970001
40.235 , 41.27 , 39.3 , 1.970001
40.236 , 41.27 , 39.29 , 1.98
40.238 , 41.22 , 39.29 , 1.93
40.239 , 41.22 , 39.29 , 1.93
40.241 , 41.2 , 39.28 , 1.920002
40.242 , 41.22 , 39.28 , 1.940002
40.244 , 41.2 , 39.27 , 1.93
40.245 , 41.15 , 39.27 , 1.880001
40.247 , 41.2 , 39.26 , 1.940002
40.248 , 41.13 , 39.26 , 1.870003
40.25 , 41.22 , 39.25 , 1.970001
40.251 , 41.2 , 39.25 , 1.950001
40.253 , 41.15 , 39.24 , 1.91
40.255 , 41.15 , 39.24 , 1.91
40.256 , 41.13 , 39.23 , 1.900002
40.258 , 41.13 , 39.23 , 1.900002
40.259 , 41.13 , 39.23 , 1.900002
40.261 , 41.13 , 39.22 , 1.91
40.262 , 41.13 , 39.22 , 1.91
40.264 , 41.13 , 39.21 , 1.920002
40.265 , 41.11 , 39.21 , 1.900002
40.267 , 41.13 , 39.2 , 1.93
40.268 , 41.13 , 39.2 , 1.93
40.27 , 41.13 , 39.19 , 1.940002
40.271 , 41.11 , 39.19 , 1.920002
40.273 , 41.06 , 39.18 , 1.880001
40.274 , 41.06 , 39.18 , 1.880001
40.276 , 41.04 , 39.17 , 1.870003
40.277 , 41.06 , 39.17 , 1.890003
40.279 , 41.04 , 39.17 , 1.870003
40.281 , 41.04 , 39.16 , 1.880001
40.282 , 41.04 , 39.16 , 1.880001
40.284 , 41.04 , 39.15 , 1.889999
40.285 , 40.97 , 39.15 , 1.82
40.287 , 40.97 , 39.14 , 1.830002
40.288 , 40.97 , 39.14 , 1.830002
40.29 , 40.99 , 39.13 , 1.860001
40.291 , 40.97 , 39.13 , 1.84
40.293 , 40.97 , 39.12 , 1.850002
40.294 , 40.95 , 39.12 , 1.830002
40.296 , 40.97 , 39.11 , 1.860001
40.298 , 40.97 , 39.11 , 1.860001
40.299 , 40.9 , 39.11 , 1.790001
40.301 , 40.97 , 39.1 , 1.870003
40.302 , 40.95 , 39.1 , 1.850002
40.304 , 40.9 , 39.09 , 1.810001
40.305 , 40.9 , 39.09 , 1.810001
40.307 , 40.88 , 39.08 , 1.799999
40.308 , 40.88 , 39.08 , 1.799999
40.31 , 40.83 , 39.07 , 1.760002
40.311 , 40.88 , 39.07 , 1.810001
40.313 , 40.83 , 39.06 , 1.77
40.314 , 40.83 , 39.06 , 1.77
40.316 , 40.83 , 39.06 , 1.77
40.317 , 40.83 , 39.05 , 1.780003
40.319 , 40.81 , 39.05 , 1.760002
40.32 , 40.83 , 39.04 , 1.790001
40.322 , 40.76 , 39.04 , 1.719997
40.324 , 40.81 , 39.03 , 1.780003
40.325 , 40.76 , 39.03 , 1.73
40.327 , 40.72 , 39.02 , 1.700001
40.328 , 40.72 , 39.02 , 1.700001
40.33 , 40.72 , 39.01 , 1.710003
40.331 , 40.72 , 39.01 , 1.710003
40.333 , 40.7 , 39.0 , 1.700001
40.334 , 40.72 , 39.0 , 1.720001
40.336 , 40.7 , 39.0 , 1.700001
40.337 , 40.7 , 38.99 , 1.709999
40.339 , 40.65 , 38.99 , 1.66
40.34 , 40.63 , 38.98 , 1.650002
40.342 , 40.65 , 38.98 , 1.670002
40.343 , 40.65 , 38.97 , 1.68
40.345 , 40.65 , 38.97 , 1.68
40.347 , 40.63 , 38.96 , 1.670002
40.348 , 40.65 , 38.96 , 1.690002
40.35 , 40.63 , 38.95 , 1.68
40.351 , 40.63 , 38.95 , 1.68
40.353 , 40.58 , 38.94 , 1.640003
40.354 , 40.58 , 38.94 , 1.640003
40.356 , 40.56 , 38.94 , 1.620003
40.357 , 40.54 , 38.93 , 1.610001
40.359 , 40.58 , 38.93 , 1.650002
40.36 , 40.56 , 38.92 , 1.640003
40.362 , 40.56 , 38.92 , 1.640003
40.363 , 40.56 , 38.91 , 1.650002
40.365 , 40.56 , 38.91 , 1.650002
40.367 , 40.54 , 38.9 , 1.639999
40.368 , 40.54 , 38.9 , 1.639999
40.37 , 40.54 , 38.89 , 1.650002
40.371 , 40.54 , 38.89 , 1.650002
40.373 , 40.54 , 38.88 , 1.66
40.374 , 40.54 , 38.88 , 1.66
40.376 , 40.49 , 38.88 , 1.610001
40.377 , 40.54 , 38.87 , 1.670002
40.379 , 40.49 , 38.87 , 1.620003
40.381 , 40.47 , 38.86 , 1.610001
40.382 , 40.47 , 38.86 , 1.610001
40.384 , 40.47 , 38.85 , 1.620003
40.385 , 40.42 , 38.85 , 1.57
40.387 , 40.47 , 38.84 , 1.630001
40.388 , 40.42 , 38.84 , 1.579998
40.39 , 40.42 , 38.83 , 1.589996
40.392 , 40.42 , 38.83 , 1.589996
40.393 , 40.4 , 38.82 , 1.580002
40.395 , 40.4 , 38.82 , 1.580002
40.396 , 40.4 , 38.82 , 1.580002
40.398 , 40.4 , 38.81 , 1.59
40.399 , 40.35 , 38.81 , 1.539997
40.401 , 40.35 , 38.8 , 1.549999
40.403 , 40.33 , 38.8 , 1.530003
40.404 , 40.33 , 38.79 , 1.540001
40.406 , 40.33 , 38.79 , 1.540001
40.407 , 40.31 , 38.78 , 1.530003
40.409 , 40.31 , 38.78 , 1.530003
40.41 , 40.31 , 38.77 , 1.540001
40.412 , 40.31 , 38.77 , 1.540001
40.413 , 40.31 , 38.77 , 1.540001
40.415 , 40.31 , 38.76 , 1.550003
40.416 , 40.24 , 38.76 , 1.480003
40.418 , 40.19 , 38.75 , 1.439999
40.419 , 40.24 , 38.75 , 1.490002
40.421 , 40.19 , 38.74 , 1.449997
40.423 , 40.17 , 38.74 , 1.429996
40.424 , 40.17 , 38.73 , 1.439999
40.426 , 40.17 , 38.73 , 1.439999
40.427 , 40.17 , 38.72 , 1.449997
40.429 , 40.15 , 38.72 , 1.43
40.431 , 40.15 , 38.71 , 1.440002
40.432 , 40.1 , 38.71 , 1.389999
40.434 , 40.1 , 38.7 , 1.399998
40.435 , 40.1 , 38.7 , 1.399998
40.437 , 40.1 , 38.69 , 1.41
40.439 , 40.08 , 38.69 , 1.390003
40.44 , 40.08 , 38.68 , 1.400002
40.442 , 40.08 , 38.68 , 1.400002
40.443 , 40.03 , 38.68 , 1.349998
40.445 , 40.03 , 38.67 , 1.360001
40.446 , 40.03 , 38.67 , 1.360001
40.448 , 40.03 , 38.66 , 1.369999
40.45 , 40.01 , 38.65 , 1.359997
40.451 , 40.01 , 38.65 , 1.359997
40.453 , 40.01 , 38.65 , 1.359997
40.454 , 39.99 , 38.64 , 1.350002